BEGINPOMDP
INITIALSTATE: 105409
STATES: 106372,106374,105789,105790,105409,105410,105669,105670,105672,105673,105423,105424,105807,105426,105427,105555,105557,105431,105852,105433,105435,105691,105692,105448,105449,105466,105851,105468,105853,105854
REWARDS: 106372:0,106374:0,105789:0,105790:0,105409:0,105410:0,105669:0,105670:0,105672:0,105673:0,105423:0,105424:0,105807:0,105426:0,105427:0,105555:0,105557:0,105431:0,105852:0,105433:0,105435:0,105691:0,105692:0,105448:0,105449:1,105466:0,105851:0,105468:0,105853:0,105854:0
GAMMA: 106372:0,106374:0,105789:0,105790:0,105409:0,105410:0,105669:0,105670:0,105672:0,105673:0,105423:0,105424:0,105807:0,105426:0,105427:0,105555:0,105557:0,105431:0,105852:0,105433:0,105435:0,105691:0,105692:0,105448:0,105449:0,105466:0,105851:0,105468:0,105853:0,105854:0
BEGINACTIONS
SX
RZPI
RZ3PI
RZPIHalf
S
X
ENDACTIONS
105409 INIT_ 105410 1.000000
105409 SX 105789 0.996230
105409 SX 105790 0.003481
105409 SX 105409 0.000289
105409 RZPI 105409 1.000000
105409 RZ3PI 105409 1.000000
105409 RZPIHalf 105409 1.000000
105409 S 105409 1.000000
105409 X 105807 0.996318
105409 X 105409 0.003682
105410 SX 105423 0.994533
105410 SX 105424 0.001785
105410 SX 105426 0.001697
105410 SX 105427 0.001697
105410 RZPI 105410 1.000000
105410 RZ3PI 105431 1.000000
105410 RZPIHalf 105433 1.000000
105410 S 105435 1.000000
105410 X 105448 0.994533
105410 X 105449 0.001785
105410 X 105409 0.000289
105410 X 105410 0.001697
105410 X 105431 0.001697
105423 SX 105448 0.994533
105423 SX 105449 0.001785
105423 SX 105409 0.000288
105423 SX 105410 0.001697
105423 SX 105431 0.001697
105423 RZPI 105423 1.000000
105423 RZ3PI 105424 1.000000
105423 RZPIHalf 105466 1.000000
105423 S 105468 1.000000
105423 X 105426 0.994533
105423 X 105427 0.001785
105423 X 105423 0.001697
105423 X 105424 0.001697
105424 SX 105431 0.994533
105424 SX 105410 0.001785
105424 SX 105409 0.000288
105424 SX 105449 0.001697
105424 SX 105448 0.001697
105424 RZPI 105424 1.000000
105424 RZ3PI 105423 1.000000
105424 RZPIHalf 105468 1.000000
105424 S 105466 1.000000
105424 X 105427 0.994533
105424 X 105426 0.001785
105424 X 105424 0.001697
105424 X 105423 0.001697
105426 SX 105410 0.994533
105426 SX 105431 0.001785
105426 SX 105448 0.001697
105426 SX 105449 0.001697
105426 SX 105409 0.000001
105426 RZPI 105426 1.000000
105426 RZ3PI 105427 1.000000
105426 RZPIHalf 105555 1.000000
105426 S 105557 1.000000
105426 X 105423 0.994533
105426 X 105424 0.001785
105426 X 105426 0.001697
105426 X 105427 0.001697
105427 SX 105449 0.994533
105427 SX 105448 0.001785
105427 SX 105431 0.001697
105427 SX 105410 0.001697
105427 SX 105409 0.000001
105427 RZPI 105427 1.000000
105427 RZ3PI 105426 1.000000
105427 RZPIHalf 105557 1.000000
105427 S 105555 1.000000
105427 X 105424 0.994533
105427 X 105423 0.001785
105427 X 105427 0.001697
105427 X 105426 0.001697
105431 SX 105427 0.994533
105431 SX 105426 0.001785
105431 SX 105424 0.001697
105431 SX 105423 0.001697
105431 RZPI 105431 1.000000
105431 RZ3PI 105410 1.000000
105431 RZPIHalf 105435 1.000000
105431 S 105433 1.000000
105431 X 105449 0.994533
105431 X 105448 0.001785
105431 X 105409 0.000288
105431 X 105431 0.001697
105431 X 105410 0.001697
105433 SX 105669 0.994533
105433 SX 105670 0.001785
105433 SX 105672 0.001697
105433 SX 105673 0.001697
105433 RZPI 105433 1.000000
105433 RZ3PI 105435 1.000000
105433 RZPIHalf 105431 1.000000
105433 S 105410 1.000000
105433 X 105691 0.994533
105433 X 105692 0.001785
105433 X 105409 0.000287
105433 X 105433 0.001697
105433 X 105435 0.001697
105435 SX 105673 0.994533
105435 SX 105672 0.001785
105435 SX 105670 0.001697
105435 SX 105669 0.001697
105435 RZPI 105435 1.000000
105435 RZ3PI 105433 1.000000
105435 RZPIHalf 105410 1.000000
105435 S 105431 1.000000
105435 X 105692 0.994533
105435 X 105691 0.001785
105435 X 105409 0.000288
105435 X 105435 0.001697
105435 X 105433 0.001697
105448 SX 105426 0.994533
105448 SX 105427 0.001785
105448 SX 105423 0.001697
105448 SX 105424 0.001697
105448 RZPI 105448 1.000000
105448 RZ3PI 105449 1.000000
105448 RZPIHalf 105692 1.000000
105448 S 105691 1.000000
105448 X 105410 0.994533
105448 X 105431 0.001785
105448 X 105409 0.000287
105448 X 105448 0.001697
105448 X 105449 0.001697
105449 SX 105424 0.994533
105449 SX 105423 0.001785
105449 SX 105427 0.001697
105449 SX 105426 0.001697
105449 RZPI 105449 1.000000
105449 RZ3PI 105448 1.000000
105449 RZPIHalf 105691 1.000000
105449 S 105692 1.000000
105449 X 105431 0.994533
105449 X 105410 0.001785
105449 X 105409 0.000288
105449 X 105449 0.001697
105449 X 105448 0.001697
105466 SX 105851 0.994533
105466 SX 105852 0.001785
105466 SX 105853 0.001697
105466 SX 105854 0.001697
105466 RZPI 105466 1.000000
105466 RZ3PI 105468 1.000000
105466 RZPIHalf 105424 1.000000
105466 S 105423 1.000000
105466 X 105557 0.994533
105466 X 105555 0.001785
105466 X 105466 0.001697
105466 X 105468 0.001697
105468 SX 105854 0.994533
105468 SX 105853 0.001785
105468 SX 105852 0.001697
105468 SX 105851 0.001697
105468 RZPI 105468 1.000000
105468 RZ3PI 105466 1.000000
105468 RZPIHalf 105423 1.000000
105468 S 105424 1.000000
105468 X 105555 0.994533
105468 X 105557 0.001785
105468 X 105468 0.001697
105468 X 105466 0.001697
105555 SX 105852 0.994533
105555 SX 105851 0.001785
105555 SX 105854 0.001697
105555 SX 105853 0.001697
105555 RZPI 105555 1.000000
105555 RZ3PI 105557 1.000000
105555 RZPIHalf 105427 1.000000
105555 S 105426 1.000000
105555 X 105468 0.994533
105555 X 105466 0.001785
105555 X 105555 0.001697
105555 X 105557 0.001697
105557 SX 105853 0.994533
105557 SX 105854 0.001785
105557 SX 105851 0.001697
105557 SX 105852 0.001697
105557 RZPI 105557 1.000000
105557 RZ3PI 105555 1.000000
105557 RZPIHalf 105426 1.000000
105557 S 105427 1.000000
105557 X 105466 0.994533
105557 X 105468 0.001785
105557 X 105557 0.001697
105557 X 105555 0.001697
105669 SX 105691 0.994533
105669 SX 105692 0.001785
105669 SX 105433 0.001697
105669 SX 105435 0.001697
105669 SX 105409 0.000000
105669 RZPI 105669 1.000000
105669 RZ3PI 105670 1.000000
105669 RZPIHalf 105851 1.000000
105669 S 105852 1.000000
105669 X 105672 0.994533
105669 X 105673 0.001785
105669 X 105669 0.001697
105669 X 105670 0.001697
105670 SX 105435 0.994533
105670 SX 105433 0.001785
105670 SX 105409 0.000288
105670 SX 105692 0.001697
105670 SX 105691 0.001697
105670 RZPI 105670 1.000000
105670 RZ3PI 105669 1.000000
105670 RZPIHalf 105852 1.000000
105670 S 105851 1.000000
105670 X 105673 0.994533
105670 X 105672 0.001785
105670 X 105670 0.001697
105670 X 105669 0.001697
105672 SX 105433 0.994533
105672 SX 105435 0.001785
105672 SX 105409 0.000288
105672 SX 105691 0.001697
105672 SX 105692 0.001697
105672 RZPI 105672 1.000000
105672 RZ3PI 105673 1.000000
105672 RZPIHalf 105854 1.000000
105672 S 105853 1.000000
105672 X 105669 0.994533
105672 X 105670 0.001785
105672 X 105672 0.001697
105672 X 105673 0.001697
105673 SX 105692 0.994533
105673 SX 105691 0.001785
105673 SX 105409 0.000288
105673 SX 105435 0.001697
105673 SX 105433 0.001697
105673 RZPI 105673 1.000000
105673 RZ3PI 105672 1.000000
105673 RZPIHalf 105853 1.000000
105673 S 105854 1.000000
105673 X 105670 0.994533
105673 X 105669 0.001785
105673 X 105673 0.001697
105673 X 105672 0.001697
105691 SX 105672 0.994533
105691 SX 105673 0.001785
105691 SX 105669 0.001697
105691 SX 105670 0.001697
105691 RZPI 105691 1.000000
105691 RZ3PI 105692 1.000000
105691 RZPIHalf 105448 1.000000
105691 S 105449 1.000000
105691 X 105433 0.994533
105691 X 105435 0.001785
105691 X 105691 0.001697
105691 X 105692 0.001697
105691 X 105409 0.000000
105692 SX 105670 0.994533
105692 SX 105669 0.001785
105692 SX 105673 0.001697
105692 SX 105672 0.001697
105692 RZPI 105692 1.000000
105692 RZ3PI 105691 1.000000
105692 RZPIHalf 105449 1.000000
105692 S 105448 1.000000
105692 X 105435 0.994533
105692 X 105433 0.001785
105692 X 105692 0.001697
105692 X 105691 0.001697
105692 X 105409 0.000000
105789 SX 105807 0.996318
105789 SX 105409 0.003682
105789 RZPI 105789 1.000000
105789 RZ3PI 105790 1.000000
105789 RZPIHalf 106372 1.000000
105789 S 106374 1.000000
105789 X 105790 0.996230
105789 X 105789 0.003481
105789 X 105409 0.000289
105790 SX 105409 0.996607
105790 SX 105807 0.003393
105790 RZPI 105790 1.000000
105790 RZ3PI 105789 1.000000
105790 RZPIHalf 106374 1.000000
105790 S 106372 1.000000
105790 X 105789 0.996230
105790 X 105790 0.003481
105790 X 105409 0.000289
105807 SX 105790 0.996230
105807 SX 105789 0.003481
105807 SX 105409 0.000289
105807 RZPI 105807 1.000000
105807 RZ3PI 105807 1.000000
105807 RZPIHalf 105807 1.000000
105807 S 105807 1.000000
105807 X 105409 0.996607
105807 X 105807 0.003393
105851 SX 105557 0.994533
105851 SX 105555 0.001785
105851 SX 105466 0.001697
105851 SX 105468 0.001697
105851 RZPI 105851 1.000000
105851 RZ3PI 105852 1.000000
105851 RZPIHalf 105670 1.000000
105851 S 105669 1.000000
105851 X 105853 0.994533
105851 X 105854 0.001785
105851 X 105851 0.001697
105851 X 105852 0.001697
105852 SX 105468 0.994533
105852 SX 105466 0.001785
105852 SX 105555 0.001697
105852 SX 105557 0.001697
105852 RZPI 105852 1.000000
105852 RZ3PI 105851 1.000000
105852 RZPIHalf 105669 1.000000
105852 S 105670 1.000000
105852 X 105854 0.994533
105852 X 105853 0.001785
105852 X 105852 0.001697
105852 X 105851 0.001697
105853 SX 105466 0.994533
105853 SX 105468 0.001785
105853 SX 105557 0.001697
105853 SX 105555 0.001697
105853 RZPI 105853 1.000000
105853 RZ3PI 105854 1.000000
105853 RZPIHalf 105672 1.000000
105853 S 105673 1.000000
105853 X 105851 0.994533
105853 X 105852 0.001785
105853 X 105853 0.001697
105853 X 105854 0.001697
105854 SX 105555 0.994533
105854 SX 105557 0.001785
105854 SX 105468 0.001697
105854 SX 105466 0.001697
105854 RZPI 105854 1.000000
105854 RZ3PI 105853 1.000000
105854 RZPIHalf 105673 1.000000
105854 S 105672 1.000000
105854 X 105852 0.994533
105854 X 105851 0.001785
105854 X 105854 0.001697
105854 X 105853 0.001697
106372 SX 106372 0.996230
106372 SX 106374 0.003481
106372 SX 105409 0.000289
106372 RZPI 106372 1.000000
106372 RZ3PI 106374 1.000000
106372 RZPIHalf 105790 1.000000
106372 S 105789 1.000000
106372 X 106372 0.996230
106372 X 106374 0.003481
106372 X 105409 0.000289
106374 SX 106374 0.996230
106374 SX 106372 0.003481
106374 SX 105409 0.000289
106374 RZPI 106374 1.000000
106374 RZ3PI 106372 1.000000
106374 RZPIHalf 105789 1.000000
106374 S 105790 1.000000
106374 X 106374 0.996230
106374 X 106372 0.003481
106374 X 105409 0.000289
ENDPOMDP
