BEGINPOMDP
INITIALSTATE: 110629
STATES: 110748,110749,110629,110630,110757,110761,110634,110635,110762,110639,110641,110770,110643,110771,110647,110648,110776,110775,110655,110657,110661,110662,110942,110944,110700,110701,110710,110711,110715,110716
REWARDS: 110748:0,110749:0,110629:0,110630:0,110757:0,110761:0,110634:0,110635:0,110762:0,110639:0,110641:0,110770:0,110643:0,110771:0,110647:0,110648:1,110776:0,110775:0,110655:0,110657:0,110661:0,110662:0,110942:0,110944:0,110700:0,110701:0,110710:0,110711:0,110715:0,110716:0
GAMMA: 110748:0,110749:0,110629:0,110630:0,110757:0,110761:0,110634:0,110635:0,110762:0,110639:0,110641:0,110770:0,110643:0,110771:0,110647:0,110648:0,110776:0,110775:0,110655:0,110657:0,110661:0,110662:0,110942:0,110944:0,110700:0,110701:0,110710:0,110711:0,110715:0,110716:0
BEGINACTIONS
SX
RZPI
RZ3PI
RZPIHalf
S
X
ENDACTIONS
110629 INIT_ 110630 1.000000
110629 SX 110748 0.998529
110629 SX 110749 0.000983
110629 SX 110629 0.000488
110629 RZPI 110629 1.000000
110629 RZ3PI 110629 1.000000
110629 RZPIHalf 110629 1.000000
110629 S 110629 1.000000
110629 X 110757 0.999512
110629 X 110629 0.000488
110630 SX 110634 0.998529
110630 SX 110635 0.000983
110630 RZPI 110630 1.000000
110630 RZ3PI 110639 1.000000
110630 RZPIHalf 110641 1.000000
110630 S 110643 1.000000
110630 X 110647 0.998529
110630 X 110648 0.000983
110630 X 110629 0.000488
110634 SX 110647 0.998529
110634 SX 110648 0.000983
110634 SX 110629 0.000488
110634 RZPI 110634 1.000000
110634 RZ3PI 110635 1.000000
110634 RZPIHalf 110655 1.000000
110634 S 110657 1.000000
110634 X 110661 0.998529
110634 X 110662 0.000983
110635 SX 110639 0.998529
110635 SX 110630 0.000983
110635 SX 110629 0.000488
110635 RZPI 110635 1.000000
110635 RZ3PI 110634 1.000000
110635 RZPIHalf 110657 1.000000
110635 S 110655 1.000000
110635 X 110662 0.998529
110635 X 110661 0.000983
110639 SX 110662 0.998529
110639 SX 110661 0.000983
110639 RZPI 110639 1.000000
110639 RZ3PI 110630 1.000000
110639 RZPIHalf 110643 1.000000
110639 S 110641 1.000000
110639 X 110648 0.998529
110639 X 110647 0.000983
110639 X 110629 0.000488
110641 SX 110700 0.998529
110641 SX 110701 0.000983
110641 RZPI 110641 1.000000
110641 RZ3PI 110643 1.000000
110641 RZPIHalf 110639 1.000000
110641 S 110630 1.000000
110641 X 110710 0.998529
110641 X 110711 0.000983
110641 X 110629 0.000488
110643 SX 110715 0.998529
110643 SX 110716 0.000983
110643 RZPI 110643 1.000000
110643 RZ3PI 110641 1.000000
110643 RZPIHalf 110630 1.000000
110643 S 110639 1.000000
110643 X 110711 0.998529
110643 X 110710 0.000983
110643 X 110629 0.000488
110647 SX 110661 0.998529
110647 SX 110662 0.000983
110647 RZPI 110647 1.000000
110647 RZ3PI 110648 1.000000
110647 RZPIHalf 110711 1.000000
110647 S 110710 1.000000
110647 X 110630 0.998529
110647 X 110639 0.000983
110648 SX 110635 0.998529
110648 SX 110634 0.000983
110648 RZPI 110648 1.000000
110648 RZ3PI 110647 1.000000
110648 RZPIHalf 110710 1.000000
110648 S 110711 1.000000
110648 X 110639 0.998529
110648 X 110630 0.000983
110648 X 110629 0.000488
110655 SX 110761 0.998529
110655 SX 110762 0.000983
110655 RZPI 110655 1.000000
110655 RZ3PI 110657 1.000000
110655 RZPIHalf 110635 1.000000
110655 S 110634 1.000000
110655 X 110770 0.998529
110655 X 110771 0.000983
110657 SX 110775 0.998529
110657 SX 110776 0.000983
110657 RZPI 110657 1.000000
110657 RZ3PI 110655 1.000000
110657 RZPIHalf 110634 1.000000
110657 S 110635 1.000000
110657 X 110771 0.998529
110657 X 110770 0.000983
110661 SX 110630 0.998529
110661 SX 110639 0.000983
110661 SX 110629 0.000488
110661 RZPI 110661 1.000000
110661 RZ3PI 110662 1.000000
110661 RZPIHalf 110771 1.000000
110661 S 110770 1.000000
110661 X 110634 0.998529
110661 X 110635 0.000983
110662 SX 110648 0.998529
110662 SX 110647 0.000983
110662 SX 110629 0.000488
110662 RZPI 110662 1.000000
110662 RZ3PI 110661 1.000000
110662 RZPIHalf 110770 1.000000
110662 S 110771 1.000000
110662 X 110635 0.998529
110662 X 110634 0.000983
110700 SX 110710 0.998529
110700 SX 110711 0.000983
110700 SX 110629 0.000488
110700 RZPI 110700 1.000000
110700 RZ3PI 110701 1.000000
110700 RZPIHalf 110761 1.000000
110700 S 110762 1.000000
110700 X 110716 0.998529
110700 X 110715 0.000983
110701 SX 110643 0.998529
110701 SX 110641 0.000983
110701 RZPI 110701 1.000000
110701 RZ3PI 110700 1.000000
110701 RZPIHalf 110762 1.000000
110701 S 110761 1.000000
110701 X 110715 0.998529
110701 X 110716 0.000983
110710 SX 110716 0.998529
110710 SX 110715 0.000983
110710 RZPI 110710 1.000000
110710 RZ3PI 110711 1.000000
110710 RZPIHalf 110647 1.000000
110710 S 110648 1.000000
110710 X 110641 0.998529
110710 X 110643 0.000983
110711 SX 110701 0.998529
110711 SX 110700 0.000983
110711 RZPI 110711 1.000000
110711 RZ3PI 110710 1.000000
110711 RZPIHalf 110648 1.000000
110711 S 110647 1.000000
110711 X 110643 0.998529
110711 X 110641 0.000983
110711 X 110629 0.000488
110715 SX 110711 0.998529
110715 SX 110710 0.000983
110715 SX 110629 0.000488
110715 RZPI 110715 1.000000
110715 RZ3PI 110716 1.000000
110715 RZPIHalf 110776 1.000000
110715 S 110775 1.000000
110715 X 110701 0.998529
110715 X 110700 0.000983
110716 SX 110641 0.998529
110716 SX 110643 0.000983
110716 RZPI 110716 1.000000
110716 RZ3PI 110715 1.000000
110716 RZPIHalf 110775 1.000000
110716 S 110776 1.000000
110716 X 110700 0.998529
110716 X 110701 0.000983
110748 SX 110757 0.999512
110748 SX 110629 0.000488
110748 RZPI 110748 1.000000
110748 RZ3PI 110749 1.000000
110748 RZPIHalf 110942 1.000000
110748 S 110944 1.000000
110748 X 110749 0.998529
110748 X 110748 0.000983
110748 X 110629 0.000488
110749 SX 110629 1.000000
110749 RZPI 110749 1.000000
110749 RZ3PI 110748 1.000000
110749 RZPIHalf 110944 1.000000
110749 S 110942 1.000000
110749 X 110748 0.998529
110749 X 110749 0.000983
110749 X 110629 0.000488
110757 SX 110749 0.998529
110757 SX 110748 0.000983
110757 SX 110629 0.000488
110757 RZPI 110757 1.000000
110757 RZ3PI 110757 1.000000
110757 RZPIHalf 110757 1.000000
110757 S 110757 1.000000
110757 X 110629 1.000000
110761 SX 110770 0.998529
110761 SX 110771 0.000983
110761 RZPI 110761 1.000000
110761 RZ3PI 110762 1.000000
110761 RZPIHalf 110701 1.000000
110761 S 110700 1.000000
110761 X 110776 0.998529
110761 X 110775 0.000983
110762 SX 110657 0.998529
110762 SX 110655 0.000983
110762 RZPI 110762 1.000000
110762 RZ3PI 110761 1.000000
110762 RZPIHalf 110700 1.000000
110762 S 110701 1.000000
110762 X 110775 0.998529
110762 X 110776 0.000983
110770 SX 110776 0.998529
110770 SX 110775 0.000983
110770 RZPI 110770 1.000000
110770 RZ3PI 110771 1.000000
110770 RZPIHalf 110661 1.000000
110770 S 110662 1.000000
110770 X 110655 0.998529
110770 X 110657 0.000983
110771 SX 110762 0.998529
110771 SX 110761 0.000983
110771 RZPI 110771 1.000000
110771 RZ3PI 110770 1.000000
110771 RZPIHalf 110662 1.000000
110771 S 110661 1.000000
110771 X 110657 0.998529
110771 X 110655 0.000983
110775 SX 110771 0.998529
110775 SX 110770 0.000983
110775 RZPI 110775 1.000000
110775 RZ3PI 110776 1.000000
110775 RZPIHalf 110715 1.000000
110775 S 110716 1.000000
110775 X 110762 0.998529
110775 X 110761 0.000983
110776 SX 110655 0.998529
110776 SX 110657 0.000983
110776 RZPI 110776 1.000000
110776 RZ3PI 110775 1.000000
110776 RZPIHalf 110716 1.000000
110776 S 110715 1.000000
110776 X 110761 0.998529
110776 X 110762 0.000983
110942 SX 110942 0.998529
110942 SX 110944 0.000983
110942 SX 110629 0.000488
110942 RZPI 110942 1.000000
110942 RZ3PI 110944 1.000000
110942 RZPIHalf 110749 1.000000
110942 S 110748 1.000000
110942 X 110942 0.998529
110942 X 110944 0.000983
110942 X 110629 0.000488
110944 SX 110944 0.998529
110944 SX 110942 0.000983
110944 SX 110629 0.000488
110944 RZPI 110944 1.000000
110944 RZ3PI 110942 1.000000
110944 RZPIHalf 110748 1.000000
110944 S 110749 1.000000
110944 X 110944 0.998529
110944 X 110942 0.000983
110944 X 110629 0.000488
ENDPOMDP
