BEGINPOMDP
INITIALSTATE: 10956
STATES: 11047,11048,11049,11050,11059,11060,10956,10957,10962,10963,10964,10965,10968,10970,10972,11101,11102,11103,11104,10977,10978,10986,10988,11000,11002
REWARDS: 11047:0,11048:0,11049:0,11050:0,11059:0,11060:0,10956:0,10957:0,10962:0,10963:0,10964:0,10965:0,10968:0,10970:0,10972:0,11101:0,11102:0,11103:0,11104:0,10977:0,10978:1,10986:0,10988:0,11000:0,11002:0
GAMMA: 11047:0,11048:0,11049:0,11050:0,11059:0,11060:0,10956:0,10957:0,10962:0,10963:0,10964:0,10965:0,10968:0,10970:0,10972:0,11101:0,11102:0,11103:0,11104:0,10977:0,10978:0,10986:0,10988:0,11000:0,11002:0
BEGINACTIONS
SX
RZPI
RZ3PI
RZPIHalf
S
X
ENDACTIONS
10956 INIT_ 10957 1.000000
10957 SX 10962 0.960237
10957 SX 10963 0.013254
10957 SX 10964 0.013254
10957 SX 10965 0.013254
10957 RZPI 10957 1.000000
10957 RZ3PI 10968 1.000000
10957 RZPIHalf 10970 1.000000
10957 S 10972 1.000000
10957 X 10977 0.960237
10957 X 10957 0.013254
10957 X 10968 0.013254
10957 X 10978 0.013254
10962 SX 10977 0.960237
10962 SX 10957 0.013254
10962 SX 10968 0.013254
10962 SX 10978 0.013254
10962 RZPI 10962 1.000000
10962 RZ3PI 10965 1.000000
10962 RZPIHalf 10986 1.000000
10962 S 10988 1.000000
10962 X 10963 0.960237
10962 X 10962 0.013254
10962 X 10965 0.013254
10962 X 10964 0.013254
10963 SX 10957 0.960237
10963 SX 10977 0.013254
10963 SX 10978 0.013254
10963 SX 10968 0.013254
10963 RZPI 10963 1.000000
10963 RZ3PI 10964 1.000000
10963 RZPIHalf 11000 1.000000
10963 S 11002 1.000000
10963 X 10962 0.960237
10963 X 10963 0.013254
10963 X 10964 0.013254
10963 X 10965 0.013254
10964 SX 10978 0.960237
10964 SX 10968 0.013254
10964 SX 10957 0.013254
10964 SX 10977 0.013254
10964 RZPI 10964 1.000000
10964 RZ3PI 10963 1.000000
10964 RZPIHalf 11002 1.000000
10964 S 11000 1.000000
10964 X 10965 0.960237
10964 X 10964 0.013254
10964 X 10963 0.013254
10964 X 10962 0.013254
10965 SX 10968 0.960237
10965 SX 10978 0.013254
10965 SX 10977 0.013254
10965 SX 10957 0.013254
10965 RZPI 10965 1.000000
10965 RZ3PI 10962 1.000000
10965 RZPIHalf 10988 1.000000
10965 S 10986 1.000000
10965 X 10964 0.960237
10965 X 10965 0.013254
10965 X 10962 0.013254
10965 X 10963 0.013254
10968 SX 10964 0.960237
10968 SX 10965 0.013254
10968 SX 10962 0.013254
10968 SX 10963 0.013254
10968 RZPI 10968 1.000000
10968 RZ3PI 10957 1.000000
10968 RZPIHalf 10972 1.000000
10968 S 10970 1.000000
10968 X 10978 0.960237
10968 X 10968 0.013254
10968 X 10957 0.013254
10968 X 10977 0.013254
10970 SX 11047 0.960237
10970 SX 11048 0.013254
10970 SX 11049 0.013254
10970 SX 11050 0.013254
10970 RZPI 10970 1.000000
10970 RZ3PI 10972 1.000000
10970 RZPIHalf 10968 1.000000
10970 S 10957 1.000000
10970 X 11059 0.960237
10970 X 10970 0.013254
10970 X 10972 0.013254
10970 X 11060 0.013254
10972 SX 11049 0.960237
10972 SX 11050 0.013254
10972 SX 11047 0.013254
10972 SX 11048 0.013254
10972 RZPI 10972 1.000000
10972 RZ3PI 10970 1.000000
10972 RZPIHalf 10957 1.000000
10972 S 10968 1.000000
10972 X 11060 0.960237
10972 X 10972 0.013254
10972 X 10970 0.013254
10972 X 11059 0.013254
10977 SX 10963 0.960237
10977 SX 10962 0.013254
10977 SX 10965 0.013254
10977 SX 10964 0.013254
10977 RZPI 10977 1.000000
10977 RZ3PI 10978 1.000000
10977 RZPIHalf 11060 1.000000
10977 S 11059 1.000000
10977 X 10957 0.960237
10977 X 10977 0.013254
10977 X 10978 0.013254
10977 X 10968 0.013254
10978 SX 10965 0.960237
10978 SX 10964 0.013254
10978 SX 10963 0.013254
10978 SX 10962 0.013254
10978 RZPI 10978 1.000000
10978 RZ3PI 10977 1.000000
10978 RZPIHalf 11059 1.000000
10978 S 11060 1.000000
10978 X 10968 0.960237
10978 X 10978 0.013254
10978 X 10977 0.013254
10978 X 10957 0.013254
10986 SX 11101 0.960237
10986 SX 11102 0.013254
10986 SX 11103 0.013254
10986 SX 11104 0.013254
10986 RZPI 10986 1.000000
10986 RZ3PI 10988 1.000000
10986 RZPIHalf 10965 1.000000
10986 S 10962 1.000000
10986 X 11002 0.960237
10986 X 10986 0.013254
10986 X 10988 0.013254
10986 X 11000 0.013254
10988 SX 11103 0.960237
10988 SX 11104 0.013254
10988 SX 11101 0.013254
10988 SX 11102 0.013254
10988 RZPI 10988 1.000000
10988 RZ3PI 10986 1.000000
10988 RZPIHalf 10962 1.000000
10988 S 10965 1.000000
10988 X 11000 0.960237
10988 X 10988 0.013254
10988 X 10986 0.013254
10988 X 11002 0.013254
11000 SX 11104 0.960237
11000 SX 11103 0.013254
11000 SX 11102 0.013254
11000 SX 11101 0.013254
11000 RZPI 11000 1.000000
11000 RZ3PI 11002 1.000000
11000 RZPIHalf 10964 1.000000
11000 S 10963 1.000000
11000 X 10988 0.960237
11000 X 11000 0.013254
11000 X 11002 0.013254
11000 X 10986 0.013254
11002 SX 11102 0.960237
11002 SX 11101 0.013254
11002 SX 11104 0.013254
11002 SX 11103 0.013254
11002 RZPI 11002 1.000000
11002 RZ3PI 11000 1.000000
11002 RZPIHalf 10963 1.000000
11002 S 10964 1.000000
11002 X 10986 0.960237
11002 X 11002 0.013254
11002 X 11000 0.013254
11002 X 10988 0.013254
11047 SX 11059 0.960237
11047 SX 10970 0.013254
11047 SX 10972 0.013254
11047 SX 11060 0.013254
11047 RZPI 11047 1.000000
11047 RZ3PI 11050 1.000000
11047 RZPIHalf 11101 1.000000
11047 S 11104 1.000000
11047 X 11048 0.960237
11047 X 11047 0.013254
11047 X 11050 0.013254
11047 X 11049 0.013254
11048 SX 10970 0.960237
11048 SX 11059 0.013254
11048 SX 11060 0.013254
11048 SX 10972 0.013254
11048 RZPI 11048 1.000000
11048 RZ3PI 11049 1.000000
11048 RZPIHalf 11103 1.000000
11048 S 11102 1.000000
11048 X 11047 0.960237
11048 X 11048 0.013254
11048 X 11049 0.013254
11048 X 11050 0.013254
11049 SX 11060 0.960237
11049 SX 10972 0.013254
11049 SX 10970 0.013254
11049 SX 11059 0.013254
11049 RZPI 11049 1.000000
11049 RZ3PI 11048 1.000000
11049 RZPIHalf 11102 1.000000
11049 S 11103 1.000000
11049 X 11050 0.960237
11049 X 11049 0.013254
11049 X 11048 0.013254
11049 X 11047 0.013254
11050 SX 10972 0.960237
11050 SX 11060 0.013254
11050 SX 11059 0.013254
11050 SX 10970 0.013254
11050 RZPI 11050 1.000000
11050 RZ3PI 11047 1.000000
11050 RZPIHalf 11104 1.000000
11050 S 11101 1.000000
11050 X 11049 0.960237
11050 X 11050 0.013254
11050 X 11047 0.013254
11050 X 11048 0.013254
11059 SX 11048 0.960237
11059 SX 11047 0.013254
11059 SX 11050 0.013254
11059 SX 11049 0.013254
11059 RZPI 11059 1.000000
11059 RZ3PI 11060 1.000000
11059 RZPIHalf 10977 1.000000
11059 S 10978 1.000000
11059 X 10970 0.960237
11059 X 11059 0.013254
11059 X 11060 0.013254
11059 X 10972 0.013254
11060 SX 11050 0.960237
11060 SX 11049 0.013254
11060 SX 11048 0.013254
11060 SX 11047 0.013254
11060 RZPI 11060 1.000000
11060 RZ3PI 11059 1.000000
11060 RZPIHalf 10978 1.000000
11060 S 10977 1.000000
11060 X 10972 0.960237
11060 X 11060 0.013254
11060 X 11059 0.013254
11060 X 10970 0.013254
11101 SX 11002 0.960237
11101 SX 10986 0.013254
11101 SX 10988 0.013254
11101 SX 11000 0.013254
11101 RZPI 11101 1.000000
11101 RZ3PI 11104 1.000000
11101 RZPIHalf 11050 1.000000
11101 S 11047 1.000000
11101 X 11102 0.960237
11101 X 11101 0.013254
11101 X 11104 0.013254
11101 X 11103 0.013254
11102 SX 10986 0.960237
11102 SX 11002 0.013254
11102 SX 11000 0.013254
11102 SX 10988 0.013254
11102 RZPI 11102 1.000000
11102 RZ3PI 11103 1.000000
11102 RZPIHalf 11048 1.000000
11102 S 11049 1.000000
11102 X 11101 0.960237
11102 X 11102 0.013254
11102 X 11103 0.013254
11102 X 11104 0.013254
11103 SX 11000 0.960237
11103 SX 10988 0.013254
11103 SX 10986 0.013254
11103 SX 11002 0.013254
11103 RZPI 11103 1.000000
11103 RZ3PI 11102 1.000000
11103 RZPIHalf 11049 1.000000
11103 S 11048 1.000000
11103 X 11104 0.960237
11103 X 11103 0.013254
11103 X 11102 0.013254
11103 X 11101 0.013254
11104 SX 10988 0.960237
11104 SX 11000 0.013254
11104 SX 11002 0.013254
11104 SX 10986 0.013254
11104 RZPI 11104 1.000000
11104 RZ3PI 11101 1.000000
11104 RZPIHalf 11047 1.000000
11104 S 11050 1.000000
11104 X 11103 0.960237
11104 X 11104 0.013254
11104 X 11101 0.013254
11104 X 11102 0.013254
ENDPOMDP
