BEGINPOMDP
INITIALSTATE: 7200
STATES: 7303,7304,7200,7201,7206,7207,7208,7209,7212,7214,7216,7345,7346,7347,7348,7221,7222,7230,7232,7244,7246,7291,7292,7293,7294
REWARDS: 7303:0,7304:0,7200:0,7201:0,7206:0,7207:0,7208:0,7209:0,7212:0,7214:0,7216:0,7345:0,7346:0,7347:0,7348:0,7221:0,7222:1,7230:0,7232:0,7244:0,7246:0,7291:0,7292:0,7293:0,7294:0
GAMMA: 7303:0,7304:0,7200:0,7201:0,7206:0,7207:0,7208:0,7209:0,7212:0,7214:0,7216:0,7345:0,7346:0,7347:0,7348:0,7221:0,7222:0,7230:0,7232:0,7244:0,7246:0,7291:0,7292:0,7293:0,7294:0
BEGINACTIONS
SX
RZPI
RZ3PI
RZPIHalf
S
X
ENDACTIONS
7200 INIT_ 7201 1.000000
7201 SX 7206 0.990601
7201 SX 7207 0.003133
7201 SX 7208 0.003133
7201 SX 7209 0.003133
7201 RZPI 7201 1.000000
7201 RZ3PI 7212 1.000000
7201 RZPIHalf 7214 1.000000
7201 S 7216 1.000000
7201 X 7221 0.990601
7201 X 7201 0.003133
7201 X 7212 0.003133
7201 X 7222 0.003133
7206 SX 7221 0.990601
7206 SX 7201 0.003133
7206 SX 7212 0.003133
7206 SX 7222 0.003133
7206 RZPI 7206 1.000000
7206 RZ3PI 7209 1.000000
7206 RZPIHalf 7230 1.000000
7206 S 7232 1.000000
7206 X 7207 0.990601
7206 X 7206 0.003133
7206 X 7209 0.003133
7206 X 7208 0.003133
7207 SX 7201 0.990601
7207 SX 7221 0.003133
7207 SX 7222 0.003133
7207 SX 7212 0.003133
7207 RZPI 7207 1.000000
7207 RZ3PI 7208 1.000000
7207 RZPIHalf 7244 1.000000
7207 S 7246 1.000000
7207 X 7206 0.990601
7207 X 7207 0.003133
7207 X 7208 0.003133
7207 X 7209 0.003133
7208 SX 7222 0.990601
7208 SX 7212 0.003133
7208 SX 7201 0.003133
7208 SX 7221 0.003133
7208 RZPI 7208 1.000000
7208 RZ3PI 7207 1.000000
7208 RZPIHalf 7246 1.000000
7208 S 7244 1.000000
7208 X 7209 0.990601
7208 X 7208 0.003133
7208 X 7207 0.003133
7208 X 7206 0.003133
7209 SX 7212 0.990601
7209 SX 7222 0.003133
7209 SX 7221 0.003133
7209 SX 7201 0.003133
7209 RZPI 7209 1.000000
7209 RZ3PI 7206 1.000000
7209 RZPIHalf 7232 1.000000
7209 S 7230 1.000000
7209 X 7208 0.990601
7209 X 7209 0.003133
7209 X 7206 0.003133
7209 X 7207 0.003133
7212 SX 7208 0.990601
7212 SX 7209 0.003133
7212 SX 7206 0.003133
7212 SX 7207 0.003133
7212 RZPI 7212 1.000000
7212 RZ3PI 7201 1.000000
7212 RZPIHalf 7216 1.000000
7212 S 7214 1.000000
7212 X 7222 0.990601
7212 X 7212 0.003133
7212 X 7201 0.003133
7212 X 7221 0.003133
7214 SX 7291 0.990601
7214 SX 7292 0.003133
7214 SX 7293 0.003133
7214 SX 7294 0.003133
7214 RZPI 7214 1.000000
7214 RZ3PI 7216 1.000000
7214 RZPIHalf 7212 1.000000
7214 S 7201 1.000000
7214 X 7303 0.990601
7214 X 7214 0.003133
7214 X 7216 0.003133
7214 X 7304 0.003133
7216 SX 7293 0.990601
7216 SX 7294 0.003133
7216 SX 7291 0.003133
7216 SX 7292 0.003133
7216 RZPI 7216 1.000000
7216 RZ3PI 7214 1.000000
7216 RZPIHalf 7201 1.000000
7216 S 7212 1.000000
7216 X 7304 0.990601
7216 X 7216 0.003133
7216 X 7214 0.003133
7216 X 7303 0.003133
7221 SX 7207 0.990601
7221 SX 7206 0.003133
7221 SX 7209 0.003133
7221 SX 7208 0.003133
7221 RZPI 7221 1.000000
7221 RZ3PI 7222 1.000000
7221 RZPIHalf 7304 1.000000
7221 S 7303 1.000000
7221 X 7201 0.990601
7221 X 7221 0.003133
7221 X 7222 0.003133
7221 X 7212 0.003133
7222 SX 7209 0.990601
7222 SX 7208 0.003133
7222 SX 7207 0.003133
7222 SX 7206 0.003133
7222 RZPI 7222 1.000000
7222 RZ3PI 7221 1.000000
7222 RZPIHalf 7303 1.000000
7222 S 7304 1.000000
7222 X 7212 0.990601
7222 X 7222 0.003133
7222 X 7221 0.003133
7222 X 7201 0.003133
7230 SX 7345 0.990601
7230 SX 7346 0.003133
7230 SX 7347 0.003133
7230 SX 7348 0.003133
7230 RZPI 7230 1.000000
7230 RZ3PI 7232 1.000000
7230 RZPIHalf 7209 1.000000
7230 S 7206 1.000000
7230 X 7246 0.990601
7230 X 7230 0.003133
7230 X 7232 0.003133
7230 X 7244 0.003133
7232 SX 7347 0.990601
7232 SX 7348 0.003133
7232 SX 7345 0.003133
7232 SX 7346 0.003133
7232 RZPI 7232 1.000000
7232 RZ3PI 7230 1.000000
7232 RZPIHalf 7206 1.000000
7232 S 7209 1.000000
7232 X 7244 0.990601
7232 X 7232 0.003133
7232 X 7230 0.003133
7232 X 7246 0.003133
7244 SX 7348 0.990601
7244 SX 7347 0.003133
7244 SX 7346 0.003133
7244 SX 7345 0.003133
7244 RZPI 7244 1.000000
7244 RZ3PI 7246 1.000000
7244 RZPIHalf 7208 1.000000
7244 S 7207 1.000000
7244 X 7232 0.990601
7244 X 7244 0.003133
7244 X 7246 0.003133
7244 X 7230 0.003133
7246 SX 7346 0.990601
7246 SX 7345 0.003133
7246 SX 7348 0.003133
7246 SX 7347 0.003133
7246 RZPI 7246 1.000000
7246 RZ3PI 7244 1.000000
7246 RZPIHalf 7207 1.000000
7246 S 7208 1.000000
7246 X 7230 0.990601
7246 X 7246 0.003133
7246 X 7244 0.003133
7246 X 7232 0.003133
7291 SX 7303 0.990601
7291 SX 7214 0.003133
7291 SX 7216 0.003133
7291 SX 7304 0.003133
7291 RZPI 7291 1.000000
7291 RZ3PI 7294 1.000000
7291 RZPIHalf 7345 1.000000
7291 S 7348 1.000000
7291 X 7292 0.990601
7291 X 7291 0.003133
7291 X 7294 0.003133
7291 X 7293 0.003133
7292 SX 7214 0.990601
7292 SX 7303 0.003133
7292 SX 7304 0.003133
7292 SX 7216 0.003133
7292 RZPI 7292 1.000000
7292 RZ3PI 7293 1.000000
7292 RZPIHalf 7347 1.000000
7292 S 7346 1.000000
7292 X 7291 0.990601
7292 X 7292 0.003133
7292 X 7293 0.003133
7292 X 7294 0.003133
7293 SX 7304 0.990601
7293 SX 7216 0.003133
7293 SX 7214 0.003133
7293 SX 7303 0.003133
7293 RZPI 7293 1.000000
7293 RZ3PI 7292 1.000000
7293 RZPIHalf 7346 1.000000
7293 S 7347 1.000000
7293 X 7294 0.990601
7293 X 7293 0.003133
7293 X 7292 0.003133
7293 X 7291 0.003133
7294 SX 7216 0.990601
7294 SX 7304 0.003133
7294 SX 7303 0.003133
7294 SX 7214 0.003133
7294 RZPI 7294 1.000000
7294 RZ3PI 7291 1.000000
7294 RZPIHalf 7348 1.000000
7294 S 7345 1.000000
7294 X 7293 0.990601
7294 X 7294 0.003133
7294 X 7291 0.003133
7294 X 7292 0.003133
7303 SX 7292 0.990601
7303 SX 7291 0.003133
7303 SX 7294 0.003133
7303 SX 7293 0.003133
7303 RZPI 7303 1.000000
7303 RZ3PI 7304 1.000000
7303 RZPIHalf 7221 1.000000
7303 S 7222 1.000000
7303 X 7214 0.990601
7303 X 7303 0.003133
7303 X 7304 0.003133
7303 X 7216 0.003133
7304 SX 7294 0.990601
7304 SX 7293 0.003133
7304 SX 7292 0.003133
7304 SX 7291 0.003133
7304 RZPI 7304 1.000000
7304 RZ3PI 7303 1.000000
7304 RZPIHalf 7222 1.000000
7304 S 7221 1.000000
7304 X 7216 0.990601
7304 X 7304 0.003133
7304 X 7303 0.003133
7304 X 7214 0.003133
7345 SX 7246 0.990601
7345 SX 7230 0.003133
7345 SX 7232 0.003133
7345 SX 7244 0.003133
7345 RZPI 7345 1.000000
7345 RZ3PI 7348 1.000000
7345 RZPIHalf 7294 1.000000
7345 S 7291 1.000000
7345 X 7346 0.990601
7345 X 7345 0.003133
7345 X 7348 0.003133
7345 X 7347 0.003133
7346 SX 7230 0.990601
7346 SX 7246 0.003133
7346 SX 7244 0.003133
7346 SX 7232 0.003133
7346 RZPI 7346 1.000000
7346 RZ3PI 7347 1.000000
7346 RZPIHalf 7292 1.000000
7346 S 7293 1.000000
7346 X 7345 0.990601
7346 X 7346 0.003133
7346 X 7347 0.003133
7346 X 7348 0.003133
7347 SX 7244 0.990601
7347 SX 7232 0.003133
7347 SX 7230 0.003133
7347 SX 7246 0.003133
7347 RZPI 7347 1.000000
7347 RZ3PI 7346 1.000000
7347 RZPIHalf 7293 1.000000
7347 S 7292 1.000000
7347 X 7348 0.990601
7347 X 7347 0.003133
7347 X 7346 0.003133
7347 X 7345 0.003133
7348 SX 7232 0.990601
7348 SX 7244 0.003133
7348 SX 7246 0.003133
7348 SX 7230 0.003133
7348 RZPI 7348 1.000000
7348 RZ3PI 7345 1.000000
7348 RZPIHalf 7291 1.000000
7348 S 7294 1.000000
7348 X 7347 0.990601
7348 X 7348 0.003133
7348 X 7345 0.003133
7348 X 7346 0.003133
ENDPOMDP
