BEGINPOMDP
INITIALSTATE: 6887
STATES: 6917,6919,6931,6933,6978,6979,6980,6981,6990,6991,6887,6888,6893,6894,6895,6896,6899,6901,6903,7032,7033,7034,7035,6908,6909
REWARDS: 6917:0,6919:0,6931:0,6933:0,6978:0,6979:0,6980:0,6981:0,6990:0,6991:0,6887:0,6888:0,6893:0,6894:0,6895:0,6896:0,6899:0,6901:0,6903:0,7032:0,7033:0,7034:0,7035:0,6908:0,6909:1
GAMMA: 6917:0,6919:0,6931:0,6933:0,6978:0,6979:0,6980:0,6981:0,6990:0,6991:0,6887:0,6888:0,6893:0,6894:0,6895:0,6896:0,6899:0,6901:0,6903:0,7032:0,7033:0,7034:0,7035:0,6908:0,6909:0
BEGINACTIONS
SX
RZPI
RZ3PI
RZPIHalf
S
X
ENDACTIONS
6887 INIT_ 6888 1.000000
6888 SX 6893 0.999730
6888 SX 6894 0.000090
6888 SX 6895 0.000090
6888 SX 6896 0.000090
6888 RZPI 6888 1.000000
6888 RZ3PI 6899 1.000000
6888 RZPIHalf 6901 1.000000
6888 S 6903 1.000000
6888 X 6908 0.999730
6888 X 6888 0.000090
6888 X 6899 0.000090
6888 X 6909 0.000090
6893 SX 6908 0.999730
6893 SX 6888 0.000090
6893 SX 6899 0.000090
6893 SX 6909 0.000090
6893 RZPI 6893 1.000000
6893 RZ3PI 6896 1.000000
6893 RZPIHalf 6917 1.000000
6893 S 6919 1.000000
6893 X 6894 0.999730
6893 X 6893 0.000090
6893 X 6896 0.000090
6893 X 6895 0.000090
6894 SX 6888 0.999730
6894 SX 6908 0.000090
6894 SX 6909 0.000090
6894 SX 6899 0.000090
6894 RZPI 6894 1.000000
6894 RZ3PI 6895 1.000000
6894 RZPIHalf 6931 1.000000
6894 S 6933 1.000000
6894 X 6893 0.999730
6894 X 6894 0.000090
6894 X 6895 0.000090
6894 X 6896 0.000090
6895 SX 6909 0.999730
6895 SX 6899 0.000090
6895 SX 6888 0.000090
6895 SX 6908 0.000090
6895 RZPI 6895 1.000000
6895 RZ3PI 6894 1.000000
6895 RZPIHalf 6933 1.000000
6895 S 6931 1.000000
6895 X 6896 0.999730
6895 X 6895 0.000090
6895 X 6894 0.000090
6895 X 6893 0.000090
6896 SX 6899 0.999730
6896 SX 6909 0.000090
6896 SX 6908 0.000090
6896 SX 6888 0.000090
6896 RZPI 6896 1.000000
6896 RZ3PI 6893 1.000000
6896 RZPIHalf 6919 1.000000
6896 S 6917 1.000000
6896 X 6895 0.999730
6896 X 6896 0.000090
6896 X 6893 0.000090
6896 X 6894 0.000090
6899 SX 6895 0.999730
6899 SX 6896 0.000090
6899 SX 6893 0.000090
6899 SX 6894 0.000090
6899 RZPI 6899 1.000000
6899 RZ3PI 6888 1.000000
6899 RZPIHalf 6903 1.000000
6899 S 6901 1.000000
6899 X 6909 0.999730
6899 X 6899 0.000090
6899 X 6888 0.000090
6899 X 6908 0.000090
6901 SX 6978 0.999730
6901 SX 6979 0.000090
6901 SX 6980 0.000090
6901 SX 6981 0.000090
6901 RZPI 6901 1.000000
6901 RZ3PI 6903 1.000000
6901 RZPIHalf 6899 1.000000
6901 S 6888 1.000000
6901 X 6990 0.999730
6901 X 6901 0.000090
6901 X 6903 0.000090
6901 X 6991 0.000090
6903 SX 6980 0.999730
6903 SX 6981 0.000090
6903 SX 6978 0.000090
6903 SX 6979 0.000090
6903 RZPI 6903 1.000000
6903 RZ3PI 6901 1.000000
6903 RZPIHalf 6888 1.000000
6903 S 6899 1.000000
6903 X 6991 0.999730
6903 X 6903 0.000090
6903 X 6901 0.000090
6903 X 6990 0.000090
6908 SX 6894 0.999730
6908 SX 6893 0.000090
6908 SX 6896 0.000090
6908 SX 6895 0.000090
6908 RZPI 6908 1.000000
6908 RZ3PI 6909 1.000000
6908 RZPIHalf 6991 1.000000
6908 S 6990 1.000000
6908 X 6888 0.999730
6908 X 6908 0.000090
6908 X 6909 0.000090
6908 X 6899 0.000090
6909 SX 6896 0.999730
6909 SX 6895 0.000090
6909 SX 6894 0.000090
6909 SX 6893 0.000090
6909 RZPI 6909 1.000000
6909 RZ3PI 6908 1.000000
6909 RZPIHalf 6990 1.000000
6909 S 6991 1.000000
6909 X 6899 0.999730
6909 X 6909 0.000090
6909 X 6908 0.000090
6909 X 6888 0.000090
6917 SX 7032 0.999730
6917 SX 7033 0.000090
6917 SX 7034 0.000090
6917 SX 7035 0.000090
6917 RZPI 6917 1.000000
6917 RZ3PI 6919 1.000000
6917 RZPIHalf 6896 1.000000
6917 S 6893 1.000000
6917 X 6933 0.999730
6917 X 6917 0.000090
6917 X 6919 0.000090
6917 X 6931 0.000090
6919 SX 7034 0.999730
6919 SX 7035 0.000090
6919 SX 7032 0.000090
6919 SX 7033 0.000090
6919 RZPI 6919 1.000000
6919 RZ3PI 6917 1.000000
6919 RZPIHalf 6893 1.000000
6919 S 6896 1.000000
6919 X 6931 0.999730
6919 X 6919 0.000090
6919 X 6917 0.000090
6919 X 6933 0.000090
6931 SX 7035 0.999730
6931 SX 7034 0.000090
6931 SX 7033 0.000090
6931 SX 7032 0.000090
6931 RZPI 6931 1.000000
6931 RZ3PI 6933 1.000000
6931 RZPIHalf 6895 1.000000
6931 S 6894 1.000000
6931 X 6919 0.999730
6931 X 6931 0.000090
6931 X 6933 0.000090
6931 X 6917 0.000090
6933 SX 7033 0.999730
6933 SX 7032 0.000090
6933 SX 7035 0.000090
6933 SX 7034 0.000090
6933 RZPI 6933 1.000000
6933 RZ3PI 6931 1.000000
6933 RZPIHalf 6894 1.000000
6933 S 6895 1.000000
6933 X 6917 0.999730
6933 X 6933 0.000090
6933 X 6931 0.000090
6933 X 6919 0.000090
6978 SX 6990 0.999730
6978 SX 6901 0.000090
6978 SX 6903 0.000090
6978 SX 6991 0.000090
6978 RZPI 6978 1.000000
6978 RZ3PI 6981 1.000000
6978 RZPIHalf 7032 1.000000
6978 S 7035 1.000000
6978 X 6979 0.999730
6978 X 6978 0.000090
6978 X 6981 0.000090
6978 X 6980 0.000090
6979 SX 6901 0.999730
6979 SX 6990 0.000090
6979 SX 6991 0.000090
6979 SX 6903 0.000090
6979 RZPI 6979 1.000000
6979 RZ3PI 6980 1.000000
6979 RZPIHalf 7034 1.000000
6979 S 7033 1.000000
6979 X 6978 0.999730
6979 X 6979 0.000090
6979 X 6980 0.000090
6979 X 6981 0.000090
6980 SX 6991 0.999730
6980 SX 6903 0.000090
6980 SX 6901 0.000090
6980 SX 6990 0.000090
6980 RZPI 6980 1.000000
6980 RZ3PI 6979 1.000000
6980 RZPIHalf 7033 1.000000
6980 S 7034 1.000000
6980 X 6981 0.999730
6980 X 6980 0.000090
6980 X 6979 0.000090
6980 X 6978 0.000090
6981 SX 6903 0.999730
6981 SX 6991 0.000090
6981 SX 6990 0.000090
6981 SX 6901 0.000090
6981 RZPI 6981 1.000000
6981 RZ3PI 6978 1.000000
6981 RZPIHalf 7035 1.000000
6981 S 7032 1.000000
6981 X 6980 0.999730
6981 X 6981 0.000090
6981 X 6978 0.000090
6981 X 6979 0.000090
6990 SX 6979 0.999730
6990 SX 6978 0.000090
6990 SX 6981 0.000090
6990 SX 6980 0.000090
6990 RZPI 6990 1.000000
6990 RZ3PI 6991 1.000000
6990 RZPIHalf 6908 1.000000
6990 S 6909 1.000000
6990 X 6901 0.999730
6990 X 6990 0.000090
6990 X 6991 0.000090
6990 X 6903 0.000090
6991 SX 6981 0.999730
6991 SX 6980 0.000090
6991 SX 6979 0.000090
6991 SX 6978 0.000090
6991 RZPI 6991 1.000000
6991 RZ3PI 6990 1.000000
6991 RZPIHalf 6909 1.000000
6991 S 6908 1.000000
6991 X 6903 0.999730
6991 X 6991 0.000090
6991 X 6990 0.000090
6991 X 6901 0.000090
7032 SX 6933 0.999730
7032 SX 6917 0.000090
7032 SX 6919 0.000090
7032 SX 6931 0.000090
7032 RZPI 7032 1.000000
7032 RZ3PI 7035 1.000000
7032 RZPIHalf 6981 1.000000
7032 S 6978 1.000000
7032 X 7033 0.999730
7032 X 7032 0.000090
7032 X 7035 0.000090
7032 X 7034 0.000090
7033 SX 6917 0.999730
7033 SX 6933 0.000090
7033 SX 6931 0.000090
7033 SX 6919 0.000090
7033 RZPI 7033 1.000000
7033 RZ3PI 7034 1.000000
7033 RZPIHalf 6979 1.000000
7033 S 6980 1.000000
7033 X 7032 0.999730
7033 X 7033 0.000090
7033 X 7034 0.000090
7033 X 7035 0.000090
7034 SX 6931 0.999730
7034 SX 6919 0.000090
7034 SX 6917 0.000090
7034 SX 6933 0.000090
7034 RZPI 7034 1.000000
7034 RZ3PI 7033 1.000000
7034 RZPIHalf 6980 1.000000
7034 S 6979 1.000000
7034 X 7035 0.999730
7034 X 7034 0.000090
7034 X 7033 0.000090
7034 X 7032 0.000090
7035 SX 6919 0.999730
7035 SX 6931 0.000090
7035 SX 6933 0.000090
7035 SX 6917 0.000090
7035 RZPI 7035 1.000000
7035 RZ3PI 7032 1.000000
7035 RZPIHalf 6978 1.000000
7035 S 6981 1.000000
7035 X 7034 0.999730
7035 X 7035 0.000090
7035 X 7032 0.000090
7035 X 7033 0.000090
ENDPOMDP
