BEGINPOMDP
INITIALSTATE: 8765
STATES: 8856,8857,8858,8859,8868,8869,8765,8766,8771,8772,8773,8774,8777,8779,8781,8910,8911,8912,8913,8786,8787,8795,8797,8809,8811
REWARDS: 8856:0,8857:0,8858:0,8859:0,8868:0,8869:0,8765:0,8766:0,8771:0,8772:0,8773:0,8774:0,8777:0,8779:0,8781:0,8910:0,8911:0,8912:0,8913:0,8786:0,8787:1,8795:0,8797:0,8809:0,8811:0
GAMMA: 8856:0,8857:0,8858:0,8859:0,8868:0,8869:0,8765:0,8766:0,8771:0,8772:0,8773:0,8774:0,8777:0,8779:0,8781:0,8910:0,8911:0,8912:0,8913:0,8786:0,8787:0,8795:0,8797:0,8809:0,8811:0
BEGINACTIONS
SX
RZPI
RZ3PI
RZPIHalf
S
X
ENDACTIONS
8765 INIT_ 8766 1.000000
8766 SX 8771 0.993261
8766 SX 8772 0.002246
8766 SX 8773 0.002246
8766 SX 8774 0.002246
8766 RZPI 8766 1.000000
8766 RZ3PI 8777 1.000000
8766 RZPIHalf 8779 1.000000
8766 S 8781 1.000000
8766 X 8786 0.993261
8766 X 8766 0.002246
8766 X 8777 0.002246
8766 X 8787 0.002246
8771 SX 8786 0.993261
8771 SX 8766 0.002246
8771 SX 8777 0.002246
8771 SX 8787 0.002246
8771 RZPI 8771 1.000000
8771 RZ3PI 8774 1.000000
8771 RZPIHalf 8795 1.000000
8771 S 8797 1.000000
8771 X 8772 0.993261
8771 X 8771 0.002246
8771 X 8774 0.002246
8771 X 8773 0.002246
8772 SX 8766 0.993261
8772 SX 8786 0.002246
8772 SX 8787 0.002246
8772 SX 8777 0.002246
8772 RZPI 8772 1.000000
8772 RZ3PI 8773 1.000000
8772 RZPIHalf 8809 1.000000
8772 S 8811 1.000000
8772 X 8771 0.993261
8772 X 8772 0.002246
8772 X 8773 0.002246
8772 X 8774 0.002246
8773 SX 8787 0.993261
8773 SX 8777 0.002246
8773 SX 8766 0.002246
8773 SX 8786 0.002246
8773 RZPI 8773 1.000000
8773 RZ3PI 8772 1.000000
8773 RZPIHalf 8811 1.000000
8773 S 8809 1.000000
8773 X 8774 0.993261
8773 X 8773 0.002246
8773 X 8772 0.002246
8773 X 8771 0.002246
8774 SX 8777 0.993261
8774 SX 8787 0.002246
8774 SX 8786 0.002246
8774 SX 8766 0.002246
8774 RZPI 8774 1.000000
8774 RZ3PI 8771 1.000000
8774 RZPIHalf 8797 1.000000
8774 S 8795 1.000000
8774 X 8773 0.993261
8774 X 8774 0.002246
8774 X 8771 0.002246
8774 X 8772 0.002246
8777 SX 8773 0.993261
8777 SX 8774 0.002246
8777 SX 8771 0.002246
8777 SX 8772 0.002246
8777 RZPI 8777 1.000000
8777 RZ3PI 8766 1.000000
8777 RZPIHalf 8781 1.000000
8777 S 8779 1.000000
8777 X 8787 0.993261
8777 X 8777 0.002246
8777 X 8766 0.002246
8777 X 8786 0.002246
8779 SX 8856 0.993261
8779 SX 8857 0.002246
8779 SX 8858 0.002246
8779 SX 8859 0.002246
8779 RZPI 8779 1.000000
8779 RZ3PI 8781 1.000000
8779 RZPIHalf 8777 1.000000
8779 S 8766 1.000000
8779 X 8868 0.993261
8779 X 8779 0.002246
8779 X 8781 0.002246
8779 X 8869 0.002246
8781 SX 8858 0.993261
8781 SX 8859 0.002246
8781 SX 8856 0.002246
8781 SX 8857 0.002246
8781 RZPI 8781 1.000000
8781 RZ3PI 8779 1.000000
8781 RZPIHalf 8766 1.000000
8781 S 8777 1.000000
8781 X 8869 0.993261
8781 X 8781 0.002246
8781 X 8779 0.002246
8781 X 8868 0.002246
8786 SX 8772 0.993261
8786 SX 8771 0.002246
8786 SX 8774 0.002246
8786 SX 8773 0.002246
8786 RZPI 8786 1.000000
8786 RZ3PI 8787 1.000000
8786 RZPIHalf 8869 1.000000
8786 S 8868 1.000000
8786 X 8766 0.993261
8786 X 8786 0.002246
8786 X 8787 0.002246
8786 X 8777 0.002246
8787 SX 8774 0.993261
8787 SX 8773 0.002246
8787 SX 8772 0.002246
8787 SX 8771 0.002246
8787 RZPI 8787 1.000000
8787 RZ3PI 8786 1.000000
8787 RZPIHalf 8868 1.000000
8787 S 8869 1.000000
8787 X 8777 0.993261
8787 X 8787 0.002246
8787 X 8786 0.002246
8787 X 8766 0.002246
8795 SX 8910 0.993261
8795 SX 8911 0.002246
8795 SX 8912 0.002246
8795 SX 8913 0.002246
8795 RZPI 8795 1.000000
8795 RZ3PI 8797 1.000000
8795 RZPIHalf 8774 1.000000
8795 S 8771 1.000000
8795 X 8811 0.993261
8795 X 8795 0.002246
8795 X 8797 0.002246
8795 X 8809 0.002246
8797 SX 8912 0.993261
8797 SX 8913 0.002246
8797 SX 8910 0.002246
8797 SX 8911 0.002246
8797 RZPI 8797 1.000000
8797 RZ3PI 8795 1.000000
8797 RZPIHalf 8771 1.000000
8797 S 8774 1.000000
8797 X 8809 0.993261
8797 X 8797 0.002246
8797 X 8795 0.002246
8797 X 8811 0.002246
8809 SX 8913 0.993261
8809 SX 8912 0.002246
8809 SX 8911 0.002246
8809 SX 8910 0.002246
8809 RZPI 8809 1.000000
8809 RZ3PI 8811 1.000000
8809 RZPIHalf 8773 1.000000
8809 S 8772 1.000000
8809 X 8797 0.993261
8809 X 8809 0.002246
8809 X 8811 0.002246
8809 X 8795 0.002246
8811 SX 8911 0.993261
8811 SX 8910 0.002246
8811 SX 8913 0.002246
8811 SX 8912 0.002246
8811 RZPI 8811 1.000000
8811 RZ3PI 8809 1.000000
8811 RZPIHalf 8772 1.000000
8811 S 8773 1.000000
8811 X 8795 0.993261
8811 X 8811 0.002246
8811 X 8809 0.002246
8811 X 8797 0.002246
8856 SX 8868 0.993261
8856 SX 8779 0.002246
8856 SX 8781 0.002246
8856 SX 8869 0.002246
8856 RZPI 8856 1.000000
8856 RZ3PI 8859 1.000000
8856 RZPIHalf 8910 1.000000
8856 S 8913 1.000000
8856 X 8857 0.993261
8856 X 8856 0.002246
8856 X 8859 0.002246
8856 X 8858 0.002246
8857 SX 8779 0.993261
8857 SX 8868 0.002246
8857 SX 8869 0.002246
8857 SX 8781 0.002246
8857 RZPI 8857 1.000000
8857 RZ3PI 8858 1.000000
8857 RZPIHalf 8912 1.000000
8857 S 8911 1.000000
8857 X 8856 0.993261
8857 X 8857 0.002246
8857 X 8858 0.002246
8857 X 8859 0.002246
8858 SX 8869 0.993261
8858 SX 8781 0.002246
8858 SX 8779 0.002246
8858 SX 8868 0.002246
8858 RZPI 8858 1.000000
8858 RZ3PI 8857 1.000000
8858 RZPIHalf 8911 1.000000
8858 S 8912 1.000000
8858 X 8859 0.993261
8858 X 8858 0.002246
8858 X 8857 0.002246
8858 X 8856 0.002246
8859 SX 8781 0.993261
8859 SX 8869 0.002246
8859 SX 8868 0.002246
8859 SX 8779 0.002246
8859 RZPI 8859 1.000000
8859 RZ3PI 8856 1.000000
8859 RZPIHalf 8913 1.000000
8859 S 8910 1.000000
8859 X 8858 0.993261
8859 X 8859 0.002246
8859 X 8856 0.002246
8859 X 8857 0.002246
8868 SX 8857 0.993261
8868 SX 8856 0.002246
8868 SX 8859 0.002246
8868 SX 8858 0.002246
8868 RZPI 8868 1.000000
8868 RZ3PI 8869 1.000000
8868 RZPIHalf 8786 1.000000
8868 S 8787 1.000000
8868 X 8779 0.993261
8868 X 8868 0.002246
8868 X 8869 0.002246
8868 X 8781 0.002246
8869 SX 8859 0.993261
8869 SX 8858 0.002246
8869 SX 8857 0.002246
8869 SX 8856 0.002246
8869 RZPI 8869 1.000000
8869 RZ3PI 8868 1.000000
8869 RZPIHalf 8787 1.000000
8869 S 8786 1.000000
8869 X 8781 0.993261
8869 X 8869 0.002246
8869 X 8868 0.002246
8869 X 8779 0.002246
8910 SX 8811 0.993261
8910 SX 8795 0.002246
8910 SX 8797 0.002246
8910 SX 8809 0.002246
8910 RZPI 8910 1.000000
8910 RZ3PI 8913 1.000000
8910 RZPIHalf 8859 1.000000
8910 S 8856 1.000000
8910 X 8911 0.993261
8910 X 8910 0.002246
8910 X 8913 0.002246
8910 X 8912 0.002246
8911 SX 8795 0.993261
8911 SX 8811 0.002246
8911 SX 8809 0.002246
8911 SX 8797 0.002246
8911 RZPI 8911 1.000000
8911 RZ3PI 8912 1.000000
8911 RZPIHalf 8857 1.000000
8911 S 8858 1.000000
8911 X 8910 0.993261
8911 X 8911 0.002246
8911 X 8912 0.002246
8911 X 8913 0.002246
8912 SX 8809 0.993261
8912 SX 8797 0.002246
8912 SX 8795 0.002246
8912 SX 8811 0.002246
8912 RZPI 8912 1.000000
8912 RZ3PI 8911 1.000000
8912 RZPIHalf 8858 1.000000
8912 S 8857 1.000000
8912 X 8913 0.993261
8912 X 8912 0.002246
8912 X 8911 0.002246
8912 X 8910 0.002246
8913 SX 8797 0.993261
8913 SX 8809 0.002246
8913 SX 8811 0.002246
8913 SX 8795 0.002246
8913 RZPI 8913 1.000000
8913 RZ3PI 8910 1.000000
8913 RZPIHalf 8856 1.000000
8913 S 8859 1.000000
8913 X 8912 0.993261
8913 X 8913 0.002246
8913 X 8910 0.002246
8913 X 8911 0.002246
ENDPOMDP
