BEGINPOMDP
INITIALSTATE: 10643
STATES: 10643,10644,10649,10650,10651,10652,10655,10657,10659,10788,10789,10790,10791,10664,10665,10673,10675,10687,10689,10734,10735,10736,10737,10746,10747
REWARDS: 10643:0,10644:0,10649:0,10650:0,10651:0,10652:0,10655:0,10657:0,10659:0,10788:0,10789:0,10790:0,10791:0,10664:0,10665:1,10673:0,10675:0,10687:0,10689:0,10734:0,10735:0,10736:0,10737:0,10746:0,10747:0
GAMMA: 10643:0,10644:0,10649:0,10650:0,10651:0,10652:0,10655:0,10657:0,10659:0,10788:0,10789:0,10790:0,10791:0,10664:0,10665:0,10673:0,10675:0,10687:0,10689:0,10734:0,10735:0,10736:0,10737:0,10746:0,10747:0
BEGINACTIONS
SX
RZPI
RZ3PI
RZPIHalf
S
X
ENDACTIONS
10643 INIT_ 10644 1.000000
10644 SX 10649 0.999488
10644 SX 10650 0.000171
10644 SX 10651 0.000171
10644 SX 10652 0.000171
10644 RZPI 10644 1.000000
10644 RZ3PI 10655 1.000000
10644 RZPIHalf 10657 1.000000
10644 S 10659 1.000000
10644 X 10664 0.999488
10644 X 10644 0.000171
10644 X 10655 0.000171
10644 X 10665 0.000171
10649 SX 10664 0.999488
10649 SX 10644 0.000171
10649 SX 10655 0.000171
10649 SX 10665 0.000171
10649 RZPI 10649 1.000000
10649 RZ3PI 10652 1.000000
10649 RZPIHalf 10673 1.000000
10649 S 10675 1.000000
10649 X 10650 0.999488
10649 X 10649 0.000171
10649 X 10652 0.000171
10649 X 10651 0.000171
10650 SX 10644 0.999488
10650 SX 10664 0.000171
10650 SX 10665 0.000171
10650 SX 10655 0.000171
10650 RZPI 10650 1.000000
10650 RZ3PI 10651 1.000000
10650 RZPIHalf 10687 1.000000
10650 S 10689 1.000000
10650 X 10649 0.999488
10650 X 10650 0.000171
10650 X 10651 0.000171
10650 X 10652 0.000171
10651 SX 10665 0.999488
10651 SX 10655 0.000171
10651 SX 10644 0.000171
10651 SX 10664 0.000171
10651 RZPI 10651 1.000000
10651 RZ3PI 10650 1.000000
10651 RZPIHalf 10689 1.000000
10651 S 10687 1.000000
10651 X 10652 0.999488
10651 X 10651 0.000171
10651 X 10650 0.000171
10651 X 10649 0.000171
10652 SX 10655 0.999488
10652 SX 10665 0.000171
10652 SX 10664 0.000171
10652 SX 10644 0.000171
10652 RZPI 10652 1.000000
10652 RZ3PI 10649 1.000000
10652 RZPIHalf 10675 1.000000
10652 S 10673 1.000000
10652 X 10651 0.999488
10652 X 10652 0.000171
10652 X 10649 0.000171
10652 X 10650 0.000171
10655 SX 10651 0.999488
10655 SX 10652 0.000171
10655 SX 10649 0.000171
10655 SX 10650 0.000171
10655 RZPI 10655 1.000000
10655 RZ3PI 10644 1.000000
10655 RZPIHalf 10659 1.000000
10655 S 10657 1.000000
10655 X 10665 0.999488
10655 X 10655 0.000171
10655 X 10644 0.000171
10655 X 10664 0.000171
10657 SX 10734 0.999488
10657 SX 10735 0.000171
10657 SX 10736 0.000171
10657 SX 10737 0.000171
10657 RZPI 10657 1.000000
10657 RZ3PI 10659 1.000000
10657 RZPIHalf 10655 1.000000
10657 S 10644 1.000000
10657 X 10746 0.999488
10657 X 10657 0.000171
10657 X 10659 0.000171
10657 X 10747 0.000171
10659 SX 10736 0.999488
10659 SX 10737 0.000171
10659 SX 10734 0.000171
10659 SX 10735 0.000171
10659 RZPI 10659 1.000000
10659 RZ3PI 10657 1.000000
10659 RZPIHalf 10644 1.000000
10659 S 10655 1.000000
10659 X 10747 0.999488
10659 X 10659 0.000171
10659 X 10657 0.000171
10659 X 10746 0.000171
10664 SX 10650 0.999488
10664 SX 10649 0.000171
10664 SX 10652 0.000171
10664 SX 10651 0.000171
10664 RZPI 10664 1.000000
10664 RZ3PI 10665 1.000000
10664 RZPIHalf 10747 1.000000
10664 S 10746 1.000000
10664 X 10644 0.999488
10664 X 10664 0.000171
10664 X 10665 0.000171
10664 X 10655 0.000171
10665 SX 10652 0.999488
10665 SX 10651 0.000171
10665 SX 10650 0.000171
10665 SX 10649 0.000171
10665 RZPI 10665 1.000000
10665 RZ3PI 10664 1.000000
10665 RZPIHalf 10746 1.000000
10665 S 10747 1.000000
10665 X 10655 0.999488
10665 X 10665 0.000171
10665 X 10664 0.000171
10665 X 10644 0.000171
10673 SX 10788 0.999488
10673 SX 10789 0.000171
10673 SX 10790 0.000171
10673 SX 10791 0.000171
10673 RZPI 10673 1.000000
10673 RZ3PI 10675 1.000000
10673 RZPIHalf 10652 1.000000
10673 S 10649 1.000000
10673 X 10689 0.999488
10673 X 10673 0.000171
10673 X 10675 0.000171
10673 X 10687 0.000171
10675 SX 10790 0.999488
10675 SX 10791 0.000171
10675 SX 10788 0.000171
10675 SX 10789 0.000171
10675 RZPI 10675 1.000000
10675 RZ3PI 10673 1.000000
10675 RZPIHalf 10649 1.000000
10675 S 10652 1.000000
10675 X 10687 0.999488
10675 X 10675 0.000171
10675 X 10673 0.000171
10675 X 10689 0.000171
10687 SX 10791 0.999488
10687 SX 10790 0.000171
10687 SX 10789 0.000171
10687 SX 10788 0.000171
10687 RZPI 10687 1.000000
10687 RZ3PI 10689 1.000000
10687 RZPIHalf 10651 1.000000
10687 S 10650 1.000000
10687 X 10675 0.999488
10687 X 10687 0.000171
10687 X 10689 0.000171
10687 X 10673 0.000171
10689 SX 10789 0.999488
10689 SX 10788 0.000171
10689 SX 10791 0.000171
10689 SX 10790 0.000171
10689 RZPI 10689 1.000000
10689 RZ3PI 10687 1.000000
10689 RZPIHalf 10650 1.000000
10689 S 10651 1.000000
10689 X 10673 0.999488
10689 X 10689 0.000171
10689 X 10687 0.000171
10689 X 10675 0.000171
10734 SX 10746 0.999488
10734 SX 10657 0.000171
10734 SX 10659 0.000171
10734 SX 10747 0.000171
10734 RZPI 10734 1.000000
10734 RZ3PI 10737 1.000000
10734 RZPIHalf 10788 1.000000
10734 S 10791 1.000000
10734 X 10735 0.999488
10734 X 10734 0.000171
10734 X 10737 0.000171
10734 X 10736 0.000171
10735 SX 10657 0.999488
10735 SX 10746 0.000171
10735 SX 10747 0.000171
10735 SX 10659 0.000171
10735 RZPI 10735 1.000000
10735 RZ3PI 10736 1.000000
10735 RZPIHalf 10790 1.000000
10735 S 10789 1.000000
10735 X 10734 0.999488
10735 X 10735 0.000171
10735 X 10736 0.000171
10735 X 10737 0.000171
10736 SX 10747 0.999488
10736 SX 10659 0.000171
10736 SX 10657 0.000171
10736 SX 10746 0.000171
10736 RZPI 10736 1.000000
10736 RZ3PI 10735 1.000000
10736 RZPIHalf 10789 1.000000
10736 S 10790 1.000000
10736 X 10737 0.999488
10736 X 10736 0.000171
10736 X 10735 0.000171
10736 X 10734 0.000171
10737 SX 10659 0.999488
10737 SX 10747 0.000171
10737 SX 10746 0.000171
10737 SX 10657 0.000171
10737 RZPI 10737 1.000000
10737 RZ3PI 10734 1.000000
10737 RZPIHalf 10791 1.000000
10737 S 10788 1.000000
10737 X 10736 0.999488
10737 X 10737 0.000171
10737 X 10734 0.000171
10737 X 10735 0.000171
10746 SX 10735 0.999488
10746 SX 10734 0.000171
10746 SX 10737 0.000171
10746 SX 10736 0.000171
10746 RZPI 10746 1.000000
10746 RZ3PI 10747 1.000000
10746 RZPIHalf 10664 1.000000
10746 S 10665 1.000000
10746 X 10657 0.999488
10746 X 10746 0.000171
10746 X 10747 0.000171
10746 X 10659 0.000171
10747 SX 10737 0.999488
10747 SX 10736 0.000171
10747 SX 10735 0.000171
10747 SX 10734 0.000171
10747 RZPI 10747 1.000000
10747 RZ3PI 10746 1.000000
10747 RZPIHalf 10665 1.000000
10747 S 10664 1.000000
10747 X 10659 0.999488
10747 X 10747 0.000171
10747 X 10746 0.000171
10747 X 10657 0.000171
10788 SX 10689 0.999488
10788 SX 10673 0.000171
10788 SX 10675 0.000171
10788 SX 10687 0.000171
10788 RZPI 10788 1.000000
10788 RZ3PI 10791 1.000000
10788 RZPIHalf 10737 1.000000
10788 S 10734 1.000000
10788 X 10789 0.999488
10788 X 10788 0.000171
10788 X 10791 0.000171
10788 X 10790 0.000171
10789 SX 10673 0.999488
10789 SX 10689 0.000171
10789 SX 10687 0.000171
10789 SX 10675 0.000171
10789 RZPI 10789 1.000000
10789 RZ3PI 10790 1.000000
10789 RZPIHalf 10735 1.000000
10789 S 10736 1.000000
10789 X 10788 0.999488
10789 X 10789 0.000171
10789 X 10790 0.000171
10789 X 10791 0.000171
10790 SX 10687 0.999488
10790 SX 10675 0.000171
10790 SX 10673 0.000171
10790 SX 10689 0.000171
10790 RZPI 10790 1.000000
10790 RZ3PI 10789 1.000000
10790 RZPIHalf 10736 1.000000
10790 S 10735 1.000000
10790 X 10791 0.999488
10790 X 10790 0.000171
10790 X 10789 0.000171
10790 X 10788 0.000171
10791 SX 10675 0.999488
10791 SX 10687 0.000171
10791 SX 10689 0.000171
10791 SX 10673 0.000171
10791 RZPI 10791 1.000000
10791 RZ3PI 10788 1.000000
10791 RZPIHalf 10734 1.000000
10791 S 10737 1.000000
10791 X 10790 0.999488
10791 X 10791 0.000171
10791 X 10788 0.000171
10791 X 10789 0.000171
ENDPOMDP
