BEGINPOMDP
INITIALSTATE: 7513
STATES: 7557,7559,7604,7605,7606,7607,7616,7617,7513,7514,7519,7520,7521,7522,7525,7527,7529,7658,7659,7660,7661,7534,7535,7543,7545
REWARDS: 7557:0,7559:0,7604:0,7605:0,7606:0,7607:0,7616:0,7617:0,7513:0,7514:0,7519:0,7520:0,7521:0,7522:0,7525:0,7527:0,7529:0,7658:0,7659:0,7660:0,7661:0,7534:0,7535:1,7543:0,7545:0
GAMMA: 7557:0,7559:0,7604:0,7605:0,7606:0,7607:0,7616:0,7617:0,7513:0,7514:0,7519:0,7520:0,7521:0,7522:0,7525:0,7527:0,7529:0,7658:0,7659:0,7660:0,7661:0,7534:0,7535:0,7543:0,7545:0
BEGINACTIONS
SX
RZPI
RZ3PI
RZPIHalf
S
X
ENDACTIONS
7513 INIT_ 7514 1.000000
7514 SX 7519 0.977745
7514 SX 7520 0.007418
7514 SX 7521 0.007418
7514 SX 7522 0.007418
7514 RZPI 7514 1.000000
7514 RZ3PI 7525 1.000000
7514 RZPIHalf 7527 1.000000
7514 S 7529 1.000000
7514 X 7534 0.977745
7514 X 7514 0.007418
7514 X 7525 0.007418
7514 X 7535 0.007418
7519 SX 7534 0.977745
7519 SX 7514 0.007418
7519 SX 7525 0.007418
7519 SX 7535 0.007418
7519 RZPI 7519 1.000000
7519 RZ3PI 7522 1.000000
7519 RZPIHalf 7543 1.000000
7519 S 7545 1.000000
7519 X 7520 0.977745
7519 X 7519 0.007418
7519 X 7522 0.007418
7519 X 7521 0.007418
7520 SX 7514 0.977745
7520 SX 7534 0.007418
7520 SX 7535 0.007418
7520 SX 7525 0.007418
7520 RZPI 7520 1.000000
7520 RZ3PI 7521 1.000000
7520 RZPIHalf 7557 1.000000
7520 S 7559 1.000000
7520 X 7519 0.977745
7520 X 7520 0.007418
7520 X 7521 0.007418
7520 X 7522 0.007418
7521 SX 7535 0.977745
7521 SX 7525 0.007418
7521 SX 7514 0.007418
7521 SX 7534 0.007418
7521 RZPI 7521 1.000000
7521 RZ3PI 7520 1.000000
7521 RZPIHalf 7559 1.000000
7521 S 7557 1.000000
7521 X 7522 0.977745
7521 X 7521 0.007418
7521 X 7520 0.007418
7521 X 7519 0.007418
7522 SX 7525 0.977745
7522 SX 7535 0.007418
7522 SX 7534 0.007418
7522 SX 7514 0.007418
7522 RZPI 7522 1.000000
7522 RZ3PI 7519 1.000000
7522 RZPIHalf 7545 1.000000
7522 S 7543 1.000000
7522 X 7521 0.977745
7522 X 7522 0.007418
7522 X 7519 0.007418
7522 X 7520 0.007418
7525 SX 7521 0.977745
7525 SX 7522 0.007418
7525 SX 7519 0.007418
7525 SX 7520 0.007418
7525 RZPI 7525 1.000000
7525 RZ3PI 7514 1.000000
7525 RZPIHalf 7529 1.000000
7525 S 7527 1.000000
7525 X 7535 0.977745
7525 X 7525 0.007418
7525 X 7514 0.007418
7525 X 7534 0.007418
7527 SX 7604 0.977745
7527 SX 7605 0.007418
7527 SX 7606 0.007418
7527 SX 7607 0.007418
7527 RZPI 7527 1.000000
7527 RZ3PI 7529 1.000000
7527 RZPIHalf 7525 1.000000
7527 S 7514 1.000000
7527 X 7616 0.977745
7527 X 7527 0.007418
7527 X 7529 0.007418
7527 X 7617 0.007418
7529 SX 7606 0.977745
7529 SX 7607 0.007418
7529 SX 7604 0.007418
7529 SX 7605 0.007418
7529 RZPI 7529 1.000000
7529 RZ3PI 7527 1.000000
7529 RZPIHalf 7514 1.000000
7529 S 7525 1.000000
7529 X 7617 0.977745
7529 X 7529 0.007418
7529 X 7527 0.007418
7529 X 7616 0.007418
7534 SX 7520 0.977745
7534 SX 7519 0.007418
7534 SX 7522 0.007418
7534 SX 7521 0.007418
7534 RZPI 7534 1.000000
7534 RZ3PI 7535 1.000000
7534 RZPIHalf 7617 1.000000
7534 S 7616 1.000000
7534 X 7514 0.977745
7534 X 7534 0.007418
7534 X 7535 0.007418
7534 X 7525 0.007418
7535 SX 7522 0.977745
7535 SX 7521 0.007418
7535 SX 7520 0.007418
7535 SX 7519 0.007418
7535 RZPI 7535 1.000000
7535 RZ3PI 7534 1.000000
7535 RZPIHalf 7616 1.000000
7535 S 7617 1.000000
7535 X 7525 0.977745
7535 X 7535 0.007418
7535 X 7534 0.007418
7535 X 7514 0.007418
7543 SX 7658 0.977745
7543 SX 7659 0.007418
7543 SX 7660 0.007418
7543 SX 7661 0.007418
7543 RZPI 7543 1.000000
7543 RZ3PI 7545 1.000000
7543 RZPIHalf 7522 1.000000
7543 S 7519 1.000000
7543 X 7559 0.977745
7543 X 7543 0.007418
7543 X 7545 0.007418
7543 X 7557 0.007418
7545 SX 7660 0.977745
7545 SX 7661 0.007418
7545 SX 7658 0.007418
7545 SX 7659 0.007418
7545 RZPI 7545 1.000000
7545 RZ3PI 7543 1.000000
7545 RZPIHalf 7519 1.000000
7545 S 7522 1.000000
7545 X 7557 0.977745
7545 X 7545 0.007418
7545 X 7543 0.007418
7545 X 7559 0.007418
7557 SX 7661 0.977745
7557 SX 7660 0.007418
7557 SX 7659 0.007418
7557 SX 7658 0.007418
7557 RZPI 7557 1.000000
7557 RZ3PI 7559 1.000000
7557 RZPIHalf 7521 1.000000
7557 S 7520 1.000000
7557 X 7545 0.977745
7557 X 7557 0.007418
7557 X 7559 0.007418
7557 X 7543 0.007418
7559 SX 7659 0.977745
7559 SX 7658 0.007418
7559 SX 7661 0.007418
7559 SX 7660 0.007418
7559 RZPI 7559 1.000000
7559 RZ3PI 7557 1.000000
7559 RZPIHalf 7520 1.000000
7559 S 7521 1.000000
7559 X 7543 0.977745
7559 X 7559 0.007418
7559 X 7557 0.007418
7559 X 7545 0.007418
7604 SX 7616 0.977745
7604 SX 7527 0.007418
7604 SX 7529 0.007418
7604 SX 7617 0.007418
7604 RZPI 7604 1.000000
7604 RZ3PI 7607 1.000000
7604 RZPIHalf 7658 1.000000
7604 S 7661 1.000000
7604 X 7605 0.977745
7604 X 7604 0.007418
7604 X 7607 0.007418
7604 X 7606 0.007418
7605 SX 7527 0.977745
7605 SX 7616 0.007418
7605 SX 7617 0.007418
7605 SX 7529 0.007418
7605 RZPI 7605 1.000000
7605 RZ3PI 7606 1.000000
7605 RZPIHalf 7660 1.000000
7605 S 7659 1.000000
7605 X 7604 0.977745
7605 X 7605 0.007418
7605 X 7606 0.007418
7605 X 7607 0.007418
7606 SX 7617 0.977745
7606 SX 7529 0.007418
7606 SX 7527 0.007418
7606 SX 7616 0.007418
7606 RZPI 7606 1.000000
7606 RZ3PI 7605 1.000000
7606 RZPIHalf 7659 1.000000
7606 S 7660 1.000000
7606 X 7607 0.977745
7606 X 7606 0.007418
7606 X 7605 0.007418
7606 X 7604 0.007418
7607 SX 7529 0.977745
7607 SX 7617 0.007418
7607 SX 7616 0.007418
7607 SX 7527 0.007418
7607 RZPI 7607 1.000000
7607 RZ3PI 7604 1.000000
7607 RZPIHalf 7661 1.000000
7607 S 7658 1.000000
7607 X 7606 0.977745
7607 X 7607 0.007418
7607 X 7604 0.007418
7607 X 7605 0.007418
7616 SX 7605 0.977745
7616 SX 7604 0.007418
7616 SX 7607 0.007418
7616 SX 7606 0.007418
7616 RZPI 7616 1.000000
7616 RZ3PI 7617 1.000000
7616 RZPIHalf 7534 1.000000
7616 S 7535 1.000000
7616 X 7527 0.977745
7616 X 7616 0.007418
7616 X 7617 0.007418
7616 X 7529 0.007418
7617 SX 7607 0.977745
7617 SX 7606 0.007418
7617 SX 7605 0.007418
7617 SX 7604 0.007418
7617 RZPI 7617 1.000000
7617 RZ3PI 7616 1.000000
7617 RZPIHalf 7535 1.000000
7617 S 7534 1.000000
7617 X 7529 0.977745
7617 X 7617 0.007418
7617 X 7616 0.007418
7617 X 7527 0.007418
7658 SX 7559 0.977745
7658 SX 7543 0.007418
7658 SX 7545 0.007418
7658 SX 7557 0.007418
7658 RZPI 7658 1.000000
7658 RZ3PI 7661 1.000000
7658 RZPIHalf 7607 1.000000
7658 S 7604 1.000000
7658 X 7659 0.977745
7658 X 7658 0.007418
7658 X 7661 0.007418
7658 X 7660 0.007418
7659 SX 7543 0.977745
7659 SX 7559 0.007418
7659 SX 7557 0.007418
7659 SX 7545 0.007418
7659 RZPI 7659 1.000000
7659 RZ3PI 7660 1.000000
7659 RZPIHalf 7605 1.000000
7659 S 7606 1.000000
7659 X 7658 0.977745
7659 X 7659 0.007418
7659 X 7660 0.007418
7659 X 7661 0.007418
7660 SX 7557 0.977745
7660 SX 7545 0.007418
7660 SX 7543 0.007418
7660 SX 7559 0.007418
7660 RZPI 7660 1.000000
7660 RZ3PI 7659 1.000000
7660 RZPIHalf 7606 1.000000
7660 S 7605 1.000000
7660 X 7661 0.977745
7660 X 7660 0.007418
7660 X 7659 0.007418
7660 X 7658 0.007418
7661 SX 7545 0.977745
7661 SX 7557 0.007418
7661 SX 7559 0.007418
7661 SX 7543 0.007418
7661 RZPI 7661 1.000000
7661 RZ3PI 7658 1.000000
7661 RZPIHalf 7604 1.000000
7661 S 7607 1.000000
7661 X 7660 0.977745
7661 X 7661 0.007418
7661 X 7658 0.007418
7661 X 7659 0.007418
ENDPOMDP
