BEGINPOMDP
INITIALSTATE: 29849
STATES: 29952,29953,29849,29850,29855,29856,29857,29858,29861,29863,29865,29994,29995,29996,29997,29870,29871,29879,29881,29893,29895,29940,29941,29942,29943
REWARDS: 29952:0,29953:0,29849:0,29850:0,29855:0,29856:0,29857:0,29858:0,29861:0,29863:0,29865:0,29994:0,29995:0,29996:0,29997:0,29870:0,29871:1,29879:0,29881:0,29893:0,29895:0,29940:0,29941:0,29942:0,29943:0
GAMMA: 29952:0,29953:0,29849:0,29850:0,29855:0,29856:0,29857:0,29858:0,29861:0,29863:0,29865:0,29994:0,29995:0,29996:0,29997:0,29870:0,29871:0,29879:0,29881:0,29893:0,29895:0,29940:0,29941:0,29942:0,29943:0
BEGINACTIONS
SX
RZPI
RZ3PI
RZPIHalf
S
X
ENDACTIONS
29849 INIT_ 29850 1.000000
29850 SX 29855 0.999473
29850 SX 29856 0.000176
29850 SX 29857 0.000176
29850 SX 29858 0.000176
29850 RZPI 29850 1.000000
29850 RZ3PI 29861 1.000000
29850 RZPIHalf 29863 1.000000
29850 S 29865 1.000000
29850 X 29870 0.999473
29850 X 29850 0.000176
29850 X 29861 0.000176
29850 X 29871 0.000176
29855 SX 29870 0.999473
29855 SX 29850 0.000176
29855 SX 29861 0.000176
29855 SX 29871 0.000176
29855 RZPI 29855 1.000000
29855 RZ3PI 29858 1.000000
29855 RZPIHalf 29879 1.000000
29855 S 29881 1.000000
29855 X 29856 0.999473
29855 X 29855 0.000176
29855 X 29858 0.000176
29855 X 29857 0.000176
29856 SX 29850 0.999473
29856 SX 29870 0.000176
29856 SX 29871 0.000176
29856 SX 29861 0.000176
29856 RZPI 29856 1.000000
29856 RZ3PI 29857 1.000000
29856 RZPIHalf 29893 1.000000
29856 S 29895 1.000000
29856 X 29855 0.999473
29856 X 29856 0.000176
29856 X 29857 0.000176
29856 X 29858 0.000176
29857 SX 29871 0.999473
29857 SX 29861 0.000176
29857 SX 29850 0.000176
29857 SX 29870 0.000176
29857 RZPI 29857 1.000000
29857 RZ3PI 29856 1.000000
29857 RZPIHalf 29895 1.000000
29857 S 29893 1.000000
29857 X 29858 0.999473
29857 X 29857 0.000176
29857 X 29856 0.000176
29857 X 29855 0.000176
29858 SX 29861 0.999473
29858 SX 29871 0.000176
29858 SX 29870 0.000176
29858 SX 29850 0.000176
29858 RZPI 29858 1.000000
29858 RZ3PI 29855 1.000000
29858 RZPIHalf 29881 1.000000
29858 S 29879 1.000000
29858 X 29857 0.999473
29858 X 29858 0.000176
29858 X 29855 0.000176
29858 X 29856 0.000176
29861 SX 29857 0.999473
29861 SX 29858 0.000176
29861 SX 29855 0.000176
29861 SX 29856 0.000176
29861 RZPI 29861 1.000000
29861 RZ3PI 29850 1.000000
29861 RZPIHalf 29865 1.000000
29861 S 29863 1.000000
29861 X 29871 0.999473
29861 X 29861 0.000176
29861 X 29850 0.000176
29861 X 29870 0.000176
29863 SX 29940 0.999473
29863 SX 29941 0.000176
29863 SX 29942 0.000176
29863 SX 29943 0.000176
29863 RZPI 29863 1.000000
29863 RZ3PI 29865 1.000000
29863 RZPIHalf 29861 1.000000
29863 S 29850 1.000000
29863 X 29952 0.999473
29863 X 29863 0.000176
29863 X 29865 0.000176
29863 X 29953 0.000176
29865 SX 29942 0.999473
29865 SX 29943 0.000176
29865 SX 29940 0.000176
29865 SX 29941 0.000176
29865 RZPI 29865 1.000000
29865 RZ3PI 29863 1.000000
29865 RZPIHalf 29850 1.000000
29865 S 29861 1.000000
29865 X 29953 0.999473
29865 X 29865 0.000176
29865 X 29863 0.000176
29865 X 29952 0.000176
29870 SX 29856 0.999473
29870 SX 29855 0.000176
29870 SX 29858 0.000176
29870 SX 29857 0.000176
29870 RZPI 29870 1.000000
29870 RZ3PI 29871 1.000000
29870 RZPIHalf 29953 1.000000
29870 S 29952 1.000000
29870 X 29850 0.999473
29870 X 29870 0.000176
29870 X 29871 0.000176
29870 X 29861 0.000176
29871 SX 29858 0.999473
29871 SX 29857 0.000176
29871 SX 29856 0.000176
29871 SX 29855 0.000176
29871 RZPI 29871 1.000000
29871 RZ3PI 29870 1.000000
29871 RZPIHalf 29952 1.000000
29871 S 29953 1.000000
29871 X 29861 0.999473
29871 X 29871 0.000176
29871 X 29870 0.000176
29871 X 29850 0.000176
29879 SX 29994 0.999473
29879 SX 29995 0.000176
29879 SX 29996 0.000176
29879 SX 29997 0.000176
29879 RZPI 29879 1.000000
29879 RZ3PI 29881 1.000000
29879 RZPIHalf 29858 1.000000
29879 S 29855 1.000000
29879 X 29895 0.999473
29879 X 29879 0.000176
29879 X 29881 0.000176
29879 X 29893 0.000176
29881 SX 29996 0.999473
29881 SX 29997 0.000176
29881 SX 29994 0.000176
29881 SX 29995 0.000176
29881 RZPI 29881 1.000000
29881 RZ3PI 29879 1.000000
29881 RZPIHalf 29855 1.000000
29881 S 29858 1.000000
29881 X 29893 0.999473
29881 X 29881 0.000176
29881 X 29879 0.000176
29881 X 29895 0.000176
29893 SX 29997 0.999473
29893 SX 29996 0.000176
29893 SX 29995 0.000176
29893 SX 29994 0.000176
29893 RZPI 29893 1.000000
29893 RZ3PI 29895 1.000000
29893 RZPIHalf 29857 1.000000
29893 S 29856 1.000000
29893 X 29881 0.999473
29893 X 29893 0.000176
29893 X 29895 0.000176
29893 X 29879 0.000176
29895 SX 29995 0.999473
29895 SX 29994 0.000176
29895 SX 29997 0.000176
29895 SX 29996 0.000176
29895 RZPI 29895 1.000000
29895 RZ3PI 29893 1.000000
29895 RZPIHalf 29856 1.000000
29895 S 29857 1.000000
29895 X 29879 0.999473
29895 X 29895 0.000176
29895 X 29893 0.000176
29895 X 29881 0.000176
29940 SX 29952 0.999473
29940 SX 29863 0.000176
29940 SX 29865 0.000176
29940 SX 29953 0.000176
29940 RZPI 29940 1.000000
29940 RZ3PI 29943 1.000000
29940 RZPIHalf 29994 1.000000
29940 S 29997 1.000000
29940 X 29941 0.999473
29940 X 29940 0.000176
29940 X 29943 0.000176
29940 X 29942 0.000176
29941 SX 29863 0.999473
29941 SX 29952 0.000176
29941 SX 29953 0.000176
29941 SX 29865 0.000176
29941 RZPI 29941 1.000000
29941 RZ3PI 29942 1.000000
29941 RZPIHalf 29996 1.000000
29941 S 29995 1.000000
29941 X 29940 0.999473
29941 X 29941 0.000176
29941 X 29942 0.000176
29941 X 29943 0.000176
29942 SX 29953 0.999473
29942 SX 29865 0.000176
29942 SX 29863 0.000176
29942 SX 29952 0.000176
29942 RZPI 29942 1.000000
29942 RZ3PI 29941 1.000000
29942 RZPIHalf 29995 1.000000
29942 S 29996 1.000000
29942 X 29943 0.999473
29942 X 29942 0.000176
29942 X 29941 0.000176
29942 X 29940 0.000176
29943 SX 29865 0.999473
29943 SX 29953 0.000176
29943 SX 29952 0.000176
29943 SX 29863 0.000176
29943 RZPI 29943 1.000000
29943 RZ3PI 29940 1.000000
29943 RZPIHalf 29997 1.000000
29943 S 29994 1.000000
29943 X 29942 0.999473
29943 X 29943 0.000176
29943 X 29940 0.000176
29943 X 29941 0.000176
29952 SX 29941 0.999473
29952 SX 29940 0.000176
29952 SX 29943 0.000176
29952 SX 29942 0.000176
29952 RZPI 29952 1.000000
29952 RZ3PI 29953 1.000000
29952 RZPIHalf 29870 1.000000
29952 S 29871 1.000000
29952 X 29863 0.999473
29952 X 29952 0.000176
29952 X 29953 0.000176
29952 X 29865 0.000176
29953 SX 29943 0.999473
29953 SX 29942 0.000176
29953 SX 29941 0.000176
29953 SX 29940 0.000176
29953 RZPI 29953 1.000000
29953 RZ3PI 29952 1.000000
29953 RZPIHalf 29871 1.000000
29953 S 29870 1.000000
29953 X 29865 0.999473
29953 X 29953 0.000176
29953 X 29952 0.000176
29953 X 29863 0.000176
29994 SX 29895 0.999473
29994 SX 29879 0.000176
29994 SX 29881 0.000176
29994 SX 29893 0.000176
29994 RZPI 29994 1.000000
29994 RZ3PI 29997 1.000000
29994 RZPIHalf 29943 1.000000
29994 S 29940 1.000000
29994 X 29995 0.999473
29994 X 29994 0.000176
29994 X 29997 0.000176
29994 X 29996 0.000176
29995 SX 29879 0.999473
29995 SX 29895 0.000176
29995 SX 29893 0.000176
29995 SX 29881 0.000176
29995 RZPI 29995 1.000000
29995 RZ3PI 29996 1.000000
29995 RZPIHalf 29941 1.000000
29995 S 29942 1.000000
29995 X 29994 0.999473
29995 X 29995 0.000176
29995 X 29996 0.000176
29995 X 29997 0.000176
29996 SX 29893 0.999473
29996 SX 29881 0.000176
29996 SX 29879 0.000176
29996 SX 29895 0.000176
29996 RZPI 29996 1.000000
29996 RZ3PI 29995 1.000000
29996 RZPIHalf 29942 1.000000
29996 S 29941 1.000000
29996 X 29997 0.999473
29996 X 29996 0.000176
29996 X 29995 0.000176
29996 X 29994 0.000176
29997 SX 29881 0.999473
29997 SX 29893 0.000176
29997 SX 29895 0.000176
29997 SX 29879 0.000176
29997 RZPI 29997 1.000000
29997 RZ3PI 29994 1.000000
29997 RZPIHalf 29940 1.000000
29997 S 29943 1.000000
29997 X 29996 0.999473
29997 X 29997 0.000176
29997 X 29994 0.000176
29997 X 29995 0.000176
ENDPOMDP
