BEGINPOMDP
INITIALSTATE: 28597
STATES: 28688,28689,28690,28691,28700,28701,28597,28598,28603,28604,28605,28606,28609,28611,28613,28742,28743,28744,28745,28618,28619,28627,28629,28641,28643
REWARDS: 28688:0,28689:0,28690:0,28691:0,28700:0,28701:0,28597:0,28598:0,28603:0,28604:0,28605:0,28606:0,28609:0,28611:0,28613:0,28742:0,28743:0,28744:0,28745:0,28618:0,28619:1,28627:0,28629:0,28641:0,28643:0
GAMMA: 28688:0,28689:0,28690:0,28691:0,28700:0,28701:0,28597:0,28598:0,28603:0,28604:0,28605:0,28606:0,28609:0,28611:0,28613:0,28742:0,28743:0,28744:0,28745:0,28618:0,28619:0,28627:0,28629:0,28641:0,28643:0
BEGINACTIONS
SX
RZPI
RZ3PI
RZPIHalf
S
X
ENDACTIONS
28597 INIT_ 28598 1.000000
28598 SX 28603 0.999753
28598 SX 28604 0.000082
28598 SX 28605 0.000082
28598 SX 28606 0.000082
28598 RZPI 28598 1.000000
28598 RZ3PI 28609 1.000000
28598 RZPIHalf 28611 1.000000
28598 S 28613 1.000000
28598 X 28618 0.999753
28598 X 28598 0.000082
28598 X 28609 0.000082
28598 X 28619 0.000082
28603 SX 28618 0.999753
28603 SX 28598 0.000082
28603 SX 28609 0.000082
28603 SX 28619 0.000082
28603 RZPI 28603 1.000000
28603 RZ3PI 28606 1.000000
28603 RZPIHalf 28627 1.000000
28603 S 28629 1.000000
28603 X 28604 0.999753
28603 X 28603 0.000082
28603 X 28606 0.000082
28603 X 28605 0.000082
28604 SX 28598 0.999753
28604 SX 28618 0.000082
28604 SX 28619 0.000082
28604 SX 28609 0.000082
28604 RZPI 28604 1.000000
28604 RZ3PI 28605 1.000000
28604 RZPIHalf 28641 1.000000
28604 S 28643 1.000000
28604 X 28603 0.999753
28604 X 28604 0.000082
28604 X 28605 0.000082
28604 X 28606 0.000082
28605 SX 28619 0.999753
28605 SX 28609 0.000082
28605 SX 28598 0.000082
28605 SX 28618 0.000082
28605 RZPI 28605 1.000000
28605 RZ3PI 28604 1.000000
28605 RZPIHalf 28643 1.000000
28605 S 28641 1.000000
28605 X 28606 0.999753
28605 X 28605 0.000082
28605 X 28604 0.000082
28605 X 28603 0.000082
28606 SX 28609 0.999753
28606 SX 28619 0.000082
28606 SX 28618 0.000082
28606 SX 28598 0.000082
28606 RZPI 28606 1.000000
28606 RZ3PI 28603 1.000000
28606 RZPIHalf 28629 1.000000
28606 S 28627 1.000000
28606 X 28605 0.999753
28606 X 28606 0.000082
28606 X 28603 0.000082
28606 X 28604 0.000082
28609 SX 28605 0.999753
28609 SX 28606 0.000082
28609 SX 28603 0.000082
28609 SX 28604 0.000082
28609 RZPI 28609 1.000000
28609 RZ3PI 28598 1.000000
28609 RZPIHalf 28613 1.000000
28609 S 28611 1.000000
28609 X 28619 0.999753
28609 X 28609 0.000082
28609 X 28598 0.000082
28609 X 28618 0.000082
28611 SX 28688 0.999753
28611 SX 28689 0.000082
28611 SX 28690 0.000082
28611 SX 28691 0.000082
28611 RZPI 28611 1.000000
28611 RZ3PI 28613 1.000000
28611 RZPIHalf 28609 1.000000
28611 S 28598 1.000000
28611 X 28700 0.999753
28611 X 28611 0.000082
28611 X 28613 0.000082
28611 X 28701 0.000082
28613 SX 28690 0.999753
28613 SX 28691 0.000082
28613 SX 28688 0.000082
28613 SX 28689 0.000082
28613 RZPI 28613 1.000000
28613 RZ3PI 28611 1.000000
28613 RZPIHalf 28598 1.000000
28613 S 28609 1.000000
28613 X 28701 0.999753
28613 X 28613 0.000082
28613 X 28611 0.000082
28613 X 28700 0.000082
28618 SX 28604 0.999753
28618 SX 28603 0.000082
28618 SX 28606 0.000082
28618 SX 28605 0.000082
28618 RZPI 28618 1.000000
28618 RZ3PI 28619 1.000000
28618 RZPIHalf 28701 1.000000
28618 S 28700 1.000000
28618 X 28598 0.999753
28618 X 28618 0.000082
28618 X 28619 0.000082
28618 X 28609 0.000082
28619 SX 28606 0.999753
28619 SX 28605 0.000082
28619 SX 28604 0.000082
28619 SX 28603 0.000082
28619 RZPI 28619 1.000000
28619 RZ3PI 28618 1.000000
28619 RZPIHalf 28700 1.000000
28619 S 28701 1.000000
28619 X 28609 0.999753
28619 X 28619 0.000082
28619 X 28618 0.000082
28619 X 28598 0.000082
28627 SX 28742 0.999753
28627 SX 28743 0.000082
28627 SX 28744 0.000082
28627 SX 28745 0.000082
28627 RZPI 28627 1.000000
28627 RZ3PI 28629 1.000000
28627 RZPIHalf 28606 1.000000
28627 S 28603 1.000000
28627 X 28643 0.999753
28627 X 28627 0.000082
28627 X 28629 0.000082
28627 X 28641 0.000082
28629 SX 28744 0.999753
28629 SX 28745 0.000082
28629 SX 28742 0.000082
28629 SX 28743 0.000082
28629 RZPI 28629 1.000000
28629 RZ3PI 28627 1.000000
28629 RZPIHalf 28603 1.000000
28629 S 28606 1.000000
28629 X 28641 0.999753
28629 X 28629 0.000082
28629 X 28627 0.000082
28629 X 28643 0.000082
28641 SX 28745 0.999753
28641 SX 28744 0.000082
28641 SX 28743 0.000082
28641 SX 28742 0.000082
28641 RZPI 28641 1.000000
28641 RZ3PI 28643 1.000000
28641 RZPIHalf 28605 1.000000
28641 S 28604 1.000000
28641 X 28629 0.999753
28641 X 28641 0.000082
28641 X 28643 0.000082
28641 X 28627 0.000082
28643 SX 28743 0.999753
28643 SX 28742 0.000082
28643 SX 28745 0.000082
28643 SX 28744 0.000082
28643 RZPI 28643 1.000000
28643 RZ3PI 28641 1.000000
28643 RZPIHalf 28604 1.000000
28643 S 28605 1.000000
28643 X 28627 0.999753
28643 X 28643 0.000082
28643 X 28641 0.000082
28643 X 28629 0.000082
28688 SX 28700 0.999753
28688 SX 28611 0.000082
28688 SX 28613 0.000082
28688 SX 28701 0.000082
28688 RZPI 28688 1.000000
28688 RZ3PI 28691 1.000000
28688 RZPIHalf 28742 1.000000
28688 S 28745 1.000000
28688 X 28689 0.999753
28688 X 28688 0.000082
28688 X 28691 0.000082
28688 X 28690 0.000082
28689 SX 28611 0.999753
28689 SX 28700 0.000082
28689 SX 28701 0.000082
28689 SX 28613 0.000082
28689 RZPI 28689 1.000000
28689 RZ3PI 28690 1.000000
28689 RZPIHalf 28744 1.000000
28689 S 28743 1.000000
28689 X 28688 0.999753
28689 X 28689 0.000082
28689 X 28690 0.000082
28689 X 28691 0.000082
28690 SX 28701 0.999753
28690 SX 28613 0.000082
28690 SX 28611 0.000082
28690 SX 28700 0.000082
28690 RZPI 28690 1.000000
28690 RZ3PI 28689 1.000000
28690 RZPIHalf 28743 1.000000
28690 S 28744 1.000000
28690 X 28691 0.999753
28690 X 28690 0.000082
28690 X 28689 0.000082
28690 X 28688 0.000082
28691 SX 28613 0.999753
28691 SX 28701 0.000082
28691 SX 28700 0.000082
28691 SX 28611 0.000082
28691 RZPI 28691 1.000000
28691 RZ3PI 28688 1.000000
28691 RZPIHalf 28745 1.000000
28691 S 28742 1.000000
28691 X 28690 0.999753
28691 X 28691 0.000082
28691 X 28688 0.000082
28691 X 28689 0.000082
28700 SX 28689 0.999753
28700 SX 28688 0.000082
28700 SX 28691 0.000082
28700 SX 28690 0.000082
28700 RZPI 28700 1.000000
28700 RZ3PI 28701 1.000000
28700 RZPIHalf 28618 1.000000
28700 S 28619 1.000000
28700 X 28611 0.999753
28700 X 28700 0.000082
28700 X 28701 0.000082
28700 X 28613 0.000082
28701 SX 28691 0.999753
28701 SX 28690 0.000082
28701 SX 28689 0.000082
28701 SX 28688 0.000082
28701 RZPI 28701 1.000000
28701 RZ3PI 28700 1.000000
28701 RZPIHalf 28619 1.000000
28701 S 28618 1.000000
28701 X 28613 0.999753
28701 X 28701 0.000082
28701 X 28700 0.000082
28701 X 28611 0.000082
28742 SX 28643 0.999753
28742 SX 28627 0.000082
28742 SX 28629 0.000082
28742 SX 28641 0.000082
28742 RZPI 28742 1.000000
28742 RZ3PI 28745 1.000000
28742 RZPIHalf 28691 1.000000
28742 S 28688 1.000000
28742 X 28743 0.999753
28742 X 28742 0.000082
28742 X 28745 0.000082
28742 X 28744 0.000082
28743 SX 28627 0.999753
28743 SX 28643 0.000082
28743 SX 28641 0.000082
28743 SX 28629 0.000082
28743 RZPI 28743 1.000000
28743 RZ3PI 28744 1.000000
28743 RZPIHalf 28689 1.000000
28743 S 28690 1.000000
28743 X 28742 0.999753
28743 X 28743 0.000082
28743 X 28744 0.000082
28743 X 28745 0.000082
28744 SX 28641 0.999753
28744 SX 28629 0.000082
28744 SX 28627 0.000082
28744 SX 28643 0.000082
28744 RZPI 28744 1.000000
28744 RZ3PI 28743 1.000000
28744 RZPIHalf 28690 1.000000
28744 S 28689 1.000000
28744 X 28745 0.999753
28744 X 28744 0.000082
28744 X 28743 0.000082
28744 X 28742 0.000082
28745 SX 28629 0.999753
28745 SX 28641 0.000082
28745 SX 28643 0.000082
28745 SX 28627 0.000082
28745 RZPI 28745 1.000000
28745 RZ3PI 28742 1.000000
28745 RZPIHalf 28688 1.000000
28745 S 28691 1.000000
28745 X 28744 0.999753
28745 X 28745 0.000082
28745 X 28742 0.000082
28745 X 28743 0.000082
ENDPOMDP
