BEGINPOMDP
INITIALSTATE: 29536
STATES: 29568,29580,29582,29627,29628,29629,29630,29639,29640,29536,29537,29542,29543,29544,29545,29548,29550,29552,29681,29682,29683,29684,29557,29558,29566
REWARDS: 29568:0,29580:0,29582:0,29627:0,29628:0,29629:0,29630:0,29639:0,29640:0,29536:0,29537:0,29542:0,29543:0,29544:0,29545:0,29548:0,29550:0,29552:0,29681:0,29682:0,29683:0,29684:0,29557:0,29558:1,29566:0
GAMMA: 29568:0,29580:0,29582:0,29627:0,29628:0,29629:0,29630:0,29639:0,29640:0,29536:0,29537:0,29542:0,29543:0,29544:0,29545:0,29548:0,29550:0,29552:0,29681:0,29682:0,29683:0,29684:0,29557:0,29558:0,29566:0
BEGINACTIONS
SX
RZPI
RZ3PI
RZPIHalf
S
X
ENDACTIONS
29536 INIT_ 29537 1.000000
29537 SX 29542 0.998747
29537 SX 29543 0.000418
29537 SX 29544 0.000418
29537 SX 29545 0.000418
29537 RZPI 29537 1.000000
29537 RZ3PI 29548 1.000000
29537 RZPIHalf 29550 1.000000
29537 S 29552 1.000000
29537 X 29557 0.998747
29537 X 29537 0.000418
29537 X 29548 0.000418
29537 X 29558 0.000418
29542 SX 29557 0.998747
29542 SX 29537 0.000418
29542 SX 29548 0.000418
29542 SX 29558 0.000418
29542 RZPI 29542 1.000000
29542 RZ3PI 29545 1.000000
29542 RZPIHalf 29566 1.000000
29542 S 29568 1.000000
29542 X 29543 0.998747
29542 X 29542 0.000418
29542 X 29545 0.000418
29542 X 29544 0.000418
29543 SX 29537 0.998747
29543 SX 29557 0.000418
29543 SX 29558 0.000418
29543 SX 29548 0.000418
29543 RZPI 29543 1.000000
29543 RZ3PI 29544 1.000000
29543 RZPIHalf 29580 1.000000
29543 S 29582 1.000000
29543 X 29542 0.998747
29543 X 29543 0.000418
29543 X 29544 0.000418
29543 X 29545 0.000418
29544 SX 29558 0.998747
29544 SX 29548 0.000418
29544 SX 29537 0.000418
29544 SX 29557 0.000418
29544 RZPI 29544 1.000000
29544 RZ3PI 29543 1.000000
29544 RZPIHalf 29582 1.000000
29544 S 29580 1.000000
29544 X 29545 0.998747
29544 X 29544 0.000418
29544 X 29543 0.000418
29544 X 29542 0.000418
29545 SX 29548 0.998747
29545 SX 29558 0.000418
29545 SX 29557 0.000418
29545 SX 29537 0.000418
29545 RZPI 29545 1.000000
29545 RZ3PI 29542 1.000000
29545 RZPIHalf 29568 1.000000
29545 S 29566 1.000000
29545 X 29544 0.998747
29545 X 29545 0.000418
29545 X 29542 0.000418
29545 X 29543 0.000418
29548 SX 29544 0.998747
29548 SX 29545 0.000418
29548 SX 29542 0.000418
29548 SX 29543 0.000418
29548 RZPI 29548 1.000000
29548 RZ3PI 29537 1.000000
29548 RZPIHalf 29552 1.000000
29548 S 29550 1.000000
29548 X 29558 0.998747
29548 X 29548 0.000418
29548 X 29537 0.000418
29548 X 29557 0.000418
29550 SX 29627 0.998747
29550 SX 29628 0.000418
29550 SX 29629 0.000418
29550 SX 29630 0.000418
29550 RZPI 29550 1.000000
29550 RZ3PI 29552 1.000000
29550 RZPIHalf 29548 1.000000
29550 S 29537 1.000000
29550 X 29639 0.998747
29550 X 29550 0.000418
29550 X 29552 0.000418
29550 X 29640 0.000418
29552 SX 29629 0.998747
29552 SX 29630 0.000418
29552 SX 29627 0.000418
29552 SX 29628 0.000418
29552 RZPI 29552 1.000000
29552 RZ3PI 29550 1.000000
29552 RZPIHalf 29537 1.000000
29552 S 29548 1.000000
29552 X 29640 0.998747
29552 X 29552 0.000418
29552 X 29550 0.000418
29552 X 29639 0.000418
29557 SX 29543 0.998747
29557 SX 29542 0.000418
29557 SX 29545 0.000418
29557 SX 29544 0.000418
29557 RZPI 29557 1.000000
29557 RZ3PI 29558 1.000000
29557 RZPIHalf 29640 1.000000
29557 S 29639 1.000000
29557 X 29537 0.998747
29557 X 29557 0.000418
29557 X 29558 0.000418
29557 X 29548 0.000418
29558 SX 29545 0.998747
29558 SX 29544 0.000418
29558 SX 29543 0.000418
29558 SX 29542 0.000418
29558 RZPI 29558 1.000000
29558 RZ3PI 29557 1.000000
29558 RZPIHalf 29639 1.000000
29558 S 29640 1.000000
29558 X 29548 0.998747
29558 X 29558 0.000418
29558 X 29557 0.000418
29558 X 29537 0.000418
29566 SX 29681 0.998747
29566 SX 29682 0.000418
29566 SX 29683 0.000418
29566 SX 29684 0.000418
29566 RZPI 29566 1.000000
29566 RZ3PI 29568 1.000000
29566 RZPIHalf 29545 1.000000
29566 S 29542 1.000000
29566 X 29582 0.998747
29566 X 29566 0.000418
29566 X 29568 0.000418
29566 X 29580 0.000418
29568 SX 29683 0.998747
29568 SX 29684 0.000418
29568 SX 29681 0.000418
29568 SX 29682 0.000418
29568 RZPI 29568 1.000000
29568 RZ3PI 29566 1.000000
29568 RZPIHalf 29542 1.000000
29568 S 29545 1.000000
29568 X 29580 0.998747
29568 X 29568 0.000418
29568 X 29566 0.000418
29568 X 29582 0.000418
29580 SX 29684 0.998747
29580 SX 29683 0.000418
29580 SX 29682 0.000418
29580 SX 29681 0.000418
29580 RZPI 29580 1.000000
29580 RZ3PI 29582 1.000000
29580 RZPIHalf 29544 1.000000
29580 S 29543 1.000000
29580 X 29568 0.998747
29580 X 29580 0.000418
29580 X 29582 0.000418
29580 X 29566 0.000418
29582 SX 29682 0.998747
29582 SX 29681 0.000418
29582 SX 29684 0.000418
29582 SX 29683 0.000418
29582 RZPI 29582 1.000000
29582 RZ3PI 29580 1.000000
29582 RZPIHalf 29543 1.000000
29582 S 29544 1.000000
29582 X 29566 0.998747
29582 X 29582 0.000418
29582 X 29580 0.000418
29582 X 29568 0.000418
29627 SX 29639 0.998747
29627 SX 29550 0.000418
29627 SX 29552 0.000418
29627 SX 29640 0.000418
29627 RZPI 29627 1.000000
29627 RZ3PI 29630 1.000000
29627 RZPIHalf 29681 1.000000
29627 S 29684 1.000000
29627 X 29628 0.998747
29627 X 29627 0.000418
29627 X 29630 0.000418
29627 X 29629 0.000418
29628 SX 29550 0.998747
29628 SX 29639 0.000418
29628 SX 29640 0.000418
29628 SX 29552 0.000418
29628 RZPI 29628 1.000000
29628 RZ3PI 29629 1.000000
29628 RZPIHalf 29683 1.000000
29628 S 29682 1.000000
29628 X 29627 0.998747
29628 X 29628 0.000418
29628 X 29629 0.000418
29628 X 29630 0.000418
29629 SX 29640 0.998747
29629 SX 29552 0.000418
29629 SX 29550 0.000418
29629 SX 29639 0.000418
29629 RZPI 29629 1.000000
29629 RZ3PI 29628 1.000000
29629 RZPIHalf 29682 1.000000
29629 S 29683 1.000000
29629 X 29630 0.998747
29629 X 29629 0.000418
29629 X 29628 0.000418
29629 X 29627 0.000418
29630 SX 29552 0.998747
29630 SX 29640 0.000418
29630 SX 29639 0.000418
29630 SX 29550 0.000418
29630 RZPI 29630 1.000000
29630 RZ3PI 29627 1.000000
29630 RZPIHalf 29684 1.000000
29630 S 29681 1.000000
29630 X 29629 0.998747
29630 X 29630 0.000418
29630 X 29627 0.000418
29630 X 29628 0.000418
29639 SX 29628 0.998747
29639 SX 29627 0.000418
29639 SX 29630 0.000418
29639 SX 29629 0.000418
29639 RZPI 29639 1.000000
29639 RZ3PI 29640 1.000000
29639 RZPIHalf 29557 1.000000
29639 S 29558 1.000000
29639 X 29550 0.998747
29639 X 29639 0.000418
29639 X 29640 0.000418
29639 X 29552 0.000418
29640 SX 29630 0.998747
29640 SX 29629 0.000418
29640 SX 29628 0.000418
29640 SX 29627 0.000418
29640 RZPI 29640 1.000000
29640 RZ3PI 29639 1.000000
29640 RZPIHalf 29558 1.000000
29640 S 29557 1.000000
29640 X 29552 0.998747
29640 X 29640 0.000418
29640 X 29639 0.000418
29640 X 29550 0.000418
29681 SX 29582 0.998747
29681 SX 29566 0.000418
29681 SX 29568 0.000418
29681 SX 29580 0.000418
29681 RZPI 29681 1.000000
29681 RZ3PI 29684 1.000000
29681 RZPIHalf 29630 1.000000
29681 S 29627 1.000000
29681 X 29682 0.998747
29681 X 29681 0.000418
29681 X 29684 0.000418
29681 X 29683 0.000418
29682 SX 29566 0.998747
29682 SX 29582 0.000418
29682 SX 29580 0.000418
29682 SX 29568 0.000418
29682 RZPI 29682 1.000000
29682 RZ3PI 29683 1.000000
29682 RZPIHalf 29628 1.000000
29682 S 29629 1.000000
29682 X 29681 0.998747
29682 X 29682 0.000418
29682 X 29683 0.000418
29682 X 29684 0.000418
29683 SX 29580 0.998747
29683 SX 29568 0.000418
29683 SX 29566 0.000418
29683 SX 29582 0.000418
29683 RZPI 29683 1.000000
29683 RZ3PI 29682 1.000000
29683 RZPIHalf 29629 1.000000
29683 S 29628 1.000000
29683 X 29684 0.998747
29683 X 29683 0.000418
29683 X 29682 0.000418
29683 X 29681 0.000418
29684 SX 29568 0.998747
29684 SX 29580 0.000418
29684 SX 29582 0.000418
29684 SX 29566 0.000418
29684 RZPI 29684 1.000000
29684 RZ3PI 29681 1.000000
29684 RZPIHalf 29627 1.000000
29684 S 29630 1.000000
29684 X 29683 0.998747
29684 X 29684 0.000418
29684 X 29681 0.000418
29684 X 29682 0.000418
ENDPOMDP
