BEGINPOMDP
INITIALSTATE: 32040
STATES: 32131,32132,32133,32134,32143,32144,32040,32041,32046,32047,32048,32049,32052,32054,32056,32185,32186,32187,32188,32061,32062,32070,32072,32084,32086
REWARDS: 32131:0,32132:0,32133:0,32134:0,32143:0,32144:0,32040:0,32041:0,32046:0,32047:0,32048:0,32049:0,32052:0,32054:0,32056:0,32185:0,32186:0,32187:0,32188:0,32061:0,32062:1,32070:0,32072:0,32084:0,32086:0
GAMMA: 32131:0,32132:0,32133:0,32134:0,32143:0,32144:0,32040:0,32041:0,32046:0,32047:0,32048:0,32049:0,32052:0,32054:0,32056:0,32185:0,32186:0,32187:0,32188:0,32061:0,32062:0,32070:0,32072:0,32084:0,32086:0
BEGINACTIONS
SX
RZPI
RZ3PI
RZPIHalf
S
X
ENDACTIONS
32040 INIT_ 32041 1.000000
32041 SX 32046 0.999703
32041 SX 32047 0.000099
32041 SX 32048 0.000099
32041 SX 32049 0.000099
32041 RZPI 32041 1.000000
32041 RZ3PI 32052 1.000000
32041 RZPIHalf 32054 1.000000
32041 S 32056 1.000000
32041 X 32061 0.999703
32041 X 32041 0.000099
32041 X 32052 0.000099
32041 X 32062 0.000099
32046 SX 32061 0.999703
32046 SX 32041 0.000099
32046 SX 32052 0.000099
32046 SX 32062 0.000099
32046 RZPI 32046 1.000000
32046 RZ3PI 32049 1.000000
32046 RZPIHalf 32070 1.000000
32046 S 32072 1.000000
32046 X 32047 0.999703
32046 X 32046 0.000099
32046 X 32049 0.000099
32046 X 32048 0.000099
32047 SX 32041 0.999703
32047 SX 32061 0.000099
32047 SX 32062 0.000099
32047 SX 32052 0.000099
32047 RZPI 32047 1.000000
32047 RZ3PI 32048 1.000000
32047 RZPIHalf 32084 1.000000
32047 S 32086 1.000000
32047 X 32046 0.999703
32047 X 32047 0.000099
32047 X 32048 0.000099
32047 X 32049 0.000099
32048 SX 32062 0.999703
32048 SX 32052 0.000099
32048 SX 32041 0.000099
32048 SX 32061 0.000099
32048 RZPI 32048 1.000000
32048 RZ3PI 32047 1.000000
32048 RZPIHalf 32086 1.000000
32048 S 32084 1.000000
32048 X 32049 0.999703
32048 X 32048 0.000099
32048 X 32047 0.000099
32048 X 32046 0.000099
32049 SX 32052 0.999703
32049 SX 32062 0.000099
32049 SX 32061 0.000099
32049 SX 32041 0.000099
32049 RZPI 32049 1.000000
32049 RZ3PI 32046 1.000000
32049 RZPIHalf 32072 1.000000
32049 S 32070 1.000000
32049 X 32048 0.999703
32049 X 32049 0.000099
32049 X 32046 0.000099
32049 X 32047 0.000099
32052 SX 32048 0.999703
32052 SX 32049 0.000099
32052 SX 32046 0.000099
32052 SX 32047 0.000099
32052 RZPI 32052 1.000000
32052 RZ3PI 32041 1.000000
32052 RZPIHalf 32056 1.000000
32052 S 32054 1.000000
32052 X 32062 0.999703
32052 X 32052 0.000099
32052 X 32041 0.000099
32052 X 32061 0.000099
32054 SX 32131 0.999703
32054 SX 32132 0.000099
32054 SX 32133 0.000099
32054 SX 32134 0.000099
32054 RZPI 32054 1.000000
32054 RZ3PI 32056 1.000000
32054 RZPIHalf 32052 1.000000
32054 S 32041 1.000000
32054 X 32143 0.999703
32054 X 32054 0.000099
32054 X 32056 0.000099
32054 X 32144 0.000099
32056 SX 32133 0.999703
32056 SX 32134 0.000099
32056 SX 32131 0.000099
32056 SX 32132 0.000099
32056 RZPI 32056 1.000000
32056 RZ3PI 32054 1.000000
32056 RZPIHalf 32041 1.000000
32056 S 32052 1.000000
32056 X 32144 0.999703
32056 X 32056 0.000099
32056 X 32054 0.000099
32056 X 32143 0.000099
32061 SX 32047 0.999703
32061 SX 32046 0.000099
32061 SX 32049 0.000099
32061 SX 32048 0.000099
32061 RZPI 32061 1.000000
32061 RZ3PI 32062 1.000000
32061 RZPIHalf 32144 1.000000
32061 S 32143 1.000000
32061 X 32041 0.999703
32061 X 32061 0.000099
32061 X 32062 0.000099
32061 X 32052 0.000099
32062 SX 32049 0.999703
32062 SX 32048 0.000099
32062 SX 32047 0.000099
32062 SX 32046 0.000099
32062 RZPI 32062 1.000000
32062 RZ3PI 32061 1.000000
32062 RZPIHalf 32143 1.000000
32062 S 32144 1.000000
32062 X 32052 0.999703
32062 X 32062 0.000099
32062 X 32061 0.000099
32062 X 32041 0.000099
32070 SX 32185 0.999703
32070 SX 32186 0.000099
32070 SX 32187 0.000099
32070 SX 32188 0.000099
32070 RZPI 32070 1.000000
32070 RZ3PI 32072 1.000000
32070 RZPIHalf 32049 1.000000
32070 S 32046 1.000000
32070 X 32086 0.999703
32070 X 32070 0.000099
32070 X 32072 0.000099
32070 X 32084 0.000099
32072 SX 32187 0.999703
32072 SX 32188 0.000099
32072 SX 32185 0.000099
32072 SX 32186 0.000099
32072 RZPI 32072 1.000000
32072 RZ3PI 32070 1.000000
32072 RZPIHalf 32046 1.000000
32072 S 32049 1.000000
32072 X 32084 0.999703
32072 X 32072 0.000099
32072 X 32070 0.000099
32072 X 32086 0.000099
32084 SX 32188 0.999703
32084 SX 32187 0.000099
32084 SX 32186 0.000099
32084 SX 32185 0.000099
32084 RZPI 32084 1.000000
32084 RZ3PI 32086 1.000000
32084 RZPIHalf 32048 1.000000
32084 S 32047 1.000000
32084 X 32072 0.999703
32084 X 32084 0.000099
32084 X 32086 0.000099
32084 X 32070 0.000099
32086 SX 32186 0.999703
32086 SX 32185 0.000099
32086 SX 32188 0.000099
32086 SX 32187 0.000099
32086 RZPI 32086 1.000000
32086 RZ3PI 32084 1.000000
32086 RZPIHalf 32047 1.000000
32086 S 32048 1.000000
32086 X 32070 0.999703
32086 X 32086 0.000099
32086 X 32084 0.000099
32086 X 32072 0.000099
32131 SX 32143 0.999703
32131 SX 32054 0.000099
32131 SX 32056 0.000099
32131 SX 32144 0.000099
32131 RZPI 32131 1.000000
32131 RZ3PI 32134 1.000000
32131 RZPIHalf 32185 1.000000
32131 S 32188 1.000000
32131 X 32132 0.999703
32131 X 32131 0.000099
32131 X 32134 0.000099
32131 X 32133 0.000099
32132 SX 32054 0.999703
32132 SX 32143 0.000099
32132 SX 32144 0.000099
32132 SX 32056 0.000099
32132 RZPI 32132 1.000000
32132 RZ3PI 32133 1.000000
32132 RZPIHalf 32187 1.000000
32132 S 32186 1.000000
32132 X 32131 0.999703
32132 X 32132 0.000099
32132 X 32133 0.000099
32132 X 32134 0.000099
32133 SX 32144 0.999703
32133 SX 32056 0.000099
32133 SX 32054 0.000099
32133 SX 32143 0.000099
32133 RZPI 32133 1.000000
32133 RZ3PI 32132 1.000000
32133 RZPIHalf 32186 1.000000
32133 S 32187 1.000000
32133 X 32134 0.999703
32133 X 32133 0.000099
32133 X 32132 0.000099
32133 X 32131 0.000099
32134 SX 32056 0.999703
32134 SX 32144 0.000099
32134 SX 32143 0.000099
32134 SX 32054 0.000099
32134 RZPI 32134 1.000000
32134 RZ3PI 32131 1.000000
32134 RZPIHalf 32188 1.000000
32134 S 32185 1.000000
32134 X 32133 0.999703
32134 X 32134 0.000099
32134 X 32131 0.000099
32134 X 32132 0.000099
32143 SX 32132 0.999703
32143 SX 32131 0.000099
32143 SX 32134 0.000099
32143 SX 32133 0.000099
32143 RZPI 32143 1.000000
32143 RZ3PI 32144 1.000000
32143 RZPIHalf 32061 1.000000
32143 S 32062 1.000000
32143 X 32054 0.999703
32143 X 32143 0.000099
32143 X 32144 0.000099
32143 X 32056 0.000099
32144 SX 32134 0.999703
32144 SX 32133 0.000099
32144 SX 32132 0.000099
32144 SX 32131 0.000099
32144 RZPI 32144 1.000000
32144 RZ3PI 32143 1.000000
32144 RZPIHalf 32062 1.000000
32144 S 32061 1.000000
32144 X 32056 0.999703
32144 X 32144 0.000099
32144 X 32143 0.000099
32144 X 32054 0.000099
32185 SX 32086 0.999703
32185 SX 32070 0.000099
32185 SX 32072 0.000099
32185 SX 32084 0.000099
32185 RZPI 32185 1.000000
32185 RZ3PI 32188 1.000000
32185 RZPIHalf 32134 1.000000
32185 S 32131 1.000000
32185 X 32186 0.999703
32185 X 32185 0.000099
32185 X 32188 0.000099
32185 X 32187 0.000099
32186 SX 32070 0.999703
32186 SX 32086 0.000099
32186 SX 32084 0.000099
32186 SX 32072 0.000099
32186 RZPI 32186 1.000000
32186 RZ3PI 32187 1.000000
32186 RZPIHalf 32132 1.000000
32186 S 32133 1.000000
32186 X 32185 0.999703
32186 X 32186 0.000099
32186 X 32187 0.000099
32186 X 32188 0.000099
32187 SX 32084 0.999703
32187 SX 32072 0.000099
32187 SX 32070 0.000099
32187 SX 32086 0.000099
32187 RZPI 32187 1.000000
32187 RZ3PI 32186 1.000000
32187 RZPIHalf 32133 1.000000
32187 S 32132 1.000000
32187 X 32188 0.999703
32187 X 32187 0.000099
32187 X 32186 0.000099
32187 X 32185 0.000099
32188 SX 32072 0.999703
32188 SX 32084 0.000099
32188 SX 32086 0.000099
32188 SX 32070 0.000099
32188 RZPI 32188 1.000000
32188 RZ3PI 32185 1.000000
32188 RZPIHalf 32131 1.000000
32188 S 32134 1.000000
32188 X 32187 0.999703
32188 X 32188 0.000099
32188 X 32185 0.000099
32188 X 32186 0.000099
ENDPOMDP
