BEGINPOMDP
INITIALSTATE: 1801
STATES: 1801,1802,1940,1815,1816,2457,2458,1818,2199,2460,2461,2967,2968,2969,2082,2970,1831,1832,1834,1835,1838,2095,2096,2354,2866,1889,2148,2917,2044,2303
REWARDS: 1801:0,1802:0,1940:0,1815:1,1816:0,2457:0,2458:0,1818:0,2199:0,2460:0,2461:0,2967:0,2968:0,2969:0,2082:0,2970:0,1831:0,1832:0,1834:0,1835:0,1838:0,2095:0,2096:0,2354:0,2866:0,1889:0,2148:0,2917:0,2044:0,2303:0
GAMMA: 1801:0,1802:0,1940:0,1815:0,1816:0,2457:0,2458:0,1818:0,2199:0,2460:0,2461:0,2967:0,2968:0,2969:0,2082:0,2970:0,1831:0,1832:0,1834:0,1835:0,1838:0,2095:0,2096:0,2354:0,2866:0,1889:0,2148:0,2917:0,2044:0,2303:0
BEGINACTIONS
U3
H
S
Z
X
RY
ENDACTIONS
1801 INIT_ 1802 1.000000
1801 U3 2082 0.997562
1801 U3 1801 0.002438
1801 H 2095 0.998556
1801 H 2096 0.001075
1801 H 1801 0.000369
1801 S 1801 1.000000
1801 Z 1801 1.000000
1801 X 2082 0.997562
1801 X 1801 0.002438
1801 RY 2082 0.997562
1801 RY 1801 0.002438
1802 U3 1815 0.996264
1802 U3 1816 0.001298
1802 U3 1818 0.000850
1802 U3 1802 0.000850
1802 U3 1801 0.000001
1802 H 1831 0.998131
1802 H 1832 0.000650
1802 H 1834 0.000425
1802 H 1835 0.000425
1802 S 1838 1.000000
1802 Z 1818 1.000000
1802 X 1816 0.996264
1802 X 1815 0.001298
1802 X 1801 0.000738
1802 X 1802 0.000850
1802 X 1818 0.000850
1802 RY 1815 0.996264
1802 RY 1816 0.001298
1802 RY 1801 0.000737
1802 RY 1818 0.000850
1802 RY 1802 0.000850
1815 U3 1802 0.996264
1815 U3 1818 0.001298
1815 U3 1801 0.000737
1815 U3 1816 0.000850
1815 U3 1815 0.000850
1815 H 1835 0.998131
1815 H 1834 0.000650
1815 H 1832 0.000425
1815 H 1831 0.000425
1815 S 1889 1.000000
1815 Z 1816 1.000000
1815 X 1818 0.996264
1815 X 1802 0.001298
1815 X 1815 0.000850
1815 X 1816 0.000850
1815 X 1801 0.000001
1815 RY 1802 0.996264
1815 RY 1818 0.001298
1815 RY 1816 0.000850
1815 RY 1815 0.000850
1815 RY 1801 0.000001
1816 U3 1818 0.996264
1816 U3 1802 0.001298
1816 U3 1815 0.000850
1816 U3 1816 0.000850
1816 H 1832 0.998131
1816 H 1831 0.000650
1816 H 1835 0.000425
1816 H 1834 0.000425
1816 S 1940 1.000000
1816 Z 1815 1.000000
1816 X 1802 0.996264
1816 X 1818 0.001298
1816 X 1816 0.000850
1816 X 1815 0.000850
1816 X 1801 0.000001
1816 RY 1818 0.996264
1816 RY 1802 0.001298
1816 RY 1801 0.000736
1816 RY 1815 0.000850
1816 RY 1816 0.000850
1818 U3 1816 0.996264
1818 U3 1815 0.001298
1818 U3 1801 0.000737
1818 U3 1802 0.000850
1818 U3 1818 0.000850
1818 H 1834 0.998131
1818 H 1835 0.000650
1818 H 1831 0.000425
1818 H 1832 0.000425
1818 S 2044 1.000000
1818 Z 1802 1.000000
1818 X 1815 0.996264
1818 X 1816 0.001298
1818 X 1818 0.000850
1818 X 1802 0.000850
1818 X 1801 0.000001
1818 RY 1816 0.996264
1818 RY 1815 0.001298
1818 RY 1801 0.000736
1818 RY 1802 0.000850
1818 RY 1818 0.000850
1831 U3 1835 0.996264
1831 U3 1834 0.001298
1831 U3 1832 0.000850
1831 U3 1831 0.000850
1831 H 1802 0.998131
1831 H 1818 0.000650
1831 H 1816 0.000425
1831 H 1815 0.000425
1831 H 1801 0.000000
1831 S 2148 1.000000
1831 Z 1832 1.000000
1831 X 1834 0.996264
1831 X 1835 0.001298
1831 X 1831 0.000850
1831 X 1832 0.000850
1831 RY 1835 0.996264
1831 RY 1834 0.001298
1831 RY 1832 0.000850
1831 RY 1831 0.000850
1832 U3 1834 0.996264
1832 U3 1835 0.001298
1832 U3 1831 0.000850
1832 U3 1832 0.000850
1832 H 1816 0.998131
1832 H 1815 0.000650
1832 H 1801 0.000368
1832 H 1802 0.000425
1832 H 1818 0.000425
1832 S 2199 1.000000
1832 Z 1831 1.000000
1832 X 1835 0.996264
1832 X 1834 0.001298
1832 X 1832 0.000850
1832 X 1831 0.000850
1832 RY 1834 0.996264
1832 RY 1835 0.001298
1832 RY 1831 0.000850
1832 RY 1832 0.000850
1834 U3 1832 0.996264
1834 U3 1831 0.001298
1834 U3 1835 0.000850
1834 U3 1834 0.000850
1834 H 1818 0.998131
1834 H 1802 0.000650
1834 H 1801 0.000369
1834 H 1815 0.000425
1834 H 1816 0.000425
1834 S 2303 1.000000
1834 Z 1835 1.000000
1834 X 1831 0.996264
1834 X 1832 0.001298
1834 X 1834 0.000850
1834 X 1835 0.000850
1834 RY 1832 0.996264
1834 RY 1831 0.001298
1834 RY 1835 0.000850
1834 RY 1834 0.000850
1835 U3 1831 0.996264
1835 U3 1832 0.001298
1835 U3 1834 0.000850
1835 U3 1835 0.000850
1835 H 1815 0.998131
1835 H 1816 0.000650
1835 H 1801 0.000369
1835 H 1818 0.000425
1835 H 1802 0.000425
1835 S 2354 1.000000
1835 Z 1834 1.000000
1835 X 1832 0.996264
1835 X 1831 0.001298
1835 X 1835 0.000850
1835 X 1834 0.000850
1835 RY 1831 0.996264
1835 RY 1832 0.001298
1835 RY 1834 0.000850
1835 RY 1835 0.000850
1838 U3 1940 0.996264
1838 U3 1889 0.001298
1838 U3 2044 0.000850
1838 U3 1838 0.000850
1838 U3 1801 0.000001
1838 H 2457 0.998131
1838 H 2458 0.000650
1838 H 2460 0.000425
1838 H 2461 0.000425
1838 S 1818 1.000000
1838 Z 2044 1.000000
1838 X 1889 0.996264
1838 X 1940 0.001298
1838 X 1838 0.000850
1838 X 2044 0.000850
1838 X 1801 0.000001
1838 RY 1940 0.996264
1838 RY 1889 0.001298
1838 RY 2044 0.000850
1838 RY 1838 0.000850
1838 RY 1801 0.000001
1889 U3 2044 0.996264
1889 U3 1838 0.001298
1889 U3 1801 0.000736
1889 U3 1940 0.000850
1889 U3 1889 0.000850
1889 H 2458 0.998131
1889 H 2457 0.000650
1889 H 2461 0.000425
1889 H 2460 0.000425
1889 S 1816 1.000000
1889 Z 1940 1.000000
1889 X 1838 0.996264
1889 X 2044 0.001298
1889 X 1801 0.000736
1889 X 1889 0.000850
1889 X 1940 0.000850
1889 RY 2044 0.996264
1889 RY 1838 0.001298
1889 RY 1940 0.000850
1889 RY 1889 0.000850
1889 RY 1801 0.000002
1940 U3 1838 0.996264
1940 U3 2044 0.001298
1940 U3 1801 0.000736
1940 U3 1889 0.000850
1940 U3 1940 0.000850
1940 H 2461 0.998131
1940 H 2460 0.000650
1940 H 2458 0.000425
1940 H 2457 0.000425
1940 S 1815 1.000000
1940 Z 1889 1.000000
1940 X 2044 0.996264
1940 X 1838 0.001298
1940 X 1801 0.000738
1940 X 1940 0.000850
1940 X 1889 0.000850
1940 RY 1838 0.996264
1940 RY 2044 0.001298
1940 RY 1801 0.000737
1940 RY 1889 0.000850
1940 RY 1940 0.000850
2044 U3 1889 0.996264
2044 U3 1940 0.001298
2044 U3 1801 0.000737
2044 U3 1838 0.000850
2044 U3 2044 0.000850
2044 H 2460 0.998131
2044 H 2461 0.000650
2044 H 2457 0.000425
2044 H 2458 0.000425
2044 S 1802 1.000000
2044 Z 1838 1.000000
2044 X 1940 0.996264
2044 X 1889 0.001298
2044 X 1801 0.000736
2044 X 2044 0.000850
2044 X 1838 0.000850
2044 RY 1889 0.996264
2044 RY 1940 0.001298
2044 RY 1801 0.000736
2044 RY 1838 0.000850
2044 RY 2044 0.000850
2082 U3 1801 0.998299
2082 U3 2082 0.001701
2082 H 2096 0.998556
2082 H 2095 0.001075
2082 H 1801 0.000369
2082 S 2082 1.000000
2082 Z 2082 1.000000
2082 X 1801 0.998299
2082 X 2082 0.001701
2082 RY 1801 0.998299
2082 RY 2082 0.001701
2095 U3 2096 0.997114
2095 U3 2095 0.002148
2095 U3 1801 0.000738
2095 H 1801 0.999149
2095 H 2082 0.000851
2095 S 2866 1.000000
2095 Z 2096 1.000000
2095 X 2095 0.997114
2095 X 2096 0.002148
2095 X 1801 0.000738
2095 RY 2096 0.997114
2095 RY 2095 0.002148
2095 RY 1801 0.000738
2096 U3 2095 0.997114
2096 U3 2096 0.002148
2096 U3 1801 0.000738
2096 H 2082 0.998780
2096 H 1801 0.001220
2096 S 2917 1.000000
2096 Z 2095 1.000000
2096 X 2096 0.997114
2096 X 2095 0.002148
2096 X 1801 0.000738
2096 RY 2095 0.997114
2096 RY 2096 0.002148
2096 RY 1801 0.000738
2148 U3 2303 0.996264
2148 U3 2354 0.001298
2148 U3 2199 0.000850
2148 U3 2148 0.000850
2148 H 2967 0.998131
2148 H 2968 0.000650
2148 H 2969 0.000425
2148 H 2970 0.000425
2148 S 1832 1.000000
2148 Z 2199 1.000000
2148 X 2354 0.996264
2148 X 2303 0.001298
2148 X 2148 0.000850
2148 X 2199 0.000850
2148 RY 2303 0.996264
2148 RY 2354 0.001298
2148 RY 2199 0.000850
2148 RY 2148 0.000850
2199 U3 2354 0.996264
2199 U3 2303 0.001298
2199 U3 2148 0.000850
2199 U3 2199 0.000850
2199 H 2969 0.998131
2199 H 2970 0.000650
2199 H 2967 0.000425
2199 H 2968 0.000425
2199 S 1831 1.000000
2199 Z 2148 1.000000
2199 X 2303 0.996264
2199 X 2354 0.001298
2199 X 2199 0.000850
2199 X 2148 0.000850
2199 RY 2354 0.996264
2199 RY 2303 0.001298
2199 RY 2148 0.000850
2199 RY 2199 0.000850
2303 U3 2148 0.996264
2303 U3 2199 0.001298
2303 U3 2354 0.000850
2303 U3 2303 0.000850
2303 H 2970 0.998131
2303 H 2969 0.000650
2303 H 2968 0.000425
2303 H 2967 0.000425
2303 S 1835 1.000000
2303 Z 2354 1.000000
2303 X 2199 0.996264
2303 X 2148 0.001298
2303 X 2303 0.000850
2303 X 2354 0.000850
2303 RY 2148 0.996264
2303 RY 2199 0.001298
2303 RY 2354 0.000850
2303 RY 2303 0.000850
2354 U3 2199 0.996264
2354 U3 2148 0.001298
2354 U3 2303 0.000850
2354 U3 2354 0.000850
2354 H 2968 0.998131
2354 H 2967 0.000650
2354 H 2970 0.000425
2354 H 2969 0.000425
2354 S 1834 1.000000
2354 Z 2303 1.000000
2354 X 2148 0.996264
2354 X 2199 0.001298
2354 X 2354 0.000850
2354 X 2303 0.000850
2354 RY 2199 0.996264
2354 RY 2148 0.001298
2354 RY 2303 0.000850
2354 RY 2354 0.000850
2457 U3 2461 0.996264
2457 U3 2460 0.001298
2457 U3 2458 0.000850
2457 U3 2457 0.000850
2457 H 1838 0.998131
2457 H 2044 0.000650
2457 H 1801 0.000369
2457 H 1889 0.000425
2457 H 1940 0.000425
2457 S 2969 1.000000
2457 Z 2458 1.000000
2457 X 2460 0.996264
2457 X 2461 0.001298
2457 X 2457 0.000850
2457 X 2458 0.000850
2457 RY 2461 0.996264
2457 RY 2460 0.001298
2457 RY 2458 0.000850
2457 RY 2457 0.000850
2458 U3 2460 0.996264
2458 U3 2461 0.001298
2458 U3 2457 0.000850
2458 U3 2458 0.000850
2458 H 1889 0.998131
2458 H 1940 0.000650
2458 H 1838 0.000425
2458 H 2044 0.000425
2458 H 1801 0.000000
2458 S 2970 1.000000
2458 Z 2457 1.000000
2458 X 2461 0.996264
2458 X 2460 0.001298
2458 X 2458 0.000850
2458 X 2457 0.000850
2458 RY 2460 0.996264
2458 RY 2461 0.001298
2458 RY 2457 0.000850
2458 RY 2458 0.000850
2460 U3 2458 0.996264
2460 U3 2457 0.001298
2460 U3 2461 0.000850
2460 U3 2460 0.000850
2460 H 2044 0.998131
2460 H 1838 0.000650
2460 H 1940 0.000425
2460 H 1889 0.000425
2460 H 1801 0.000000
2460 S 2968 1.000000
2460 Z 2461 1.000000
2460 X 2457 0.996264
2460 X 2458 0.001298
2460 X 2460 0.000850
2460 X 2461 0.000850
2460 RY 2458 0.996264
2460 RY 2457 0.001298
2460 RY 2461 0.000850
2460 RY 2460 0.000850
2461 U3 2457 0.996264
2461 U3 2458 0.001298
2461 U3 2460 0.000850
2461 U3 2461 0.000850
2461 H 1940 0.998131
2461 H 1889 0.000650
2461 H 2044 0.000425
2461 H 1838 0.000425
2461 H 1801 0.000000
2461 S 2967 1.000000
2461 Z 2460 1.000000
2461 X 2458 0.996264
2461 X 2457 0.001298
2461 X 2461 0.000850
2461 X 2460 0.000850
2461 RY 2457 0.996264
2461 RY 2458 0.001298
2461 RY 2460 0.000850
2461 RY 2461 0.000850
2866 U3 2866 0.997114
2866 U3 2917 0.002148
2866 U3 1801 0.000738
2866 H 2917 0.998556
2866 H 2866 0.001075
2866 H 1801 0.000369
2866 S 2096 1.000000
2866 Z 2917 1.000000
2866 X 2917 0.997114
2866 X 2866 0.002148
2866 X 1801 0.000738
2866 RY 2866 0.997114
2866 RY 2917 0.002148
2866 RY 1801 0.000738
2917 U3 2917 0.997114
2917 U3 2866 0.002148
2917 U3 1801 0.000738
2917 H 2866 0.998556
2917 H 2917 0.001075
2917 H 1801 0.000369
2917 S 2095 1.000000
2917 Z 2866 1.000000
2917 X 2866 0.997114
2917 X 2917 0.002148
2917 X 1801 0.000738
2917 RY 2917 0.997114
2917 RY 2866 0.002148
2917 RY 1801 0.000738
2967 U3 2970 0.996264
2967 U3 2969 0.001298
2967 U3 2968 0.000850
2967 U3 2967 0.000850
2967 H 2148 0.998131
2967 H 2199 0.000650
2967 H 2354 0.000425
2967 H 2303 0.000425
2967 S 2460 1.000000
2967 Z 2968 1.000000
2967 X 2969 0.996264
2967 X 2970 0.001298
2967 X 2967 0.000850
2967 X 2968 0.000850
2967 RY 2970 0.996264
2967 RY 2969 0.001298
2967 RY 2968 0.000850
2967 RY 2967 0.000850
2968 U3 2969 0.996264
2968 U3 2970 0.001298
2968 U3 2967 0.000850
2968 U3 2968 0.000850
2968 H 2354 0.998131
2968 H 2303 0.000650
2968 H 2148 0.000425
2968 H 2199 0.000425
2968 S 2461 1.000000
2968 Z 2967 1.000000
2968 X 2970 0.996264
2968 X 2969 0.001298
2968 X 2968 0.000850
2968 X 2967 0.000850
2968 RY 2969 0.996264
2968 RY 2970 0.001298
2968 RY 2967 0.000850
2968 RY 2968 0.000850
2969 U3 2968 0.996264
2969 U3 2967 0.001298
2969 U3 2970 0.000850
2969 U3 2969 0.000850
2969 H 2199 0.998131
2969 H 2148 0.000650
2969 H 2303 0.000425
2969 H 2354 0.000425
2969 S 2458 1.000000
2969 Z 2970 1.000000
2969 X 2967 0.996264
2969 X 2968 0.001298
2969 X 2969 0.000850
2969 X 2970 0.000850
2969 RY 2968 0.996264
2969 RY 2967 0.001298
2969 RY 2970 0.000850
2969 RY 2969 0.000850
2970 U3 2967 0.996264
2970 U3 2968 0.001298
2970 U3 2969 0.000850
2970 U3 2970 0.000850
2970 H 2303 0.998131
2970 H 2354 0.000650
2970 H 2199 0.000425
2970 H 2148 0.000425
2970 S 2457 1.000000
2970 Z 2969 1.000000
2970 X 2968 0.996264
2970 X 2967 0.001298
2970 X 2970 0.000850
2970 X 2969 0.000850
2970 RY 2967 0.996264
2970 RY 2968 0.001298
2970 RY 2969 0.000850
2970 RY 2970 0.000850
ENDPOMDP
