BEGINPOMDP
INITIALSTATE: 436265
STATES: 436353,436612,437128,436508,436767,436265,436266,436404,436663,436279,436921,436280,436281,436922,436924,436925,437179,437431,437432,437433,437434,436295,436296,436298,436299,436302,436818,436442,436455,436456
REWARDS: 436353:0,436612:0,437128:0,436508:0,436767:0,436265:0,436266:0,436404:0,436663:0,436279:1,436921:0,436280:0,436281:0,436922:0,436924:0,436925:0,437179:0,437431:0,437432:0,437433:0,437434:0,436295:0,436296:0,436298:0,436299:0,436302:0,436818:0,436442:0,436455:0,436456:0
GAMMA: 436353:0,436612:0,437128:0,436508:0,436767:0,436265:0,436266:0,436404:0,436663:0,436279:0,436921:0,436280:0,436281:0,436922:0,436924:0,436925:0,437179:0,437431:0,437432:0,437433:0,437434:0,436295:0,436296:0,436298:0,436299:0,436302:0,436818:0,436442:0,436455:0,436456:0
BEGINACTIONS
U3
H
S
Z
X
RY
ENDACTIONS
436265 INIT_ 436266 1.000000
436265 U3 436442 0.984392
436265 U3 436265 0.015608
436265 H 436455 0.991455
436265 H 436456 0.006597
436265 H 436265 0.001948
436265 S 436265 1.000000
436265 Z 436265 1.000000
436265 X 436442 0.984392
436265 X 436265 0.015608
436265 RY 436442 0.984392
436265 RY 436265 0.015608
436266 U3 436279 0.977061
436266 U3 436280 0.007331
436266 U3 436265 0.003823
436266 U3 436281 0.005858
436266 U3 436266 0.005858
436266 H 436295 0.988530
436266 H 436296 0.003672
436266 H 436298 0.002925
436266 H 436299 0.002925
436266 S 436302 1.000000
436266 Z 436281 1.000000
436266 X 436280 0.977061
436266 X 436279 0.007331
436266 X 436266 0.005858
436266 X 436281 0.005858
436266 X 436265 0.000046
436266 RY 436279 0.977061
436266 RY 436280 0.007331
436266 RY 436281 0.005858
436266 RY 436266 0.005858
436266 RY 436265 0.000046
436279 U3 436266 0.977061
436279 U3 436281 0.007331
436279 U3 436265 0.003846
436279 U3 436280 0.005858
436279 U3 436279 0.005858
436279 H 436299 0.988530
436279 H 436298 0.003672
436279 H 436296 0.002925
436279 H 436295 0.002925
436279 S 436353 1.000000
436279 Z 436280 1.000000
436279 X 436281 0.977061
436279 X 436266 0.007331
436279 X 436265 0.003846
436279 X 436279 0.005858
436279 X 436280 0.005858
436279 RY 436266 0.977061
436279 RY 436281 0.007331
436279 RY 436265 0.003823
436279 RY 436280 0.005858
436279 RY 436279 0.005858
436280 U3 436281 0.977061
436280 U3 436266 0.007331
436280 U3 436279 0.005858
436280 U3 436280 0.005858
436280 U3 436265 0.000023
436280 H 436296 0.988530
436280 H 436295 0.003672
436280 H 436299 0.002925
436280 H 436298 0.002925
436280 S 436404 1.000000
436280 Z 436279 1.000000
436280 X 436266 0.977061
436280 X 436281 0.007331
436280 X 436265 0.003823
436280 X 436280 0.005858
436280 X 436279 0.005858
436280 RY 436281 0.977061
436280 RY 436266 0.007331
436280 RY 436265 0.003892
436280 RY 436279 0.005858
436280 RY 436280 0.005858
436281 U3 436280 0.977061
436281 U3 436279 0.007331
436281 U3 436265 0.003869
436281 U3 436266 0.005858
436281 U3 436281 0.005858
436281 H 436298 0.988530
436281 H 436299 0.003672
436281 H 436295 0.002925
436281 H 436296 0.002925
436281 S 436508 1.000000
436281 Z 436266 1.000000
436281 X 436279 0.977061
436281 X 436280 0.007331
436281 X 436265 0.003869
436281 X 436281 0.005858
436281 X 436266 0.005858
436281 RY 436280 0.977061
436281 RY 436279 0.007331
436281 RY 436266 0.005858
436281 RY 436281 0.005858
436281 RY 436265 0.000046
436295 U3 436299 0.977061
436295 U3 436298 0.007331
436295 U3 436296 0.005858
436295 U3 436295 0.005858
436295 H 436266 0.988530
436295 H 436281 0.003672
436295 H 436265 0.001937
436295 H 436280 0.002925
436295 H 436279 0.002925
436295 S 436612 1.000000
436295 Z 436296 1.000000
436295 X 436298 0.977061
436295 X 436299 0.007331
436295 X 436295 0.005858
436295 X 436296 0.005858
436295 RY 436299 0.977061
436295 RY 436298 0.007331
436295 RY 436296 0.005858
436295 RY 436295 0.005858
436296 U3 436298 0.977061
436296 U3 436299 0.007331
436296 U3 436295 0.005858
436296 U3 436296 0.005858
436296 H 436280 0.988530
436296 H 436279 0.003672
436296 H 436266 0.002925
436296 H 436281 0.002925
436296 H 436265 0.000017
436296 S 436663 1.000000
436296 Z 436295 1.000000
436296 X 436299 0.977061
436296 X 436298 0.007331
436296 X 436296 0.005858
436296 X 436295 0.005858
436296 RY 436298 0.977061
436296 RY 436299 0.007331
436296 RY 436295 0.005858
436296 RY 436296 0.005858
436298 U3 436296 0.977061
436298 U3 436295 0.007331
436298 U3 436299 0.005858
436298 U3 436298 0.005858
436298 H 436281 0.988530
436298 H 436266 0.003672
436298 H 436265 0.001937
436298 H 436279 0.002925
436298 H 436280 0.002925
436298 S 436767 1.000000
436298 Z 436299 1.000000
436298 X 436295 0.977061
436298 X 436296 0.007331
436298 X 436298 0.005858
436298 X 436299 0.005858
436298 RY 436296 0.977061
436298 RY 436295 0.007331
436298 RY 436299 0.005858
436298 RY 436298 0.005858
436299 U3 436295 0.977061
436299 U3 436296 0.007331
436299 U3 436298 0.005858
436299 U3 436299 0.005858
436299 H 436279 0.988530
436299 H 436280 0.003672
436299 H 436265 0.001942
436299 H 436281 0.002925
436299 H 436266 0.002925
436299 S 436818 1.000000
436299 Z 436298 1.000000
436299 X 436296 0.977061
436299 X 436295 0.007331
436299 X 436299 0.005858
436299 X 436298 0.005858
436299 RY 436295 0.977061
436299 RY 436296 0.007331
436299 RY 436298 0.005858
436299 RY 436299 0.005858
436302 U3 436404 0.977061
436302 U3 436353 0.007331
436302 U3 436265 0.003892
436302 U3 436508 0.005858
436302 U3 436302 0.005858
436302 H 436921 0.988530
436302 H 436922 0.003672
436302 H 436924 0.002925
436302 H 436925 0.002925
436302 S 436281 1.000000
436302 Z 436508 1.000000
436302 X 436353 0.977061
436302 X 436404 0.007331
436302 X 436265 0.003846
436302 X 436302 0.005858
436302 X 436508 0.005858
436302 RY 436404 0.977061
436302 RY 436353 0.007331
436302 RY 436265 0.003892
436302 RY 436508 0.005858
436302 RY 436302 0.005858
436353 U3 436508 0.977061
436353 U3 436302 0.007331
436353 U3 436404 0.005858
436353 U3 436353 0.005858
436353 U3 436265 0.000046
436353 H 436922 0.988530
436353 H 436921 0.003672
436353 H 436925 0.002925
436353 H 436924 0.002925
436353 S 436280 1.000000
436353 Z 436404 1.000000
436353 X 436302 0.977061
436353 X 436508 0.007331
436353 X 436265 0.003869
436353 X 436353 0.005858
436353 X 436404 0.005858
436353 RY 436508 0.977061
436353 RY 436302 0.007331
436353 RY 436265 0.003892
436353 RY 436404 0.005858
436353 RY 436353 0.005858
436404 U3 436302 0.977061
436404 U3 436508 0.007331
436404 U3 436353 0.005858
436404 U3 436404 0.005858
436404 U3 436265 0.000069
436404 H 436925 0.988530
436404 H 436924 0.003672
436404 H 436922 0.002925
436404 H 436921 0.002925
436404 S 436279 1.000000
436404 Z 436353 1.000000
436404 X 436508 0.977061
436404 X 436302 0.007331
436404 X 436404 0.005858
436404 X 436353 0.005858
436404 X 436265 0.000046
436404 RY 436302 0.977061
436404 RY 436508 0.007331
436404 RY 436353 0.005858
436404 RY 436404 0.005858
436404 RY 436265 0.000046
436442 U3 436265 0.988284
436442 U3 436442 0.011716
436442 H 436456 0.991455
436442 H 436455 0.006597
436442 H 436265 0.001948
436442 S 436442 1.000000
436442 Z 436442 1.000000
436442 X 436265 0.988284
436442 X 436442 0.011716
436442 RY 436265 0.988284
436442 RY 436442 0.011716
436455 U3 436456 0.982919
436455 U3 436455 0.013189
436455 U3 436265 0.003892
436455 H 436265 0.994150
436455 H 436442 0.005850
436455 S 437128 1.000000
436455 Z 436456 1.000000
436455 X 436455 0.982919
436455 X 436456 0.013189
436455 X 436265 0.003892
436455 RY 436456 0.982919
436455 RY 436455 0.013189
436455 RY 436265 0.003892
436456 U3 436455 0.982919
436456 U3 436456 0.013189
436456 U3 436265 0.003892
436456 H 436442 0.992202
436456 H 436265 0.007798
436456 S 437179 1.000000
436456 Z 436455 1.000000
436456 X 436456 0.982919
436456 X 436455 0.013189
436456 X 436265 0.003892
436456 RY 436455 0.982919
436456 RY 436456 0.013189
436456 RY 436265 0.003892
436508 U3 436353 0.977061
436508 U3 436404 0.007331
436508 U3 436265 0.003869
436508 U3 436302 0.005858
436508 U3 436508 0.005858
436508 H 436924 0.988530
436508 H 436925 0.003672
436508 H 436921 0.002925
436508 H 436922 0.002925
436508 S 436266 1.000000
436508 Z 436302 1.000000
436508 X 436404 0.977061
436508 X 436353 0.007331
436508 X 436265 0.003846
436508 X 436508 0.005858
436508 X 436302 0.005858
436508 RY 436353 0.977061
436508 RY 436404 0.007331
436508 RY 436265 0.003846
436508 RY 436302 0.005858
436508 RY 436508 0.005858
436612 U3 436767 0.977061
436612 U3 436818 0.007331
436612 U3 436663 0.005858
436612 U3 436612 0.005858
436612 H 437431 0.988530
436612 H 437432 0.003672
436612 H 437433 0.002925
436612 H 437434 0.002925
436612 S 436296 1.000000
436612 Z 436663 1.000000
436612 X 436818 0.977061
436612 X 436767 0.007331
436612 X 436612 0.005858
436612 X 436663 0.005858
436612 RY 436767 0.977061
436612 RY 436818 0.007331
436612 RY 436663 0.005858
436612 RY 436612 0.005858
436663 U3 436818 0.977061
436663 U3 436767 0.007331
436663 U3 436612 0.005858
436663 U3 436663 0.005858
436663 H 437433 0.988530
436663 H 437434 0.003672
436663 H 437431 0.002925
436663 H 437432 0.002925
436663 S 436295 1.000000
436663 Z 436612 1.000000
436663 X 436767 0.977061
436663 X 436818 0.007331
436663 X 436663 0.005858
436663 X 436612 0.005858
436663 RY 436818 0.977061
436663 RY 436767 0.007331
436663 RY 436612 0.005858
436663 RY 436663 0.005858
436767 U3 436612 0.977061
436767 U3 436663 0.007331
436767 U3 436818 0.005858
436767 U3 436767 0.005858
436767 H 437434 0.988530
436767 H 437433 0.003672
436767 H 437432 0.002925
436767 H 437431 0.002925
436767 S 436299 1.000000
436767 Z 436818 1.000000
436767 X 436663 0.977061
436767 X 436612 0.007331
436767 X 436767 0.005858
436767 X 436818 0.005858
436767 RY 436612 0.977061
436767 RY 436663 0.007331
436767 RY 436818 0.005858
436767 RY 436767 0.005858
436818 U3 436663 0.977061
436818 U3 436612 0.007331
436818 U3 436767 0.005858
436818 U3 436818 0.005858
436818 H 437432 0.988530
436818 H 437431 0.003672
436818 H 437434 0.002925
436818 H 437433 0.002925
436818 S 436298 1.000000
436818 Z 436767 1.000000
436818 X 436612 0.977061
436818 X 436663 0.007331
436818 X 436818 0.005858
436818 X 436767 0.005858
436818 RY 436663 0.977061
436818 RY 436612 0.007331
436818 RY 436767 0.005858
436818 RY 436818 0.005858
436921 U3 436925 0.977061
436921 U3 436924 0.007331
436921 U3 436922 0.005858
436921 U3 436921 0.005858
436921 H 436302 0.988530
436921 H 436508 0.003672
436921 H 436265 0.001942
436921 H 436353 0.002925
436921 H 436404 0.002925
436921 S 437433 1.000000
436921 Z 436922 1.000000
436921 X 436924 0.977061
436921 X 436925 0.007331
436921 X 436921 0.005858
436921 X 436922 0.005858
436921 RY 436925 0.977061
436921 RY 436924 0.007331
436921 RY 436922 0.005858
436921 RY 436921 0.005858
436922 U3 436924 0.977061
436922 U3 436925 0.007331
436922 U3 436921 0.005858
436922 U3 436922 0.005858
436922 H 436353 0.988530
436922 H 436404 0.003672
436922 H 436265 0.001937
436922 H 436302 0.002925
436922 H 436508 0.002925
436922 S 437434 1.000000
436922 Z 436921 1.000000
436922 X 436925 0.977061
436922 X 436924 0.007331
436922 X 436922 0.005858
436922 X 436921 0.005858
436922 RY 436924 0.977061
436922 RY 436925 0.007331
436922 RY 436921 0.005858
436922 RY 436922 0.005858
436924 U3 436922 0.977061
436924 U3 436921 0.007331
436924 U3 436925 0.005858
436924 U3 436924 0.005858
436924 H 436508 0.988530
436924 H 436302 0.003672
436924 H 436265 0.001937
436924 H 436404 0.002925
436924 H 436353 0.002925
436924 S 437432 1.000000
436924 Z 436925 1.000000
436924 X 436921 0.977061
436924 X 436922 0.007331
436924 X 436924 0.005858
436924 X 436925 0.005858
436924 RY 436922 0.977061
436924 RY 436921 0.007331
436924 RY 436925 0.005858
436924 RY 436924 0.005858
436925 U3 436921 0.977061
436925 U3 436922 0.007331
436925 U3 436924 0.005858
436925 U3 436925 0.005858
436925 H 436404 0.988530
436925 H 436353 0.003672
436925 H 436265 0.001937
436925 H 436508 0.002925
436925 H 436302 0.002925
436925 S 437431 1.000000
436925 Z 436924 1.000000
436925 X 436922 0.977061
436925 X 436921 0.007331
436925 X 436925 0.005858
436925 X 436924 0.005858
436925 RY 436921 0.977061
436925 RY 436922 0.007331
436925 RY 436924 0.005858
436925 RY 436925 0.005858
437128 U3 437128 0.982919
437128 U3 437179 0.013189
437128 U3 436265 0.003892
437128 H 437179 0.991455
437128 H 437128 0.006597
437128 H 436265 0.001948
437128 S 436456 1.000000
437128 Z 437179 1.000000
437128 X 437179 0.982919
437128 X 437128 0.013189
437128 X 436265 0.003892
437128 RY 437128 0.982919
437128 RY 437179 0.013189
437128 RY 436265 0.003892
437179 U3 437179 0.982919
437179 U3 437128 0.013189
437179 U3 436265 0.003892
437179 H 437128 0.991455
437179 H 437179 0.006597
437179 H 436265 0.001948
437179 S 436455 1.000000
437179 Z 437128 1.000000
437179 X 437128 0.982919
437179 X 437179 0.013189
437179 X 436265 0.003892
437179 RY 437179 0.982919
437179 RY 437128 0.013189
437179 RY 436265 0.003892
437431 U3 437434 0.977061
437431 U3 437433 0.007331
437431 U3 437432 0.005858
437431 U3 437431 0.005858
437431 H 436612 0.988530
437431 H 436663 0.003672
437431 H 436818 0.002925
437431 H 436767 0.002925
437431 S 436924 1.000000
437431 Z 437432 1.000000
437431 X 437433 0.977061
437431 X 437434 0.007331
437431 X 437431 0.005858
437431 X 437432 0.005858
437431 RY 437434 0.977061
437431 RY 437433 0.007331
437431 RY 437432 0.005858
437431 RY 437431 0.005858
437432 U3 437433 0.977061
437432 U3 437434 0.007331
437432 U3 437431 0.005858
437432 U3 437432 0.005858
437432 H 436818 0.988530
437432 H 436767 0.003672
437432 H 436612 0.002925
437432 H 436663 0.002925
437432 S 436925 1.000000
437432 Z 437431 1.000000
437432 X 437434 0.977061
437432 X 437433 0.007331
437432 X 437432 0.005858
437432 X 437431 0.005858
437432 RY 437433 0.977061
437432 RY 437434 0.007331
437432 RY 437431 0.005858
437432 RY 437432 0.005858
437433 U3 437432 0.977061
437433 U3 437431 0.007331
437433 U3 437434 0.005858
437433 U3 437433 0.005858
437433 H 436663 0.988530
437433 H 436612 0.003672
437433 H 436767 0.002925
437433 H 436818 0.002925
437433 S 436922 1.000000
437433 Z 437434 1.000000
437433 X 437431 0.977061
437433 X 437432 0.007331
437433 X 437433 0.005858
437433 X 437434 0.005858
437433 RY 437432 0.977061
437433 RY 437431 0.007331
437433 RY 437434 0.005858
437433 RY 437433 0.005858
437434 U3 437431 0.977061
437434 U3 437432 0.007331
437434 U3 437433 0.005858
437434 U3 437434 0.005858
437434 H 436767 0.988530
437434 H 436818 0.003672
437434 H 436663 0.002925
437434 H 436612 0.002925
437434 S 436921 1.000000
437434 Z 437433 1.000000
437434 X 437432 0.977061
437434 X 437431 0.007331
437434 X 437434 0.005858
437434 X 437433 0.005858
437434 RY 437431 0.977061
437434 RY 437432 0.007331
437434 RY 437433 0.005858
437434 RY 437434 0.005858
ENDPOMDP
