BEGINPOMDP
INITIALSTATE: 218401
STATES: 218497,218638,218639,218528,218401,218402,218529,218533,218406,218407,218411,218412,218669,218415,218417,218684,218431,218432,218434,218698,218699,218450,218578,218715,218716,218461,218593,218465,218466,218482
REWARDS: 218497:0,218638:0,218639:0,218528:0,218401:0,218402:0,218529:0,218533:0,218406:1,218407:0,218411:0,218412:0,218669:0,218415:0,218417:0,218684:0,218431:0,218432:0,218434:0,218698:0,218699:0,218450:0,218578:0,218715:0,218716:0,218461:0,218593:0,218465:0,218466:0,218482:0
GAMMA: 218497:0,218638:0,218639:0,218528:0,218401:0,218402:0,218529:0,218533:0,218406:0,218407:0,218411:0,218412:0,218669:0,218415:0,218417:0,218684:0,218431:0,218432:0,218434:0,218698:0,218699:0,218450:0,218578:0,218715:0,218716:0,218461:0,218593:0,218465:0,218466:0,218482:0
BEGINACTIONS
U3
H
S
Z
X
RY
ENDACTIONS
218401 INIT_ 218402 1.000000
218401 U3 218461 0.997054
218401 U3 218401 0.002946
218401 H 218465 0.997415
218401 H 218466 0.001111
218401 H 218401 0.001474
218401 S 218401 1.000000
218401 Z 218401 1.000000
218401 X 218461 0.997054
218401 X 218401 0.002946
218401 RY 218461 0.997054
218401 RY 218401 0.002946
218402 U3 218406 0.994837
218402 U3 218407 0.002217
218402 U3 218401 0.002946
218402 H 218411 0.997415
218402 H 218412 0.001111
218402 S 218415 1.000000
218402 Z 218417 1.000000
218402 X 218407 0.994837
218402 X 218406 0.002217
218402 X 218401 0.002946
218402 RY 218406 0.994837
218402 RY 218407 0.002217
218402 RY 218401 0.002946
218406 U3 218402 0.994837
218406 U3 218417 0.002217
218406 H 218431 0.997415
218406 H 218432 0.001111
218406 S 218434 1.000000
218406 Z 218407 1.000000
218406 X 218417 0.994837
218406 X 218402 0.002217
218406 X 218401 0.002946
218406 RY 218402 0.994837
218406 RY 218417 0.002217
218407 U3 218417 0.994837
218407 U3 218402 0.002217
218407 H 218412 0.997415
218407 H 218411 0.001111
218407 S 218450 1.000000
218407 Z 218406 1.000000
218407 X 218402 0.994837
218407 X 218417 0.002217
218407 RY 218417 0.994837
218407 RY 218402 0.002217
218411 U3 218431 0.994837
218411 U3 218432 0.002217
218411 H 218402 0.997415
218411 H 218417 0.001111
218411 H 218401 0.001474
218411 S 218482 1.000000
218411 Z 218412 1.000000
218411 X 218432 0.994837
218411 X 218431 0.002217
218411 RY 218431 0.994837
218411 RY 218432 0.002217
218412 U3 218432 0.994837
218412 U3 218431 0.002217
218412 H 218407 0.997415
218412 H 218406 0.001111
218412 H 218401 0.001474
218412 S 218497 1.000000
218412 Z 218411 1.000000
218412 X 218431 0.994837
218412 X 218432 0.002217
218412 RY 218432 0.994837
218412 RY 218431 0.002217
218415 U3 218450 0.994837
218415 U3 218434 0.002217
218415 H 218528 0.997415
218415 H 218529 0.001111
218415 S 218417 1.000000
218415 Z 218533 1.000000
218415 X 218434 0.994837
218415 X 218450 0.002217
218415 X 218401 0.002946
218415 RY 218450 0.994837
218415 RY 218434 0.002217
218417 U3 218407 0.994837
218417 U3 218406 0.002217
218417 H 218432 0.997415
218417 H 218431 0.001111
218417 S 218533 1.000000
218417 Z 218402 1.000000
218417 X 218406 0.994837
218417 X 218407 0.002217
218417 X 218401 0.002946
218417 RY 218407 0.994837
218417 RY 218406 0.002217
218431 U3 218411 0.994837
218431 U3 218412 0.002217
218431 H 218406 0.997415
218431 H 218407 0.001111
218431 S 218578 1.000000
218431 Z 218432 1.000000
218431 X 218412 0.994837
218431 X 218411 0.002217
218431 RY 218411 0.994837
218431 RY 218412 0.002217
218432 U3 218412 0.994837
218432 U3 218411 0.002217
218432 H 218417 0.997415
218432 H 218402 0.001111
218432 S 218593 1.000000
218432 Z 218431 1.000000
218432 X 218411 0.994837
218432 X 218412 0.002217
218432 RY 218412 0.994837
218432 RY 218411 0.002217
218434 U3 218533 0.994837
218434 U3 218415 0.002217
218434 U3 218401 0.002946
218434 H 218529 0.997415
218434 H 218528 0.001111
218434 S 218407 1.000000
218434 Z 218450 1.000000
218434 X 218415 0.994837
218434 X 218533 0.002217
218434 X 218401 0.002946
218434 RY 218533 0.994837
218434 RY 218415 0.002217
218450 U3 218415 0.994837
218450 U3 218533 0.002217
218450 H 218638 0.997415
218450 H 218639 0.001111
218450 S 218406 1.000000
218450 Z 218434 1.000000
218450 X 218533 0.994837
218450 X 218415 0.002217
218450 RY 218415 0.994837
218450 RY 218533 0.002217
218450 RY 218401 0.002946
218461 U3 218401 1.000000
218461 H 218466 0.997415
218461 H 218465 0.001111
218461 H 218401 0.001474
218461 S 218461 1.000000
218461 Z 218461 1.000000
218461 X 218401 1.000000
218461 RY 218401 1.000000
218465 U3 218466 0.994837
218465 U3 218465 0.002217
218465 U3 218401 0.002946
218465 H 218401 1.000000
218465 S 218669 1.000000
218465 Z 218466 1.000000
218465 X 218465 0.994837
218465 X 218466 0.002217
218465 X 218401 0.002946
218465 RY 218466 0.994837
218465 RY 218465 0.002217
218465 RY 218401 0.002946
218466 U3 218465 0.994837
218466 U3 218466 0.002217
218466 U3 218401 0.002946
218466 H 218461 0.998526
218466 H 218401 0.001474
218466 S 218684 1.000000
218466 Z 218465 1.000000
218466 X 218466 0.994837
218466 X 218465 0.002217
218466 X 218401 0.002946
218466 RY 218465 0.994837
218466 RY 218466 0.002217
218466 RY 218401 0.002946
218482 U3 218593 0.994837
218482 U3 218578 0.002217
218482 H 218698 0.997415
218482 H 218699 0.001111
218482 S 218412 1.000000
218482 Z 218497 1.000000
218482 X 218578 0.994837
218482 X 218593 0.002217
218482 RY 218593 0.994837
218482 RY 218578 0.002217
218497 U3 218578 0.994837
218497 U3 218593 0.002217
218497 H 218715 0.997415
218497 H 218716 0.001111
218497 S 218411 1.000000
218497 Z 218482 1.000000
218497 X 218593 0.994837
218497 X 218578 0.002217
218497 RY 218578 0.994837
218497 RY 218593 0.002217
218528 U3 218638 0.994837
218528 U3 218639 0.002217
218528 H 218415 0.997415
218528 H 218533 0.001111
218528 H 218401 0.001474
218528 S 218715 1.000000
218528 Z 218529 1.000000
218528 X 218639 0.994837
218528 X 218638 0.002217
218528 RY 218638 0.994837
218528 RY 218639 0.002217
218529 U3 218639 0.994837
218529 U3 218638 0.002217
218529 H 218434 0.997415
218529 H 218450 0.001111
218529 S 218716 1.000000
218529 Z 218528 1.000000
218529 X 218638 0.994837
218529 X 218639 0.002217
218529 RY 218639 0.994837
218529 RY 218638 0.002217
218533 U3 218434 0.994837
218533 U3 218450 0.002217
218533 H 218639 0.997415
218533 H 218638 0.001111
218533 S 218402 1.000000
218533 Z 218415 1.000000
218533 X 218450 0.994837
218533 X 218434 0.002217
218533 RY 218434 0.994837
218533 RY 218450 0.002217
218533 RY 218401 0.002946
218578 U3 218497 0.994837
218578 U3 218482 0.002217
218578 H 218699 0.997415
218578 H 218698 0.001111
218578 S 218432 1.000000
218578 Z 218593 1.000000
218578 X 218482 0.994837
218578 X 218497 0.002217
218578 RY 218497 0.994837
218578 RY 218482 0.002217
218593 U3 218482 0.994837
218593 U3 218497 0.002217
218593 H 218716 0.997415
218593 H 218715 0.001111
218593 S 218431 1.000000
218593 Z 218578 1.000000
218593 X 218497 0.994837
218593 X 218482 0.002217
218593 RY 218482 0.994837
218593 RY 218497 0.002217
218638 U3 218528 0.994837
218638 U3 218529 0.002217
218638 H 218450 0.997415
218638 H 218434 0.001111
218638 H 218401 0.001474
218638 S 218698 1.000000
218638 Z 218639 1.000000
218638 X 218529 0.994837
218638 X 218528 0.002217
218638 RY 218528 0.994837
218638 RY 218529 0.002217
218639 U3 218529 0.994837
218639 U3 218528 0.002217
218639 H 218533 0.997415
218639 H 218415 0.001111
218639 H 218401 0.001474
218639 S 218699 1.000000
218639 Z 218638 1.000000
218639 X 218528 0.994837
218639 X 218529 0.002217
218639 RY 218529 0.994837
218639 RY 218528 0.002217
218669 U3 218669 0.994837
218669 U3 218684 0.002217
218669 U3 218401 0.002946
218669 H 218684 0.997415
218669 H 218669 0.001111
218669 H 218401 0.001474
218669 S 218466 1.000000
218669 Z 218684 1.000000
218669 X 218684 0.994837
218669 X 218669 0.002217
218669 X 218401 0.002946
218669 RY 218669 0.994837
218669 RY 218684 0.002217
218669 RY 218401 0.002946
218684 U3 218684 0.994837
218684 U3 218669 0.002217
218684 U3 218401 0.002946
218684 H 218669 0.997415
218684 H 218684 0.001111
218684 H 218401 0.001474
218684 S 218465 1.000000
218684 Z 218669 1.000000
218684 X 218669 0.994837
218684 X 218684 0.002217
218684 X 218401 0.002946
218684 RY 218684 0.994837
218684 RY 218669 0.002217
218684 RY 218401 0.002946
218698 U3 218716 0.994837
218698 U3 218715 0.002217
218698 H 218482 0.997415
218698 H 218497 0.001111
218698 S 218639 1.000000
218698 Z 218699 1.000000
218698 X 218715 0.994837
218698 X 218716 0.002217
218698 RY 218716 0.994837
218698 RY 218715 0.002217
218699 U3 218715 0.994837
218699 U3 218716 0.002217
218699 H 218578 0.997415
218699 H 218593 0.001111
218699 S 218638 1.000000
218699 Z 218698 1.000000
218699 X 218716 0.994837
218699 X 218715 0.002217
218699 RY 218715 0.994837
218699 RY 218716 0.002217
218715 U3 218699 0.994837
218715 U3 218698 0.002217
218715 H 218497 0.997415
218715 H 218482 0.001111
218715 S 218529 1.000000
218715 Z 218716 1.000000
218715 X 218698 0.994837
218715 X 218699 0.002217
218715 RY 218699 0.994837
218715 RY 218698 0.002217
218716 U3 218698 0.994837
218716 U3 218699 0.002217
218716 H 218593 0.997415
218716 H 218578 0.001111
218716 S 218528 1.000000
218716 Z 218715 1.000000
218716 X 218699 0.994837
218716 X 218698 0.002217
218716 RY 218698 0.994837
218716 RY 218699 0.002217
ENDPOMDP
