BEGINPOMDP
INITIALSTATE: 4861
STATES: 5000,4875,4876,4877,5259,5517,5518,5520,5521,5775,6027,6028,6029,6030,4891,4892,4894,4895,4898,5414,5038,5051,5052,4949,5208,5724,5104,5363,4861,4862
REWARDS: 5000:0,4875:1,4876:0,4877:0,5259:0,5517:0,5518:0,5520:0,5521:0,5775:0,6027:0,6028:0,6029:0,6030:0,4891:0,4892:0,4894:0,4895:0,4898:0,5414:0,5038:0,5051:0,5052:0,4949:0,5208:0,5724:0,5104:0,5363:0,4861:0,4862:0
GAMMA: 5000:0,4875:0,4876:0,4877:0,5259:0,5517:0,5518:0,5520:0,5521:0,5775:0,6027:0,6028:0,6029:0,6030:0,4891:0,4892:0,4894:0,4895:0,4898:0,5414:0,5038:0,5051:0,5052:0,4949:0,5208:0,5724:0,5104:0,5363:0,4861:0,4862:0
BEGINACTIONS
U3
H
S
Z
X
RY
ENDACTIONS
4861 INIT_ 4862 1.000000
4861 U3 5038 0.991154
4861 U3 4861 0.008846
4861 H 5051 0.994851
4861 H 5052 0.004312
4861 H 4861 0.000837
4861 S 4861 1.000000
4861 Z 4861 1.000000
4861 X 5038 0.991154
4861 X 4861 0.008846
4861 RY 5038 0.991154
4861 RY 4861 0.008846
4862 U3 4875 0.986141
4862 U3 4876 0.005013
4862 U3 4861 0.001655
4862 U3 4877 0.003586
4862 U3 4862 0.003586
4862 H 4891 0.993055
4862 H 4892 0.002516
4862 H 4894 0.001796
4862 H 4895 0.001796
4862 S 4898 1.000000
4862 Z 4877 1.000000
4862 X 4876 0.986141
4862 X 4875 0.005013
4862 X 4862 0.003586
4862 X 4877 0.003586
4862 X 4861 0.000006
4862 RY 4875 0.986141
4862 RY 4876 0.005013
4862 RY 4861 0.001655
4862 RY 4877 0.003586
4862 RY 4862 0.003586
4875 U3 4862 0.986141
4875 U3 4877 0.005013
4875 U3 4861 0.001661
4875 U3 4876 0.003586
4875 U3 4875 0.003586
4875 H 4895 0.993055
4875 H 4894 0.002516
4875 H 4892 0.001796
4875 H 4891 0.001796
4875 S 4949 1.000000
4875 Z 4876 1.000000
4875 X 4877 0.986141
4875 X 4862 0.005013
4875 X 4861 0.001673
4875 X 4875 0.003586
4875 X 4876 0.003586
4875 RY 4862 0.986141
4875 RY 4877 0.005013
4875 RY 4861 0.001673
4875 RY 4876 0.003586
4875 RY 4875 0.003586
4876 U3 4877 0.986141
4876 U3 4862 0.005013
4876 U3 4861 0.001661
4876 U3 4875 0.003586
4876 U3 4876 0.003586
4876 H 4892 0.993055
4876 H 4891 0.002516
4876 H 4895 0.001796
4876 H 4894 0.001796
4876 S 5000 1.000000
4876 Z 4875 1.000000
4876 X 4862 0.986141
4876 X 4877 0.005013
4876 X 4876 0.003586
4876 X 4875 0.003586
4876 X 4861 0.000012
4876 RY 4877 0.986141
4876 RY 4862 0.005013
4876 RY 4861 0.001661
4876 RY 4875 0.003586
4876 RY 4876 0.003586
4877 U3 4876 0.986141
4877 U3 4875 0.005013
4877 U3 4862 0.003586
4877 U3 4877 0.003586
4877 U3 4861 0.000018
4877 H 4894 0.993055
4877 H 4895 0.002516
4877 H 4891 0.001796
4877 H 4892 0.001796
4877 S 5104 1.000000
4877 Z 4862 1.000000
4877 X 4875 0.986141
4877 X 4876 0.005013
4877 X 4861 0.001667
4877 X 4877 0.003586
4877 X 4862 0.003586
4877 RY 4876 0.986141
4877 RY 4875 0.005013
4877 RY 4862 0.003586
4877 RY 4877 0.003586
4877 RY 4861 0.000018
4891 U3 4895 0.986141
4891 U3 4894 0.005013
4891 U3 4892 0.003586
4891 U3 4891 0.003586
4891 H 4862 0.993055
4891 H 4877 0.002516
4891 H 4876 0.001796
4891 H 4875 0.001796
4891 H 4861 0.000002
4891 S 5208 1.000000
4891 Z 4892 1.000000
4891 X 4894 0.986141
4891 X 4895 0.005013
4891 X 4891 0.003586
4891 X 4892 0.003586
4891 RY 4895 0.986141
4891 RY 4894 0.005013
4891 RY 4892 0.003586
4891 RY 4891 0.003586
4892 U3 4894 0.986141
4892 U3 4895 0.005013
4892 U3 4891 0.003586
4892 U3 4892 0.003586
4892 H 4876 0.993055
4892 H 4875 0.002516
4892 H 4862 0.001796
4892 H 4877 0.001796
4892 H 4861 0.000005
4892 S 5259 1.000000
4892 Z 4891 1.000000
4892 X 4895 0.986141
4892 X 4894 0.005013
4892 X 4892 0.003586
4892 X 4891 0.003586
4892 RY 4894 0.986141
4892 RY 4895 0.005013
4892 RY 4891 0.003586
4892 RY 4892 0.003586
4894 U3 4892 0.986141
4894 U3 4891 0.005013
4894 U3 4895 0.003586
4894 U3 4894 0.003586
4894 H 4877 0.993055
4894 H 4862 0.002516
4894 H 4875 0.001796
4894 H 4876 0.001796
4894 H 4861 0.000003
4894 S 5363 1.000000
4894 Z 4895 1.000000
4894 X 4891 0.986141
4894 X 4892 0.005013
4894 X 4894 0.003586
4894 X 4895 0.003586
4894 RY 4892 0.986141
4894 RY 4891 0.005013
4894 RY 4895 0.003586
4894 RY 4894 0.003586
4895 U3 4891 0.986141
4895 U3 4892 0.005013
4895 U3 4894 0.003586
4895 U3 4895 0.003586
4895 H 4875 0.993055
4895 H 4876 0.002516
4895 H 4861 0.000835
4895 H 4877 0.001796
4895 H 4862 0.001796
4895 S 5414 1.000000
4895 Z 4894 1.000000
4895 X 4892 0.986141
4895 X 4891 0.005013
4895 X 4895 0.003586
4895 X 4894 0.003586
4895 RY 4891 0.986141
4895 RY 4892 0.005013
4895 RY 4894 0.003586
4895 RY 4895 0.003586
4898 U3 5000 0.986141
4898 U3 4949 0.005013
4898 U3 4861 0.001661
4898 U3 5104 0.003586
4898 U3 4898 0.003586
4898 H 5517 0.993055
4898 H 5518 0.002516
4898 H 5520 0.001796
4898 H 5521 0.001796
4898 S 4877 1.000000
4898 Z 5104 1.000000
4898 X 4949 0.986141
4898 X 5000 0.005013
4898 X 4861 0.001667
4898 X 4898 0.003586
4898 X 5104 0.003586
4898 RY 5000 0.986141
4898 RY 4949 0.005013
4898 RY 4861 0.001667
4898 RY 5104 0.003586
4898 RY 4898 0.003586
4949 U3 5104 0.986141
4949 U3 4898 0.005013
4949 U3 4861 0.001667
4949 U3 5000 0.003586
4949 U3 4949 0.003586
4949 H 5518 0.993055
4949 H 5517 0.002516
4949 H 5521 0.001796
4949 H 5520 0.001796
4949 S 4876 1.000000
4949 Z 5000 1.000000
4949 X 4898 0.986141
4949 X 5104 0.005013
4949 X 4949 0.003586
4949 X 5000 0.003586
4949 X 4861 0.000006
4949 RY 5104 0.986141
4949 RY 4898 0.005013
4949 RY 4861 0.001661
4949 RY 5000 0.003586
4949 RY 4949 0.003586
5000 U3 4898 0.986141
5000 U3 5104 0.005013
5000 U3 4861 0.001661
5000 U3 4949 0.003586
5000 U3 5000 0.003586
5000 H 5521 0.993055
5000 H 5520 0.002516
5000 H 5518 0.001796
5000 H 5517 0.001796
5000 S 4875 1.000000
5000 Z 4949 1.000000
5000 X 5104 0.986141
5000 X 4898 0.005013
5000 X 5000 0.003586
5000 X 4949 0.003586
5000 X 4861 0.000006
5000 RY 4898 0.986141
5000 RY 5104 0.005013
5000 RY 4949 0.003586
5000 RY 5000 0.003586
5000 RY 4861 0.000012
5038 U3 4861 0.992827
5038 U3 5038 0.007173
5038 H 5052 0.994851
5038 H 5051 0.004312
5038 H 4861 0.000837
5038 S 5038 1.000000
5038 Z 5038 1.000000
5038 X 4861 0.992827
5038 X 5038 0.007173
5038 RY 4861 0.992827
5038 RY 5038 0.007173
5051 U3 5052 0.989728
5051 U3 5051 0.008599
5051 U3 4861 0.001673
5051 H 4861 0.996408
5051 H 5038 0.003592
5051 S 5724 1.000000
5051 Z 5052 1.000000
5051 X 5051 0.989728
5051 X 5052 0.008599
5051 X 4861 0.001673
5051 RY 5052 0.989728
5051 RY 5051 0.008599
5051 RY 4861 0.001673
5052 U3 5051 0.989728
5052 U3 5052 0.008599
5052 U3 4861 0.001673
5052 H 5038 0.995571
5052 H 4861 0.004429
5052 S 5775 1.000000
5052 Z 5051 1.000000
5052 X 5052 0.989728
5052 X 5051 0.008599
5052 X 4861 0.001673
5052 RY 5051 0.989728
5052 RY 5052 0.008599
5052 RY 4861 0.001673
5104 U3 4949 0.986141
5104 U3 5000 0.005013
5104 U3 4898 0.003586
5104 U3 5104 0.003586
5104 U3 4861 0.000006
5104 H 5520 0.993055
5104 H 5521 0.002516
5104 H 5517 0.001796
5104 H 5518 0.001796
5104 S 4862 1.000000
5104 Z 4898 1.000000
5104 X 5000 0.986141
5104 X 4949 0.005013
5104 X 4861 0.001667
5104 X 5104 0.003586
5104 X 4898 0.003586
5104 RY 4949 0.986141
5104 RY 5000 0.005013
5104 RY 4861 0.001661
5104 RY 4898 0.003586
5104 RY 5104 0.003586
5208 U3 5363 0.986141
5208 U3 5414 0.005013
5208 U3 5259 0.003586
5208 U3 5208 0.003586
5208 H 6027 0.993055
5208 H 6028 0.002516
5208 H 6029 0.001796
5208 H 6030 0.001796
5208 S 4892 1.000000
5208 Z 5259 1.000000
5208 X 5414 0.986141
5208 X 5363 0.005013
5208 X 5208 0.003586
5208 X 5259 0.003586
5208 RY 5363 0.986141
5208 RY 5414 0.005013
5208 RY 5259 0.003586
5208 RY 5208 0.003586
5259 U3 5414 0.986141
5259 U3 5363 0.005013
5259 U3 5208 0.003586
5259 U3 5259 0.003586
5259 H 6029 0.993055
5259 H 6030 0.002516
5259 H 6027 0.001796
5259 H 6028 0.001796
5259 S 4891 1.000000
5259 Z 5208 1.000000
5259 X 5363 0.986141
5259 X 5414 0.005013
5259 X 5259 0.003586
5259 X 5208 0.003586
5259 RY 5414 0.986141
5259 RY 5363 0.005013
5259 RY 5208 0.003586
5259 RY 5259 0.003586
5363 U3 5208 0.986141
5363 U3 5259 0.005013
5363 U3 5414 0.003586
5363 U3 5363 0.003586
5363 H 6030 0.993055
5363 H 6029 0.002516
5363 H 6028 0.001796
5363 H 6027 0.001796
5363 S 4895 1.000000
5363 Z 5414 1.000000
5363 X 5259 0.986141
5363 X 5208 0.005013
5363 X 5363 0.003586
5363 X 5414 0.003586
5363 RY 5208 0.986141
5363 RY 5259 0.005013
5363 RY 5414 0.003586
5363 RY 5363 0.003586
5414 U3 5259 0.986141
5414 U3 5208 0.005013
5414 U3 5363 0.003586
5414 U3 5414 0.003586
5414 H 6028 0.993055
5414 H 6027 0.002516
5414 H 6030 0.001796
5414 H 6029 0.001796
5414 S 4894 1.000000
5414 Z 5363 1.000000
5414 X 5208 0.986141
5414 X 5259 0.005013
5414 X 5414 0.003586
5414 X 5363 0.003586
5414 RY 5259 0.986141
5414 RY 5208 0.005013
5414 RY 5363 0.003586
5414 RY 5414 0.003586
5517 U3 5521 0.986141
5517 U3 5520 0.005013
5517 U3 5518 0.003586
5517 U3 5517 0.003586
5517 H 4898 0.993055
5517 H 5104 0.002516
5517 H 4861 0.000835
5517 H 4949 0.001796
5517 H 5000 0.001796
5517 S 6029 1.000000
5517 Z 5518 1.000000
5517 X 5520 0.986141
5517 X 5521 0.005013
5517 X 5517 0.003586
5517 X 5518 0.003586
5517 RY 5521 0.986141
5517 RY 5520 0.005013
5517 RY 5518 0.003586
5517 RY 5517 0.003586
5518 U3 5520 0.986141
5518 U3 5521 0.005013
5518 U3 5517 0.003586
5518 U3 5518 0.003586
5518 H 4949 0.993055
5518 H 5000 0.002516
5518 H 4898 0.001796
5518 H 5104 0.001796
5518 H 4861 0.000002
5518 S 6030 1.000000
5518 Z 5517 1.000000
5518 X 5521 0.986141
5518 X 5520 0.005013
5518 X 5518 0.003586
5518 X 5517 0.003586
5518 RY 5520 0.986141
5518 RY 5521 0.005013
5518 RY 5517 0.003586
5518 RY 5518 0.003586
5520 U3 5518 0.986141
5520 U3 5517 0.005013
5520 U3 5521 0.003586
5520 U3 5520 0.003586
5520 H 5104 0.993055
5520 H 4898 0.002516
5520 H 5000 0.001796
5520 H 4949 0.001796
5520 H 4861 0.000005
5520 S 6028 1.000000
5520 Z 5521 1.000000
5520 X 5517 0.986141
5520 X 5518 0.005013
5520 X 5520 0.003586
5520 X 5521 0.003586
5520 RY 5518 0.986141
5520 RY 5517 0.005013
5520 RY 5521 0.003586
5520 RY 5520 0.003586
5521 U3 5517 0.986141
5521 U3 5518 0.005013
5521 U3 5520 0.003586
5521 U3 5521 0.003586
5521 H 5000 0.993055
5521 H 4949 0.002516
5521 H 4861 0.000832
5521 H 5104 0.001796
5521 H 4898 0.001796
5521 S 6027 1.000000
5521 Z 5520 1.000000
5521 X 5518 0.986141
5521 X 5517 0.005013
5521 X 5521 0.003586
5521 X 5520 0.003586
5521 RY 5517 0.986141
5521 RY 5518 0.005013
5521 RY 5520 0.003586
5521 RY 5521 0.003586
5724 U3 5724 0.989728
5724 U3 5775 0.008599
5724 U3 4861 0.001673
5724 H 5775 0.994851
5724 H 5724 0.004312
5724 H 4861 0.000837
5724 S 5052 1.000000
5724 Z 5775 1.000000
5724 X 5775 0.989728
5724 X 5724 0.008599
5724 X 4861 0.001673
5724 RY 5724 0.989728
5724 RY 5775 0.008599
5724 RY 4861 0.001673
5775 U3 5775 0.989728
5775 U3 5724 0.008599
5775 U3 4861 0.001673
5775 H 5724 0.994851
5775 H 5775 0.004312
5775 H 4861 0.000837
5775 S 5051 1.000000
5775 Z 5724 1.000000
5775 X 5724 0.989728
5775 X 5775 0.008599
5775 X 4861 0.001673
5775 RY 5775 0.989728
5775 RY 5724 0.008599
5775 RY 4861 0.001673
6027 U3 6030 0.986141
6027 U3 6029 0.005013
6027 U3 6028 0.003586
6027 U3 6027 0.003586
6027 H 5208 0.993055
6027 H 5259 0.002516
6027 H 5414 0.001796
6027 H 5363 0.001796
6027 S 5520 1.000000
6027 Z 6028 1.000000
6027 X 6029 0.986141
6027 X 6030 0.005013
6027 X 6027 0.003586
6027 X 6028 0.003586
6027 RY 6030 0.986141
6027 RY 6029 0.005013
6027 RY 6028 0.003586
6027 RY 6027 0.003586
6028 U3 6029 0.986141
6028 U3 6030 0.005013
6028 U3 6027 0.003586
6028 U3 6028 0.003586
6028 H 5414 0.993055
6028 H 5363 0.002516
6028 H 5208 0.001796
6028 H 5259 0.001796
6028 S 5521 1.000000
6028 Z 6027 1.000000
6028 X 6030 0.986141
6028 X 6029 0.005013
6028 X 6028 0.003586
6028 X 6027 0.003586
6028 RY 6029 0.986141
6028 RY 6030 0.005013
6028 RY 6027 0.003586
6028 RY 6028 0.003586
6029 U3 6028 0.986141
6029 U3 6027 0.005013
6029 U3 6030 0.003586
6029 U3 6029 0.003586
6029 H 5259 0.993055
6029 H 5208 0.002516
6029 H 5363 0.001796
6029 H 5414 0.001796
6029 S 5518 1.000000
6029 Z 6030 1.000000
6029 X 6027 0.986141
6029 X 6028 0.005013
6029 X 6029 0.003586
6029 X 6030 0.003586
6029 RY 6028 0.986141
6029 RY 6027 0.005013
6029 RY 6030 0.003586
6029 RY 6029 0.003586
6030 U3 6027 0.986141
6030 U3 6028 0.005013
6030 U3 6029 0.003586
6030 U3 6030 0.003586
6030 H 5363 0.993055
6030 H 5414 0.002516
6030 H 5259 0.001796
6030 H 5208 0.001796
6030 S 5517 1.000000
6030 Z 6029 1.000000
6030 X 6028 0.986141
6030 X 6027 0.005013
6030 X 6030 0.003586
6030 X 6029 0.003586
6030 RY 6027 0.986141
6030 RY 6028 0.005013
6030 RY 6029 0.003586
6030 RY 6030 0.003586
ENDPOMDP
