BEGINPOMDP
INITIALSTATE: 1741
STATES: 1798,2183,1800,2184,2185,2186,1741,1742,2001,2002,2004,2005,1755,1756,1758,1887,1759,1889,1763,1765,2022,2023,1767,2152,2153,2790,2792,1780,1781,2170
REWARDS: 1798:0,2183:0,1800:0,2184:0,2185:0,2186:0,1741:0,1742:0,2001:0,2002:0,2004:0,2005:0,1755:0,1756:0,1758:0,1887:0,1759:0,1889:0,1763:0,1765:0,2022:0,2023:0,1767:0,2152:0,2153:0,2790:0,2792:0,1780:0,1781:1,2170:0
GAMMA: 1798:0,2183:0,1800:0,2184:0,2185:0,2186:0,1741:0,1742:0,2001:0,2002:0,2004:0,2005:0,1755:0,1756:0,1758:0,1887:0,1759:0,1889:0,1763:0,1765:0,2022:0,2023:0,1767:0,2152:0,2153:0,2790:0,2792:0,1780:0,1781:0,2170:0
BEGINACTIONS
SX
RZPI
RZ3PI
RZPIHalf
S
X
ENDACTIONS
1741 INIT_ 1742 1.000000
1741 SX 2152 0.982489
1741 SX 2153 0.017304
1741 SX 1741 0.000207
1741 RZPI 1741 1.000000
1741 RZ3PI 1741 1.000000
1741 RZPIHalf 1741 1.000000
1741 S 1741 1.000000
1741 X 2170 0.998664
1741 X 1741 0.001336
1742 SX 1755 0.981925
1742 SX 1756 0.016740
1742 SX 1758 0.000564
1742 SX 1759 0.000564
1742 RZPI 1742 1.000000
1742 RZ3PI 1763 1.000000
1742 RZPIHalf 1765 1.000000
1742 S 1767 1.000000
1742 X 1780 0.981925
1742 X 1781 0.016740
1742 X 1742 0.000564
1742 X 1763 0.000564
1742 X 1741 0.000000
1755 SX 1780 0.981925
1755 SX 1781 0.016740
1755 SX 1741 0.000207
1755 SX 1742 0.000564
1755 SX 1763 0.000564
1755 RZPI 1755 1.000000
1755 RZ3PI 1756 1.000000
1755 RZPIHalf 1798 1.000000
1755 S 1800 1.000000
1755 X 1758 0.981925
1755 X 1759 0.016740
1755 X 1755 0.000564
1755 X 1756 0.000564
1756 SX 1763 0.981925
1756 SX 1742 0.016740
1756 SX 1741 0.000207
1756 SX 1781 0.000564
1756 SX 1780 0.000564
1756 RZPI 1756 1.000000
1756 RZ3PI 1755 1.000000
1756 RZPIHalf 1800 1.000000
1756 S 1798 1.000000
1756 X 1759 0.981925
1756 X 1758 0.016740
1756 X 1756 0.000564
1756 X 1755 0.000564
1758 SX 1742 0.981925
1758 SX 1763 0.016740
1758 SX 1741 0.000207
1758 SX 1780 0.000564
1758 SX 1781 0.000564
1758 RZPI 1758 1.000000
1758 RZ3PI 1759 1.000000
1758 RZPIHalf 1887 1.000000
1758 S 1889 1.000000
1758 X 1755 0.981925
1758 X 1756 0.016740
1758 X 1758 0.000564
1758 X 1759 0.000564
1759 SX 1781 0.981925
1759 SX 1780 0.016740
1759 SX 1741 0.000207
1759 SX 1763 0.000564
1759 SX 1742 0.000564
1759 RZPI 1759 1.000000
1759 RZ3PI 1758 1.000000
1759 RZPIHalf 1889 1.000000
1759 S 1887 1.000000
1759 X 1756 0.981925
1759 X 1755 0.016740
1759 X 1759 0.000564
1759 X 1758 0.000564
1763 SX 1759 0.981925
1763 SX 1758 0.016740
1763 SX 1756 0.000564
1763 SX 1755 0.000564
1763 RZPI 1763 1.000000
1763 RZ3PI 1742 1.000000
1763 RZPIHalf 1767 1.000000
1763 S 1765 1.000000
1763 X 1781 0.981925
1763 X 1780 0.016740
1763 X 1741 0.000207
1763 X 1763 0.000564
1763 X 1742 0.000564
1765 SX 2001 0.981925
1765 SX 2002 0.016740
1765 SX 2004 0.000564
1765 SX 2005 0.000564
1765 RZPI 1765 1.000000
1765 RZ3PI 1767 1.000000
1765 RZPIHalf 1763 1.000000
1765 S 1742 1.000000
1765 X 2022 0.981925
1765 X 2023 0.016740
1765 X 1765 0.000564
1765 X 1767 0.000564
1765 X 1741 0.000000
1767 SX 2005 0.981925
1767 SX 2004 0.016740
1767 SX 2002 0.000564
1767 SX 2001 0.000564
1767 RZPI 1767 1.000000
1767 RZ3PI 1765 1.000000
1767 RZPIHalf 1742 1.000000
1767 S 1763 1.000000
1767 X 2023 0.981925
1767 X 2022 0.016740
1767 X 1741 0.000207
1767 X 1767 0.000564
1767 X 1765 0.000564
1780 SX 1758 0.981925
1780 SX 1759 0.016740
1780 SX 1755 0.000564
1780 SX 1756 0.000564
1780 RZPI 1780 1.000000
1780 RZ3PI 1781 1.000000
1780 RZPIHalf 2023 1.000000
1780 S 2022 1.000000
1780 X 1742 0.981925
1780 X 1763 0.016740
1780 X 1741 0.000207
1780 X 1780 0.000564
1780 X 1781 0.000564
1781 SX 1756 0.981925
1781 SX 1755 0.016740
1781 SX 1759 0.000564
1781 SX 1758 0.000564
1781 RZPI 1781 1.000000
1781 RZ3PI 1780 1.000000
1781 RZPIHalf 2022 1.000000
1781 S 2023 1.000000
1781 X 1763 0.981925
1781 X 1742 0.016740
1781 X 1741 0.000207
1781 X 1781 0.000564
1781 X 1780 0.000564
1798 SX 2183 0.981925
1798 SX 2184 0.016740
1798 SX 2185 0.000564
1798 SX 2186 0.000564
1798 RZPI 1798 1.000000
1798 RZ3PI 1800 1.000000
1798 RZPIHalf 1756 1.000000
1798 S 1755 1.000000
1798 X 1889 0.981925
1798 X 1887 0.016740
1798 X 1798 0.000564
1798 X 1800 0.000564
1800 SX 2186 0.981925
1800 SX 2185 0.016740
1800 SX 2184 0.000564
1800 SX 2183 0.000564
1800 RZPI 1800 1.000000
1800 RZ3PI 1798 1.000000
1800 RZPIHalf 1755 1.000000
1800 S 1756 1.000000
1800 X 1887 0.981925
1800 X 1889 0.016740
1800 X 1800 0.000564
1800 X 1798 0.000564
1887 SX 2184 0.981925
1887 SX 2183 0.016740
1887 SX 2186 0.000564
1887 SX 2185 0.000564
1887 RZPI 1887 1.000000
1887 RZ3PI 1889 1.000000
1887 RZPIHalf 1759 1.000000
1887 S 1758 1.000000
1887 X 1800 0.981925
1887 X 1798 0.016740
1887 X 1887 0.000564
1887 X 1889 0.000564
1889 SX 2185 0.981925
1889 SX 2186 0.016740
1889 SX 2183 0.000564
1889 SX 2184 0.000564
1889 RZPI 1889 1.000000
1889 RZ3PI 1887 1.000000
1889 RZPIHalf 1758 1.000000
1889 S 1759 1.000000
1889 X 1798 0.981925
1889 X 1800 0.016740
1889 X 1889 0.000564
1889 X 1887 0.000564
2001 SX 2022 0.981925
2001 SX 2023 0.016740
2001 SX 1741 0.000207
2001 SX 1765 0.000564
2001 SX 1767 0.000564
2001 RZPI 2001 1.000000
2001 RZ3PI 2002 1.000000
2001 RZPIHalf 2183 1.000000
2001 S 2184 1.000000
2001 X 2004 0.981925
2001 X 2005 0.016740
2001 X 2001 0.000564
2001 X 2002 0.000564
2002 SX 1767 0.981925
2002 SX 1765 0.016740
2002 SX 1741 0.000207
2002 SX 2023 0.000564
2002 SX 2022 0.000564
2002 RZPI 2002 1.000000
2002 RZ3PI 2001 1.000000
2002 RZPIHalf 2184 1.000000
2002 S 2183 1.000000
2002 X 2005 0.981925
2002 X 2004 0.016740
2002 X 2002 0.000564
2002 X 2001 0.000564
2004 SX 1765 0.981925
2004 SX 1767 0.016740
2004 SX 2022 0.000564
2004 SX 2023 0.000564
2004 SX 1741 0.000000
2004 RZPI 2004 1.000000
2004 RZ3PI 2005 1.000000
2004 RZPIHalf 2186 1.000000
2004 S 2185 1.000000
2004 X 2001 0.981925
2004 X 2002 0.016740
2004 X 2004 0.000564
2004 X 2005 0.000564
2005 SX 2023 0.981925
2005 SX 2022 0.016740
2005 SX 1767 0.000564
2005 SX 1765 0.000564
2005 SX 1741 0.000000
2005 RZPI 2005 1.000000
2005 RZ3PI 2004 1.000000
2005 RZPIHalf 2185 1.000000
2005 S 2186 1.000000
2005 X 2002 0.981925
2005 X 2001 0.016740
2005 X 2005 0.000564
2005 X 2004 0.000564
2022 SX 2004 0.981925
2022 SX 2005 0.016740
2022 SX 2001 0.000564
2022 SX 2002 0.000564
2022 RZPI 2022 1.000000
2022 RZ3PI 2023 1.000000
2022 RZPIHalf 1780 1.000000
2022 S 1781 1.000000
2022 X 1765 0.981925
2022 X 1767 0.016740
2022 X 1741 0.000207
2022 X 2022 0.000564
2022 X 2023 0.000564
2023 SX 2002 0.981925
2023 SX 2001 0.016740
2023 SX 2005 0.000564
2023 SX 2004 0.000564
2023 RZPI 2023 1.000000
2023 RZ3PI 2022 1.000000
2023 RZPIHalf 1781 1.000000
2023 S 1780 1.000000
2023 X 1767 0.981925
2023 X 1765 0.016740
2023 X 1741 0.000207
2023 X 2023 0.000564
2023 X 2022 0.000564
2152 SX 2170 0.998664
2152 SX 1741 0.001336
2152 RZPI 2152 1.000000
2152 RZ3PI 2153 1.000000
2152 RZPIHalf 2790 1.000000
2152 S 2792 1.000000
2152 X 2153 0.982489
2152 X 2152 0.017304
2152 X 1741 0.000207
2153 SX 1741 0.998872
2153 SX 2170 0.001128
2153 RZPI 2153 1.000000
2153 RZ3PI 2152 1.000000
2153 RZPIHalf 2792 1.000000
2153 S 2790 1.000000
2153 X 2152 0.982489
2153 X 2153 0.017304
2153 X 1741 0.000207
2170 SX 2153 0.982489
2170 SX 2152 0.017304
2170 SX 1741 0.000207
2170 RZPI 2170 1.000000
2170 RZ3PI 2170 1.000000
2170 RZPIHalf 2170 1.000000
2170 S 2170 1.000000
2170 X 1741 0.998872
2170 X 2170 0.001128
2183 SX 1889 0.981925
2183 SX 1887 0.016740
2183 SX 1798 0.000564
2183 SX 1800 0.000564
2183 RZPI 2183 1.000000
2183 RZ3PI 2184 1.000000
2183 RZPIHalf 2002 1.000000
2183 S 2001 1.000000
2183 X 2185 0.981925
2183 X 2186 0.016740
2183 X 2183 0.000564
2183 X 2184 0.000564
2184 SX 1800 0.981925
2184 SX 1798 0.016740
2184 SX 1887 0.000564
2184 SX 1889 0.000564
2184 RZPI 2184 1.000000
2184 RZ3PI 2183 1.000000
2184 RZPIHalf 2001 1.000000
2184 S 2002 1.000000
2184 X 2186 0.981925
2184 X 2185 0.016740
2184 X 2184 0.000564
2184 X 2183 0.000564
2185 SX 1798 0.981925
2185 SX 1800 0.016740
2185 SX 1889 0.000564
2185 SX 1887 0.000564
2185 RZPI 2185 1.000000
2185 RZ3PI 2186 1.000000
2185 RZPIHalf 2004 1.000000
2185 S 2005 1.000000
2185 X 2183 0.981925
2185 X 2184 0.016740
2185 X 2185 0.000564
2185 X 2186 0.000564
2186 SX 1887 0.981925
2186 SX 1889 0.016740
2186 SX 1800 0.000564
2186 SX 1798 0.000564
2186 RZPI 2186 1.000000
2186 RZ3PI 2185 1.000000
2186 RZPIHalf 2005 1.000000
2186 S 2004 1.000000
2186 X 2184 0.981925
2186 X 2183 0.016740
2186 X 2186 0.000564
2186 X 2185 0.000564
2790 SX 2790 0.982489
2790 SX 2792 0.017304
2790 SX 1741 0.000207
2790 RZPI 2790 1.000000
2790 RZ3PI 2792 1.000000
2790 RZPIHalf 2153 1.000000
2790 S 2152 1.000000
2790 X 2790 0.982489
2790 X 2792 0.017304
2790 X 1741 0.000207
2792 SX 2792 0.982489
2792 SX 2790 0.017304
2792 SX 1741 0.000207
2792 RZPI 2792 1.000000
2792 RZ3PI 2790 1.000000
2792 RZPIHalf 2152 1.000000
2792 S 2153 1.000000
2792 X 2792 0.982489
2792 X 2790 0.017304
2792 X 1741 0.000207
ENDPOMDP
