BEGINPOMDP
INITIALSTATE: 100485
STATES: 100485,100486,100613,100490,100491,100495,100497,100499,100630,100503,100504,100631,100512,100640,100514,100641,100645,100518,100519,100646,100798,100800,100557,100558,100567,100568,100572,100573,100604,100605
REWARDS: 100485:0,100486:0,100613:0,100490:0,100491:0,100495:0,100497:0,100499:0,100630:0,100503:0,100504:1,100631:0,100512:0,100640:0,100514:0,100641:0,100645:0,100518:0,100519:0,100646:0,100798:0,100800:0,100557:0,100558:0,100567:0,100568:0,100572:0,100573:0,100604:0,100605:0
GAMMA: 100485:0,100486:0,100613:0,100490:0,100491:0,100495:0,100497:0,100499:0,100630:0,100503:0,100504:0,100631:0,100512:0,100640:0,100514:0,100641:0,100645:0,100518:0,100519:0,100646:0,100798:0,100800:0,100557:0,100558:0,100567:0,100568:0,100572:0,100573:0,100604:0,100605:0
BEGINACTIONS
SX
RZPI
RZ3PI
RZPIHalf
S
X
ENDACTIONS
100485 INIT_ 100486 1.000000
100485 SX 100604 0.995014
100485 SX 100605 0.000702
100485 SX 100485 0.004285
100485 RZPI 100485 1.000000
100485 RZ3PI 100485 1.000000
100485 RZPIHalf 100485 1.000000
100485 S 100485 1.000000
100485 X 100613 0.995715
100485 X 100485 0.004285
100486 SX 100490 0.995014
100486 SX 100491 0.000702
100486 RZPI 100486 1.000000
100486 RZ3PI 100495 1.000000
100486 RZPIHalf 100497 1.000000
100486 S 100499 1.000000
100486 X 100503 0.995014
100486 X 100504 0.000702
100486 X 100485 0.004285
100490 SX 100503 0.995014
100490 SX 100504 0.000702
100490 RZPI 100490 1.000000
100490 RZ3PI 100491 1.000000
100490 RZPIHalf 100512 1.000000
100490 S 100514 1.000000
100490 X 100518 0.995014
100490 X 100519 0.000702
100491 SX 100495 0.995014
100491 SX 100486 0.000702
100491 RZPI 100491 1.000000
100491 RZ3PI 100490 1.000000
100491 RZPIHalf 100514 1.000000
100491 S 100512 1.000000
100491 X 100519 0.995014
100491 X 100518 0.000702
100495 SX 100519 0.995014
100495 SX 100518 0.000702
100495 RZPI 100495 1.000000
100495 RZ3PI 100486 1.000000
100495 RZPIHalf 100499 1.000000
100495 S 100497 1.000000
100495 X 100504 0.995014
100495 X 100503 0.000702
100497 SX 100557 0.995014
100497 SX 100558 0.000702
100497 RZPI 100497 1.000000
100497 RZ3PI 100499 1.000000
100497 RZPIHalf 100495 1.000000
100497 S 100486 1.000000
100497 X 100567 0.995014
100497 X 100568 0.000702
100497 X 100485 0.004285
100499 SX 100572 0.995014
100499 SX 100573 0.000702
100499 RZPI 100499 1.000000
100499 RZ3PI 100497 1.000000
100499 RZPIHalf 100486 1.000000
100499 S 100495 1.000000
100499 X 100568 0.995014
100499 X 100567 0.000702
100499 X 100485 0.004285
100503 SX 100518 0.995014
100503 SX 100519 0.000702
100503 RZPI 100503 1.000000
100503 RZ3PI 100504 1.000000
100503 RZPIHalf 100568 1.000000
100503 S 100567 1.000000
100503 X 100486 0.995014
100503 X 100495 0.000702
100504 SX 100491 0.995014
100504 SX 100490 0.000702
100504 RZPI 100504 1.000000
100504 RZ3PI 100503 1.000000
100504 RZPIHalf 100567 1.000000
100504 S 100568 1.000000
100504 X 100495 0.995014
100504 X 100486 0.000702
100504 X 100485 0.004285
100512 SX 100630 0.995014
100512 SX 100631 0.000702
100512 RZPI 100512 1.000000
100512 RZ3PI 100514 1.000000
100512 RZPIHalf 100491 1.000000
100512 S 100490 1.000000
100512 X 100640 0.995014
100512 X 100641 0.000702
100514 SX 100645 0.995014
100514 SX 100646 0.000702
100514 RZPI 100514 1.000000
100514 RZ3PI 100512 1.000000
100514 RZPIHalf 100490 1.000000
100514 S 100491 1.000000
100514 X 100641 0.995014
100514 X 100640 0.000702
100518 SX 100486 0.995014
100518 SX 100495 0.000702
100518 RZPI 100518 1.000000
100518 RZ3PI 100519 1.000000
100518 RZPIHalf 100641 1.000000
100518 S 100640 1.000000
100518 X 100490 0.995014
100518 X 100491 0.000702
100519 SX 100504 0.995014
100519 SX 100503 0.000702
100519 SX 100485 0.004285
100519 RZPI 100519 1.000000
100519 RZ3PI 100518 1.000000
100519 RZPIHalf 100640 1.000000
100519 S 100641 1.000000
100519 X 100491 0.995014
100519 X 100490 0.000702
100557 SX 100567 0.995014
100557 SX 100568 0.000702
100557 RZPI 100557 1.000000
100557 RZ3PI 100558 1.000000
100557 RZPIHalf 100630 1.000000
100557 S 100631 1.000000
100557 X 100573 0.995014
100557 X 100572 0.000702
100558 SX 100499 0.995014
100558 SX 100497 0.000702
100558 RZPI 100558 1.000000
100558 RZ3PI 100557 1.000000
100558 RZPIHalf 100631 1.000000
100558 S 100630 1.000000
100558 X 100572 0.995014
100558 X 100573 0.000702
100567 SX 100573 0.995014
100567 SX 100572 0.000702
100567 RZPI 100567 1.000000
100567 RZ3PI 100568 1.000000
100567 RZPIHalf 100503 1.000000
100567 S 100504 1.000000
100567 X 100497 0.995014
100567 X 100499 0.000702
100568 SX 100558 0.995014
100568 SX 100557 0.000702
100568 RZPI 100568 1.000000
100568 RZ3PI 100567 1.000000
100568 RZPIHalf 100504 1.000000
100568 S 100503 1.000000
100568 X 100499 0.995014
100568 X 100497 0.000702
100572 SX 100568 0.995014
100572 SX 100567 0.000702
100572 SX 100485 0.004285
100572 RZPI 100572 1.000000
100572 RZ3PI 100573 1.000000
100572 RZPIHalf 100646 1.000000
100572 S 100645 1.000000
100572 X 100558 0.995014
100572 X 100557 0.000702
100573 SX 100497 0.995014
100573 SX 100499 0.000702
100573 SX 100485 0.004285
100573 RZPI 100573 1.000000
100573 RZ3PI 100572 1.000000
100573 RZPIHalf 100645 1.000000
100573 S 100646 1.000000
100573 X 100557 0.995014
100573 X 100558 0.000702
100604 SX 100613 0.995715
100604 SX 100485 0.004285
100604 RZPI 100604 1.000000
100604 RZ3PI 100605 1.000000
100604 RZPIHalf 100798 1.000000
100604 S 100800 1.000000
100604 X 100605 0.995014
100604 X 100604 0.000702
100604 X 100485 0.004285
100605 SX 100485 1.000000
100605 RZPI 100605 1.000000
100605 RZ3PI 100604 1.000000
100605 RZPIHalf 100800 1.000000
100605 S 100798 1.000000
100605 X 100604 0.995014
100605 X 100605 0.000702
100605 X 100485 0.004285
100613 SX 100605 0.995014
100613 SX 100604 0.000702
100613 SX 100485 0.004285
100613 RZPI 100613 1.000000
100613 RZ3PI 100613 1.000000
100613 RZPIHalf 100613 1.000000
100613 S 100613 1.000000
100613 X 100485 1.000000
100630 SX 100640 0.995014
100630 SX 100641 0.000702
100630 RZPI 100630 1.000000
100630 RZ3PI 100631 1.000000
100630 RZPIHalf 100558 1.000000
100630 S 100557 1.000000
100630 X 100646 0.995014
100630 X 100645 0.000702
100631 SX 100514 0.995014
100631 SX 100512 0.000702
100631 RZPI 100631 1.000000
100631 RZ3PI 100630 1.000000
100631 RZPIHalf 100557 1.000000
100631 S 100558 1.000000
100631 X 100645 0.995014
100631 X 100646 0.000702
100640 SX 100646 0.995014
100640 SX 100645 0.000702
100640 RZPI 100640 1.000000
100640 RZ3PI 100641 1.000000
100640 RZPIHalf 100518 1.000000
100640 S 100519 1.000000
100640 X 100512 0.995014
100640 X 100514 0.000702
100641 SX 100631 0.995014
100641 SX 100630 0.000702
100641 RZPI 100641 1.000000
100641 RZ3PI 100640 1.000000
100641 RZPIHalf 100519 1.000000
100641 S 100518 1.000000
100641 X 100514 0.995014
100641 X 100512 0.000702
100645 SX 100641 0.995014
100645 SX 100640 0.000702
100645 RZPI 100645 1.000000
100645 RZ3PI 100646 1.000000
100645 RZPIHalf 100572 1.000000
100645 S 100573 1.000000
100645 X 100631 0.995014
100645 X 100630 0.000702
100646 SX 100512 0.995014
100646 SX 100514 0.000702
100646 RZPI 100646 1.000000
100646 RZ3PI 100645 1.000000
100646 RZPIHalf 100573 1.000000
100646 S 100572 1.000000
100646 X 100630 0.995014
100646 X 100631 0.000702
100798 SX 100798 0.995014
100798 SX 100800 0.000702
100798 SX 100485 0.004285
100798 RZPI 100798 1.000000
100798 RZ3PI 100800 1.000000
100798 RZPIHalf 100605 1.000000
100798 S 100604 1.000000
100798 X 100798 0.995014
100798 X 100800 0.000702
100798 X 100485 0.004285
100800 SX 100800 0.995014
100800 SX 100798 0.000702
100800 SX 100485 0.004285
100800 RZPI 100800 1.000000
100800 RZ3PI 100798 1.000000
100800 RZPIHalf 100604 1.000000
100800 S 100605 1.000000
100800 X 100800 0.995014
100800 X 100798 0.000702
100800 X 100485 0.004285
ENDPOMDP
