BEGINPOMDP
INITIALSTATE: 1
STATES: 1,2,261,262,264,265,15,16,18,19,147,149,23,25,1050,27,283,284,412,413,1052,40,41,430,58,443,60,444,445,446
REWARDS: 1:0,2:0,261:0,262:0,264:0,265:0,15:0,16:0,18:0,19:0,147:0,149:0,23:0,25:0,1050:0,27:0,283:0,284:0,412:0,413:0,1052:0,40:0,41:1,430:0,58:0,443:0,60:0,444:0,445:0,446:0
GAMMA: 1:0,2:0,261:0,262:0,264:0,265:0,15:0,16:0,18:0,19:0,147:0,149:0,23:0,25:0,1050:0,27:0,283:0,284:0,412:0,413:0,1052:0,40:0,41:0,430:0,58:0,443:0,60:0,444:0,445:0,446:0
BEGINACTIONS
SX
RZPI
RZ3PI
RZPIHalf
S
X
ENDACTIONS
1 INIT_ 2 1.000000
1 SX 412 0.999638
1 SX 413 0.000080
1 SX 1 0.000282
1 RZPI 1 1.000000
1 RZ3PI 1 1.000000
1 RZPIHalf 1 1.000000
1 S 1 1.000000
1 X 430 0.999642
1 X 1 0.000358
2 SX 15 0.999600
2 SX 16 0.000042
2 SX 18 0.000038
2 SX 19 0.000038
2 RZPI 2 1.000000
2 RZ3PI 23 1.000000
2 RZPIHalf 25 1.000000
2 S 27 1.000000
2 X 40 0.999600
2 X 41 0.000042
2 X 2 0.000038
2 X 23 0.000038
2 X 1 0.000000
15 SX 40 0.999600
15 SX 41 0.000042
15 SX 1 0.000282
15 SX 2 0.000038
15 SX 23 0.000038
15 RZPI 15 1.000000
15 RZ3PI 16 1.000000
15 RZPIHalf 58 1.000000
15 S 60 1.000000
15 X 18 0.999600
15 X 19 0.000042
15 X 15 0.000038
15 X 16 0.000038
16 SX 23 0.999600
16 SX 2 0.000042
16 SX 1 0.000282
16 SX 41 0.000038
16 SX 40 0.000038
16 RZPI 16 1.000000
16 RZ3PI 15 1.000000
16 RZPIHalf 60 1.000000
16 S 58 1.000000
16 X 19 0.999600
16 X 18 0.000042
16 X 16 0.000038
16 X 15 0.000038
18 SX 2 0.999600
18 SX 23 0.000042
18 SX 40 0.000038
18 SX 41 0.000038
18 SX 1 0.000000
18 RZPI 18 1.000000
18 RZ3PI 19 1.000000
18 RZPIHalf 147 1.000000
18 S 149 1.000000
18 X 15 0.999600
18 X 16 0.000042
18 X 18 0.000038
18 X 19 0.000038
19 SX 41 0.999600
19 SX 40 0.000042
19 SX 23 0.000038
19 SX 2 0.000038
19 SX 1 0.000000
19 RZPI 19 1.000000
19 RZ3PI 18 1.000000
19 RZPIHalf 149 1.000000
19 S 147 1.000000
19 X 16 0.999600
19 X 15 0.000042
19 X 19 0.000038
19 X 18 0.000038
23 SX 19 0.999600
23 SX 18 0.000042
23 SX 16 0.000038
23 SX 15 0.000038
23 RZPI 23 1.000000
23 RZ3PI 2 1.000000
23 RZPIHalf 27 1.000000
23 S 25 1.000000
23 X 41 0.999600
23 X 40 0.000042
23 X 1 0.000282
23 X 23 0.000038
23 X 2 0.000038
25 SX 261 0.999600
25 SX 262 0.000042
25 SX 264 0.000038
25 SX 265 0.000038
25 RZPI 25 1.000000
25 RZ3PI 27 1.000000
25 RZPIHalf 23 1.000000
25 S 2 1.000000
25 X 283 0.999600
25 X 284 0.000042
25 X 25 0.000038
25 X 27 0.000038
25 X 1 0.000000
27 SX 265 0.999600
27 SX 264 0.000042
27 SX 262 0.000038
27 SX 261 0.000038
27 RZPI 27 1.000000
27 RZ3PI 25 1.000000
27 RZPIHalf 2 1.000000
27 S 23 1.000000
27 X 284 0.999600
27 X 283 0.000042
27 X 1 0.000282
27 X 27 0.000038
27 X 25 0.000038
40 SX 18 0.999600
40 SX 19 0.000042
40 SX 15 0.000038
40 SX 16 0.000038
40 RZPI 40 1.000000
40 RZ3PI 41 1.000000
40 RZPIHalf 284 1.000000
40 S 283 1.000000
40 X 2 0.999600
40 X 23 0.000042
40 X 40 0.000038
40 X 41 0.000038
40 X 1 0.000000
41 SX 16 0.999600
41 SX 15 0.000042
41 SX 19 0.000038
41 SX 18 0.000038
41 RZPI 41 1.000000
41 RZ3PI 40 1.000000
41 RZPIHalf 283 1.000000
41 S 284 1.000000
41 X 23 0.999600
41 X 2 0.000042
41 X 1 0.000282
41 X 41 0.000038
41 X 40 0.000038
58 SX 443 0.999600
58 SX 444 0.000042
58 SX 445 0.000038
58 SX 446 0.000038
58 RZPI 58 1.000000
58 RZ3PI 60 1.000000
58 RZPIHalf 16 1.000000
58 S 15 1.000000
58 X 149 0.999600
58 X 147 0.000042
58 X 58 0.000038
58 X 60 0.000038
60 SX 446 0.999600
60 SX 445 0.000042
60 SX 444 0.000038
60 SX 443 0.000038
60 RZPI 60 1.000000
60 RZ3PI 58 1.000000
60 RZPIHalf 15 1.000000
60 S 16 1.000000
60 X 147 0.999600
60 X 149 0.000042
60 X 60 0.000038
60 X 58 0.000038
147 SX 444 0.999600
147 SX 443 0.000042
147 SX 446 0.000038
147 SX 445 0.000038
147 RZPI 147 1.000000
147 RZ3PI 149 1.000000
147 RZPIHalf 19 1.000000
147 S 18 1.000000
147 X 60 0.999600
147 X 58 0.000042
147 X 147 0.000038
147 X 149 0.000038
149 SX 445 0.999600
149 SX 446 0.000042
149 SX 443 0.000038
149 SX 444 0.000038
149 RZPI 149 1.000000
149 RZ3PI 147 1.000000
149 RZPIHalf 18 1.000000
149 S 19 1.000000
149 X 58 0.999600
149 X 60 0.000042
149 X 149 0.000038
149 X 147 0.000038
261 SX 283 0.999600
261 SX 284 0.000042
261 SX 25 0.000038
261 SX 27 0.000038
261 SX 1 0.000000
261 RZPI 261 1.000000
261 RZ3PI 262 1.000000
261 RZPIHalf 443 1.000000
261 S 444 1.000000
261 X 264 0.999600
261 X 265 0.000042
261 X 261 0.000038
261 X 262 0.000038
262 SX 27 0.999600
262 SX 25 0.000042
262 SX 284 0.000038
262 SX 283 0.000038
262 SX 1 0.000000
262 RZPI 262 1.000000
262 RZ3PI 261 1.000000
262 RZPIHalf 444 1.000000
262 S 443 1.000000
262 X 265 0.999600
262 X 264 0.000042
262 X 262 0.000038
262 X 261 0.000038
264 SX 25 0.999600
264 SX 27 0.000042
264 SX 1 0.000282
264 SX 283 0.000038
264 SX 284 0.000038
264 RZPI 264 1.000000
264 RZ3PI 265 1.000000
264 RZPIHalf 446 1.000000
264 S 445 1.000000
264 X 261 0.999600
264 X 262 0.000042
264 X 264 0.000038
264 X 265 0.000038
265 SX 284 0.999600
265 SX 283 0.000042
265 SX 1 0.000282
265 SX 27 0.000038
265 SX 25 0.000038
265 RZPI 265 1.000000
265 RZ3PI 264 1.000000
265 RZPIHalf 445 1.000000
265 S 446 1.000000
265 X 262 0.999600
265 X 261 0.000042
265 X 265 0.000038
265 X 264 0.000038
283 SX 264 0.999600
283 SX 265 0.000042
283 SX 261 0.000038
283 SX 262 0.000038
283 RZPI 283 1.000000
283 RZ3PI 284 1.000000
283 RZPIHalf 40 1.000000
283 S 41 1.000000
283 X 25 0.999600
283 X 27 0.000042
283 X 283 0.000038
283 X 284 0.000038
283 X 1 0.000000
284 SX 262 0.999600
284 SX 261 0.000042
284 SX 265 0.000038
284 SX 264 0.000038
284 RZPI 284 1.000000
284 RZ3PI 283 1.000000
284 RZPIHalf 41 1.000000
284 S 40 1.000000
284 X 27 0.999600
284 X 25 0.000042
284 X 1 0.000282
284 X 284 0.000038
284 X 283 0.000038
412 SX 430 0.999642
412 SX 1 0.000358
412 RZPI 412 1.000000
412 RZ3PI 413 1.000000
412 RZPIHalf 1050 1.000000
412 S 1052 1.000000
412 X 413 0.999638
412 X 412 0.000080
412 X 1 0.000282
413 SX 1 0.999925
413 SX 430 0.000075
413 RZPI 413 1.000000
413 RZ3PI 412 1.000000
413 RZPIHalf 1052 1.000000
413 S 1050 1.000000
413 X 412 0.999638
413 X 413 0.000080
413 X 1 0.000282
430 SX 413 0.999638
430 SX 412 0.000080
430 SX 1 0.000282
430 RZPI 430 1.000000
430 RZ3PI 430 1.000000
430 RZPIHalf 430 1.000000
430 S 430 1.000000
430 X 1 0.999925
430 X 430 0.000075
443 SX 149 0.999600
443 SX 147 0.000042
443 SX 58 0.000038
443 SX 60 0.000038
443 RZPI 443 1.000000
443 RZ3PI 444 1.000000
443 RZPIHalf 262 1.000000
443 S 261 1.000000
443 X 445 0.999600
443 X 446 0.000042
443 X 443 0.000038
443 X 444 0.000038
444 SX 60 0.999600
444 SX 58 0.000042
444 SX 147 0.000038
444 SX 149 0.000038
444 RZPI 444 1.000000
444 RZ3PI 443 1.000000
444 RZPIHalf 261 1.000000
444 S 262 1.000000
444 X 446 0.999600
444 X 445 0.000042
444 X 444 0.000038
444 X 443 0.000038
445 SX 58 0.999600
445 SX 60 0.000042
445 SX 149 0.000038
445 SX 147 0.000038
445 RZPI 445 1.000000
445 RZ3PI 446 1.000000
445 RZPIHalf 264 1.000000
445 S 265 1.000000
445 X 443 0.999600
445 X 444 0.000042
445 X 445 0.000038
445 X 446 0.000038
446 SX 147 0.999600
446 SX 149 0.000042
446 SX 60 0.000038
446 SX 58 0.000038
446 RZPI 446 1.000000
446 RZ3PI 445 1.000000
446 RZPIHalf 265 1.000000
446 S 264 1.000000
446 X 444 0.999600
446 X 443 0.000042
446 X 446 0.000038
446 X 445 0.000038
1050 SX 1050 0.999638
1050 SX 1052 0.000080
1050 SX 1 0.000282
1050 RZPI 1050 1.000000
1050 RZ3PI 1052 1.000000
1050 RZPIHalf 413 1.000000
1050 S 412 1.000000
1050 X 1050 0.999638
1050 X 1052 0.000080
1050 X 1 0.000282
1052 SX 1052 0.999638
1052 SX 1050 0.000080
1052 SX 1 0.000282
1052 RZPI 1052 1.000000
1052 RZ3PI 1050 1.000000
1052 RZPIHalf 412 1.000000
1052 S 413 1.000000
1052 X 1052 0.999638
1052 X 1050 0.000080
1052 X 1 0.000282
ENDPOMDP
