BEGINPOMDP
INITIALSTATE: 362941
STATES: 363384,362941,362942,363201,363202,363204,363205,362955,362956,362958,362959,363087,363089,362963,362965,363990,362967,363223,363224,363352,363353,363992,362980,362981,363370,362998,363383,363000,363385,363386
REWARDS: 363384:0,362941:0,362942:0,363201:0,363202:0,363204:0,363205:0,362955:0,362956:0,362958:0,362959:0,363087:0,363089:0,362963:0,362965:0,363990:0,362967:0,363223:0,363224:0,363352:0,363353:0,363992:0,362980:0,362981:1,363370:0,362998:0,363383:0,363000:0,363385:0,363386:0
GAMMA: 363384:0,362941:0,362942:0,363201:0,363202:0,363204:0,363205:0,362955:0,362956:0,362958:0,362959:0,363087:0,363089:0,362963:0,362965:0,363990:0,362967:0,363223:0,363224:0,363352:0,363353:0,363992:0,362980:0,362981:0,363370:0,362998:0,363383:0,363000:0,363385:0,363386:0
BEGINACTIONS
SX
RZPI
RZ3PI
RZPIHalf
S
X
ENDACTIONS
362941 INIT_ 362942 1.000000
362941 SX 363352 0.998733
362941 SX 363353 0.000977
362941 SX 362941 0.000290
362941 RZPI 362941 1.000000
362941 RZ3PI 362941 1.000000
362941 RZPIHalf 362941 1.000000
362941 S 362941 1.000000
362941 X 363370 0.998765
362941 X 362941 0.001235
362942 SX 362955 0.998260
362942 SX 362956 0.000505
362942 SX 362958 0.000473
362942 SX 362959 0.000473
362942 RZPI 362942 1.000000
362942 RZ3PI 362963 1.000000
362942 RZPIHalf 362965 1.000000
362942 S 362967 1.000000
362942 X 362980 0.998260
362942 X 362981 0.000505
362942 X 362942 0.000473
362942 X 362963 0.000473
362942 X 362941 0.000000
362955 SX 362980 0.998260
362955 SX 362981 0.000505
362955 SX 362941 0.000290
362955 SX 362942 0.000473
362955 SX 362963 0.000473
362955 RZPI 362955 1.000000
362955 RZ3PI 362956 1.000000
362955 RZPIHalf 362998 1.000000
362955 S 363000 1.000000
362955 X 362958 0.998260
362955 X 362959 0.000505
362955 X 362955 0.000473
362955 X 362956 0.000473
362956 SX 362963 0.998260
362956 SX 362942 0.000505
362956 SX 362941 0.000290
362956 SX 362981 0.000473
362956 SX 362980 0.000473
362956 RZPI 362956 1.000000
362956 RZ3PI 362955 1.000000
362956 RZPIHalf 363000 1.000000
362956 S 362998 1.000000
362956 X 362959 0.998260
362956 X 362958 0.000505
362956 X 362956 0.000473
362956 X 362955 0.000473
362958 SX 362942 0.998260
362958 SX 362963 0.000505
362958 SX 362980 0.000473
362958 SX 362981 0.000473
362958 SX 362941 0.000000
362958 RZPI 362958 1.000000
362958 RZ3PI 362959 1.000000
362958 RZPIHalf 363087 1.000000
362958 S 363089 1.000000
362958 X 362955 0.998260
362958 X 362956 0.000505
362958 X 362958 0.000473
362958 X 362959 0.000473
362959 SX 362981 0.998260
362959 SX 362980 0.000505
362959 SX 362941 0.000290
362959 SX 362963 0.000473
362959 SX 362942 0.000473
362959 RZPI 362959 1.000000
362959 RZ3PI 362958 1.000000
362959 RZPIHalf 363089 1.000000
362959 S 363087 1.000000
362959 X 362956 0.998260
362959 X 362955 0.000505
362959 X 362959 0.000473
362959 X 362958 0.000473
362963 SX 362959 0.998260
362963 SX 362958 0.000505
362963 SX 362956 0.000473
362963 SX 362955 0.000473
362963 RZPI 362963 1.000000
362963 RZ3PI 362942 1.000000
362963 RZPIHalf 362967 1.000000
362963 S 362965 1.000000
362963 X 362981 0.998260
362963 X 362980 0.000505
362963 X 362941 0.000290
362963 X 362963 0.000473
362963 X 362942 0.000473
362965 SX 363201 0.998260
362965 SX 363202 0.000505
362965 SX 363204 0.000473
362965 SX 363205 0.000473
362965 RZPI 362965 1.000000
362965 RZ3PI 362967 1.000000
362965 RZPIHalf 362963 1.000000
362965 S 362942 1.000000
362965 X 363223 0.998260
362965 X 363224 0.000505
362965 X 362965 0.000473
362965 X 362967 0.000473
362965 X 362941 0.000000
362967 SX 363205 0.998260
362967 SX 363204 0.000505
362967 SX 363202 0.000473
362967 SX 363201 0.000473
362967 RZPI 362967 1.000000
362967 RZ3PI 362965 1.000000
362967 RZPIHalf 362942 1.000000
362967 S 362963 1.000000
362967 X 363224 0.998260
362967 X 363223 0.000505
362967 X 362941 0.000290
362967 X 362967 0.000473
362967 X 362965 0.000473
362980 SX 362958 0.998260
362980 SX 362959 0.000505
362980 SX 362955 0.000473
362980 SX 362956 0.000473
362980 RZPI 362980 1.000000
362980 RZ3PI 362981 1.000000
362980 RZPIHalf 363224 1.000000
362980 S 363223 1.000000
362980 X 362942 0.998260
362980 X 362963 0.000505
362980 X 362941 0.000289
362980 X 362980 0.000473
362980 X 362981 0.000473
362981 SX 362956 0.998260
362981 SX 362955 0.000505
362981 SX 362959 0.000473
362981 SX 362958 0.000473
362981 RZPI 362981 1.000000
362981 RZ3PI 362980 1.000000
362981 RZPIHalf 363223 1.000000
362981 S 363224 1.000000
362981 X 362963 0.998260
362981 X 362942 0.000505
362981 X 362981 0.000473
362981 X 362980 0.000473
362981 X 362941 0.000000
362998 SX 363383 0.998260
362998 SX 363384 0.000505
362998 SX 363385 0.000473
362998 SX 363386 0.000473
362998 RZPI 362998 1.000000
362998 RZ3PI 363000 1.000000
362998 RZPIHalf 362956 1.000000
362998 S 362955 1.000000
362998 X 363089 0.998260
362998 X 363087 0.000505
362998 X 362998 0.000473
362998 X 363000 0.000473
363000 SX 363386 0.998260
363000 SX 363385 0.000505
363000 SX 363384 0.000473
363000 SX 363383 0.000473
363000 RZPI 363000 1.000000
363000 RZ3PI 362998 1.000000
363000 RZPIHalf 362955 1.000000
363000 S 362956 1.000000
363000 X 363087 0.998260
363000 X 363089 0.000505
363000 X 363000 0.000473
363000 X 362998 0.000473
363087 SX 363384 0.998260
363087 SX 363383 0.000505
363087 SX 363386 0.000473
363087 SX 363385 0.000473
363087 RZPI 363087 1.000000
363087 RZ3PI 363089 1.000000
363087 RZPIHalf 362959 1.000000
363087 S 362958 1.000000
363087 X 363000 0.998260
363087 X 362998 0.000505
363087 X 363087 0.000473
363087 X 363089 0.000473
363089 SX 363385 0.998260
363089 SX 363386 0.000505
363089 SX 363383 0.000473
363089 SX 363384 0.000473
363089 RZPI 363089 1.000000
363089 RZ3PI 363087 1.000000
363089 RZPIHalf 362958 1.000000
363089 S 362959 1.000000
363089 X 362998 0.998260
363089 X 363000 0.000505
363089 X 363089 0.000473
363089 X 363087 0.000473
363201 SX 363223 0.998260
363201 SX 363224 0.000505
363201 SX 362965 0.000473
363201 SX 362967 0.000473
363201 SX 362941 0.000000
363201 RZPI 363201 1.000000
363201 RZ3PI 363202 1.000000
363201 RZPIHalf 363383 1.000000
363201 S 363384 1.000000
363201 X 363204 0.998260
363201 X 363205 0.000505
363201 X 363201 0.000473
363201 X 363202 0.000473
363202 SX 362967 0.998260
363202 SX 362965 0.000505
363202 SX 362941 0.000290
363202 SX 363224 0.000473
363202 SX 363223 0.000473
363202 RZPI 363202 1.000000
363202 RZ3PI 363201 1.000000
363202 RZPIHalf 363384 1.000000
363202 S 363383 1.000000
363202 X 363205 0.998260
363202 X 363204 0.000505
363202 X 363202 0.000473
363202 X 363201 0.000473
363204 SX 362965 0.998260
363204 SX 362967 0.000505
363204 SX 363223 0.000473
363204 SX 363224 0.000473
363204 RZPI 363204 1.000000
363204 RZ3PI 363205 1.000000
363204 RZPIHalf 363386 1.000000
363204 S 363385 1.000000
363204 X 363201 0.998260
363204 X 363202 0.000505
363204 X 363204 0.000473
363204 X 363205 0.000473
363205 SX 363224 0.998260
363205 SX 363223 0.000505
363205 SX 362967 0.000473
363205 SX 362965 0.000473
363205 SX 362941 0.000000
363205 RZPI 363205 1.000000
363205 RZ3PI 363204 1.000000
363205 RZPIHalf 363385 1.000000
363205 S 363386 1.000000
363205 X 363202 0.998260
363205 X 363201 0.000505
363205 X 363205 0.000473
363205 X 363204 0.000473
363223 SX 363204 0.998260
363223 SX 363205 0.000505
363223 SX 363201 0.000473
363223 SX 363202 0.000473
363223 RZPI 363223 1.000000
363223 RZ3PI 363224 1.000000
363223 RZPIHalf 362980 1.000000
363223 S 362981 1.000000
363223 X 362965 0.998260
363223 X 362967 0.000505
363223 X 362941 0.000290
363223 X 363223 0.000473
363223 X 363224 0.000473
363224 SX 363202 0.998260
363224 SX 363201 0.000505
363224 SX 363205 0.000473
363224 SX 363204 0.000473
363224 RZPI 363224 1.000000
363224 RZ3PI 363223 1.000000
363224 RZPIHalf 362981 1.000000
363224 S 362980 1.000000
363224 X 362967 0.998260
363224 X 362965 0.000505
363224 X 362941 0.000289
363224 X 363224 0.000473
363224 X 363223 0.000473
363352 SX 363370 0.998765
363352 SX 362941 0.001235
363352 RZPI 363352 1.000000
363352 RZ3PI 363353 1.000000
363352 RZPIHalf 363990 1.000000
363352 S 363992 1.000000
363352 X 363353 0.998733
363352 X 363352 0.000977
363352 X 362941 0.000290
363353 SX 362941 0.999055
363353 SX 363370 0.000945
363353 RZPI 363353 1.000000
363353 RZ3PI 363352 1.000000
363353 RZPIHalf 363992 1.000000
363353 S 363990 1.000000
363353 X 363352 0.998733
363353 X 363353 0.000977
363353 X 362941 0.000290
363370 SX 363353 0.998733
363370 SX 363352 0.000977
363370 SX 362941 0.000290
363370 RZPI 363370 1.000000
363370 RZ3PI 363370 1.000000
363370 RZPIHalf 363370 1.000000
363370 S 363370 1.000000
363370 X 362941 0.999055
363370 X 363370 0.000945
363383 SX 363089 0.998260
363383 SX 363087 0.000505
363383 SX 362998 0.000473
363383 SX 363000 0.000473
363383 RZPI 363383 1.000000
363383 RZ3PI 363384 1.000000
363383 RZPIHalf 363202 1.000000
363383 S 363201 1.000000
363383 X 363385 0.998260
363383 X 363386 0.000505
363383 X 363383 0.000473
363383 X 363384 0.000473
363384 SX 363000 0.998260
363384 SX 362998 0.000505
363384 SX 363087 0.000473
363384 SX 363089 0.000473
363384 RZPI 363384 1.000000
363384 RZ3PI 363383 1.000000
363384 RZPIHalf 363201 1.000000
363384 S 363202 1.000000
363384 X 363386 0.998260
363384 X 363385 0.000505
363384 X 363384 0.000473
363384 X 363383 0.000473
363385 SX 362998 0.998260
363385 SX 363000 0.000505
363385 SX 363089 0.000473
363385 SX 363087 0.000473
363385 RZPI 363385 1.000000
363385 RZ3PI 363386 1.000000
363385 RZPIHalf 363204 1.000000
363385 S 363205 1.000000
363385 X 363383 0.998260
363385 X 363384 0.000505
363385 X 363385 0.000473
363385 X 363386 0.000473
363386 SX 363087 0.998260
363386 SX 363089 0.000505
363386 SX 363000 0.000473
363386 SX 362998 0.000473
363386 RZPI 363386 1.000000
363386 RZ3PI 363385 1.000000
363386 RZPIHalf 363205 1.000000
363386 S 363204 1.000000
363386 X 363384 0.998260
363386 X 363383 0.000505
363386 X 363386 0.000473
363386 X 363385 0.000473
363990 SX 363990 0.998733
363990 SX 363992 0.000977
363990 SX 362941 0.000290
363990 RZPI 363990 1.000000
363990 RZ3PI 363992 1.000000
363990 RZPIHalf 363353 1.000000
363990 S 363352 1.000000
363990 X 363990 0.998733
363990 X 363992 0.000977
363990 X 362941 0.000290
363992 SX 363992 0.998733
363992 SX 363990 0.000977
363992 SX 362941 0.000290
363992 RZPI 363992 1.000000
363992 RZ3PI 363990 1.000000
363992 RZPIHalf 363352 1.000000
363992 S 363353 1.000000
363992 X 363992 0.998733
363992 X 363990 0.000977
363992 X 362941 0.000290
ENDPOMDP
