BEGINPOMDP
INITIALSTATE: 767521
STATES: 767901,767902,767521,767522,767781,767782,767784,767785,767535,767536,767919,767538,767539,767667,767669,767543,767545,767547,767803,767804,767560,767561,767578,767963,767580,767964,767965,767966,768484,768486
REWARDS: 767901:0,767902:0,767521:0,767522:0,767781:0,767782:0,767784:0,767785:0,767535:0,767536:0,767919:0,767538:0,767539:0,767667:0,767669:0,767543:0,767545:0,767547:0,767803:0,767804:0,767560:0,767561:1,767578:0,767963:0,767580:0,767964:0,767965:0,767966:0,768484:0,768486:0
GAMMA: 767901:0,767902:0,767521:0,767522:0,767781:0,767782:0,767784:0,767785:0,767535:0,767536:0,767919:0,767538:0,767539:0,767667:0,767669:0,767543:0,767545:0,767547:0,767803:0,767804:0,767560:0,767561:0,767578:0,767963:0,767580:0,767964:0,767965:0,767966:0,768484:0,768486:0
BEGINACTIONS
SX
RZPI
RZ3PI
RZPIHalf
S
X
ENDACTIONS
767521 INIT_ 767522 1.000000
767521 SX 767901 0.989129
767521 SX 767902 0.004173
767521 SX 767521 0.006698
767521 RZPI 767521 1.000000
767521 RZ3PI 767521 1.000000
767521 RZPIHalf 767521 1.000000
767521 S 767521 1.000000
767521 X 767919 0.991076
767521 X 767521 0.008924
767522 SX 767535 0.988016
767522 SX 767536 0.003060
767522 SX 767538 0.001113
767522 SX 767539 0.001113
767522 RZPI 767522 1.000000
767522 RZ3PI 767543 1.000000
767522 RZPIHalf 767545 1.000000
767522 S 767547 1.000000
767522 X 767560 0.988016
767522 X 767561 0.003060
767522 X 767521 0.006683
767522 X 767522 0.001113
767522 X 767543 0.001113
767535 SX 767560 0.988016
767535 SX 767561 0.003060
767535 SX 767521 0.006690
767535 SX 767522 0.001113
767535 SX 767543 0.001113
767535 RZPI 767535 1.000000
767535 RZ3PI 767536 1.000000
767535 RZPIHalf 767578 1.000000
767535 S 767580 1.000000
767535 X 767538 0.988016
767535 X 767539 0.003060
767535 X 767535 0.001113
767535 X 767536 0.001113
767536 SX 767543 0.988016
767536 SX 767522 0.003060
767536 SX 767561 0.001113
767536 SX 767560 0.001113
767536 SX 767521 0.000008
767536 RZPI 767536 1.000000
767536 RZ3PI 767535 1.000000
767536 RZPIHalf 767580 1.000000
767536 S 767578 1.000000
767536 X 767539 0.988016
767536 X 767538 0.003060
767536 X 767536 0.001113
767536 X 767535 0.001113
767538 SX 767522 0.988016
767538 SX 767543 0.003060
767538 SX 767560 0.001113
767538 SX 767561 0.001113
767538 SX 767521 0.000008
767538 RZPI 767538 1.000000
767538 RZ3PI 767539 1.000000
767538 RZPIHalf 767667 1.000000
767538 S 767669 1.000000
767538 X 767535 0.988016
767538 X 767536 0.003060
767538 X 767538 0.001113
767538 X 767539 0.001113
767539 SX 767561 0.988016
767539 SX 767560 0.003060
767539 SX 767521 0.006675
767539 SX 767543 0.001113
767539 SX 767522 0.001113
767539 RZPI 767539 1.000000
767539 RZ3PI 767538 1.000000
767539 RZPIHalf 767669 1.000000
767539 S 767667 1.000000
767539 X 767536 0.988016
767539 X 767535 0.003060
767539 X 767539 0.001113
767539 X 767538 0.001113
767543 SX 767539 0.988016
767543 SX 767538 0.003060
767543 SX 767536 0.001113
767543 SX 767535 0.001113
767543 RZPI 767543 1.000000
767543 RZ3PI 767522 1.000000
767543 RZPIHalf 767547 1.000000
767543 S 767545 1.000000
767543 X 767561 0.988016
767543 X 767560 0.003060
767543 X 767521 0.006675
767543 X 767543 0.001113
767543 X 767522 0.001113
767545 SX 767781 0.988016
767545 SX 767782 0.003060
767545 SX 767784 0.001113
767545 SX 767785 0.001113
767545 RZPI 767545 1.000000
767545 RZ3PI 767547 1.000000
767545 RZPIHalf 767543 1.000000
767545 S 767522 1.000000
767545 X 767803 0.988016
767545 X 767804 0.003060
767545 X 767521 0.006690
767545 X 767545 0.001113
767545 X 767547 0.001113
767547 SX 767785 0.988016
767547 SX 767784 0.003060
767547 SX 767782 0.001113
767547 SX 767781 0.001113
767547 RZPI 767547 1.000000
767547 RZ3PI 767545 1.000000
767547 RZPIHalf 767522 1.000000
767547 S 767543 1.000000
767547 X 767804 0.988016
767547 X 767803 0.003060
767547 X 767547 0.001113
767547 X 767545 0.001113
767547 X 767521 0.000008
767560 SX 767538 0.988016
767560 SX 767539 0.003060
767560 SX 767535 0.001113
767560 SX 767536 0.001113
767560 RZPI 767560 1.000000
767560 RZ3PI 767561 1.000000
767560 RZPIHalf 767804 1.000000
767560 S 767803 1.000000
767560 X 767522 0.988016
767560 X 767543 0.003060
767560 X 767560 0.001113
767560 X 767561 0.001113
767560 X 767521 0.000008
767561 SX 767536 0.988016
767561 SX 767535 0.003060
767561 SX 767539 0.001113
767561 SX 767538 0.001113
767561 RZPI 767561 1.000000
767561 RZ3PI 767560 1.000000
767561 RZPIHalf 767803 1.000000
767561 S 767804 1.000000
767561 X 767543 0.988016
767561 X 767522 0.003060
767561 X 767561 0.001113
767561 X 767560 0.001113
767578 SX 767963 0.988016
767578 SX 767964 0.003060
767578 SX 767965 0.001113
767578 SX 767966 0.001113
767578 RZPI 767578 1.000000
767578 RZ3PI 767580 1.000000
767578 RZPIHalf 767536 1.000000
767578 S 767535 1.000000
767578 X 767669 0.988016
767578 X 767667 0.003060
767578 X 767578 0.001113
767578 X 767580 0.001113
767580 SX 767966 0.988016
767580 SX 767965 0.003060
767580 SX 767964 0.001113
767580 SX 767963 0.001113
767580 RZPI 767580 1.000000
767580 RZ3PI 767578 1.000000
767580 RZPIHalf 767535 1.000000
767580 S 767536 1.000000
767580 X 767667 0.988016
767580 X 767669 0.003060
767580 X 767580 0.001113
767580 X 767578 0.001113
767667 SX 767964 0.988016
767667 SX 767963 0.003060
767667 SX 767966 0.001113
767667 SX 767965 0.001113
767667 RZPI 767667 1.000000
767667 RZ3PI 767669 1.000000
767667 RZPIHalf 767539 1.000000
767667 S 767538 1.000000
767667 X 767580 0.988016
767667 X 767578 0.003060
767667 X 767667 0.001113
767667 X 767669 0.001113
767669 SX 767965 0.988016
767669 SX 767966 0.003060
767669 SX 767963 0.001113
767669 SX 767964 0.001113
767669 RZPI 767669 1.000000
767669 RZ3PI 767667 1.000000
767669 RZPIHalf 767538 1.000000
767669 S 767539 1.000000
767669 X 767578 0.988016
767669 X 767580 0.003060
767669 X 767669 0.001113
767669 X 767667 0.001113
767781 SX 767803 0.988016
767781 SX 767804 0.003060
767781 SX 767545 0.001113
767781 SX 767547 0.001113
767781 SX 767521 0.000008
767781 RZPI 767781 1.000000
767781 RZ3PI 767782 1.000000
767781 RZPIHalf 767963 1.000000
767781 S 767964 1.000000
767781 X 767784 0.988016
767781 X 767785 0.003060
767781 X 767781 0.001113
767781 X 767782 0.001113
767782 SX 767547 0.988016
767782 SX 767545 0.003060
767782 SX 767521 0.006683
767782 SX 767804 0.001113
767782 SX 767803 0.001113
767782 RZPI 767782 1.000000
767782 RZ3PI 767781 1.000000
767782 RZPIHalf 767964 1.000000
767782 S 767963 1.000000
767782 X 767785 0.988016
767782 X 767784 0.003060
767782 X 767782 0.001113
767782 X 767781 0.001113
767784 SX 767545 0.988016
767784 SX 767547 0.003060
767784 SX 767803 0.001113
767784 SX 767804 0.001113
767784 SX 767521 0.000015
767784 RZPI 767784 1.000000
767784 RZ3PI 767785 1.000000
767784 RZPIHalf 767966 1.000000
767784 S 767965 1.000000
767784 X 767781 0.988016
767784 X 767782 0.003060
767784 X 767784 0.001113
767784 X 767785 0.001113
767785 SX 767804 0.988016
767785 SX 767803 0.003060
767785 SX 767521 0.006690
767785 SX 767547 0.001113
767785 SX 767545 0.001113
767785 RZPI 767785 1.000000
767785 RZ3PI 767784 1.000000
767785 RZPIHalf 767965 1.000000
767785 S 767966 1.000000
767785 X 767782 0.988016
767785 X 767781 0.003060
767785 X 767785 0.001113
767785 X 767784 0.001113
767803 SX 767784 0.988016
767803 SX 767785 0.003060
767803 SX 767781 0.001113
767803 SX 767782 0.001113
767803 RZPI 767803 1.000000
767803 RZ3PI 767804 1.000000
767803 RZPIHalf 767560 1.000000
767803 S 767561 1.000000
767803 X 767545 0.988016
767803 X 767547 0.003060
767803 X 767521 0.006698
767803 X 767803 0.001113
767803 X 767804 0.001113
767804 SX 767782 0.988016
767804 SX 767781 0.003060
767804 SX 767785 0.001113
767804 SX 767784 0.001113
767804 RZPI 767804 1.000000
767804 RZ3PI 767803 1.000000
767804 RZPIHalf 767561 1.000000
767804 S 767560 1.000000
767804 X 767547 0.988016
767804 X 767545 0.003060
767804 X 767521 0.006690
767804 X 767804 0.001113
767804 X 767803 0.001113
767901 SX 767919 0.991076
767901 SX 767521 0.008924
767901 RZPI 767901 1.000000
767901 RZ3PI 767902 1.000000
767901 RZPIHalf 768484 1.000000
767901 S 768486 1.000000
767901 X 767902 0.989129
767901 X 767901 0.004173
767901 X 767521 0.006698
767902 SX 767521 0.997774
767902 SX 767919 0.002226
767902 RZPI 767902 1.000000
767902 RZ3PI 767901 1.000000
767902 RZPIHalf 768486 1.000000
767902 S 768484 1.000000
767902 X 767901 0.989129
767902 X 767902 0.004173
767902 X 767521 0.006698
767919 SX 767902 0.989129
767919 SX 767901 0.004173
767919 SX 767521 0.006698
767919 RZPI 767919 1.000000
767919 RZ3PI 767919 1.000000
767919 RZPIHalf 767919 1.000000
767919 S 767919 1.000000
767919 X 767521 0.997774
767919 X 767919 0.002226
767963 SX 767669 0.988016
767963 SX 767667 0.003060
767963 SX 767578 0.001113
767963 SX 767580 0.001113
767963 RZPI 767963 1.000000
767963 RZ3PI 767964 1.000000
767963 RZPIHalf 767782 1.000000
767963 S 767781 1.000000
767963 X 767965 0.988016
767963 X 767966 0.003060
767963 X 767963 0.001113
767963 X 767964 0.001113
767964 SX 767580 0.988016
767964 SX 767578 0.003060
767964 SX 767667 0.001113
767964 SX 767669 0.001113
767964 RZPI 767964 1.000000
767964 RZ3PI 767963 1.000000
767964 RZPIHalf 767781 1.000000
767964 S 767782 1.000000
767964 X 767966 0.988016
767964 X 767965 0.003060
767964 X 767964 0.001113
767964 X 767963 0.001113
767965 SX 767578 0.988016
767965 SX 767580 0.003060
767965 SX 767669 0.001113
767965 SX 767667 0.001113
767965 RZPI 767965 1.000000
767965 RZ3PI 767966 1.000000
767965 RZPIHalf 767784 1.000000
767965 S 767785 1.000000
767965 X 767963 0.988016
767965 X 767964 0.003060
767965 X 767965 0.001113
767965 X 767966 0.001113
767966 SX 767667 0.988016
767966 SX 767669 0.003060
767966 SX 767580 0.001113
767966 SX 767578 0.001113
767966 RZPI 767966 1.000000
767966 RZ3PI 767965 1.000000
767966 RZPIHalf 767785 1.000000
767966 S 767784 1.000000
767966 X 767964 0.988016
767966 X 767963 0.003060
767966 X 767966 0.001113
767966 X 767965 0.001113
768484 SX 768484 0.989129
768484 SX 768486 0.004173
768484 SX 767521 0.006698
768484 RZPI 768484 1.000000
768484 RZ3PI 768486 1.000000
768484 RZPIHalf 767902 1.000000
768484 S 767901 1.000000
768484 X 768484 0.989129
768484 X 768486 0.004173
768484 X 767521 0.006698
768486 SX 768486 0.989129
768486 SX 768484 0.004173
768486 SX 767521 0.006698
768486 RZPI 768486 1.000000
768486 RZ3PI 768484 1.000000
768486 RZPIHalf 767901 1.000000
768486 S 767902 1.000000
768486 X 768486 0.989129
768486 X 768484 0.004173
768486 X 767521 0.006698
ENDPOMDP
