BEGINPOMDP
INITIALSTATE: 3061
STATES: 3072,3328,3075,3077,3342,3343,3091,3092,3094,3109,3238,3375,3120,3376,3124,3253,3125,3141,3281,3282,3157,3313,3188,3061,3062,3189,3193,3066,3067,3071
REWARDS: 3072:0,3328:0,3075:0,3077:0,3342:0,3343:0,3091:0,3092:0,3094:0,3109:0,3238:0,3375:0,3120:0,3376:0,3124:0,3253:0,3125:0,3141:0,3281:0,3282:0,3157:0,3313:0,3188:0,3061:0,3062:0,3189:0,3193:0,3066:1,3067:0,3071:0
GAMMA: 3072:0,3328:0,3075:0,3077:0,3342:0,3343:0,3091:0,3092:0,3094:0,3109:0,3238:0,3375:0,3120:0,3376:0,3124:0,3253:0,3125:0,3141:0,3281:0,3282:0,3157:0,3313:0,3188:0,3061:0,3062:0,3189:0,3193:0,3066:0,3067:0,3071:0
BEGINACTIONS
U3
H
S
Z
X
RY
ENDACTIONS
3061 INIT_ 3062 1.000000
3061 U3 3120 0.995685
3061 U3 3061 0.004315
3061 H 3124 0.996032
3061 H 3125 0.001808
3061 H 3061 0.002160
3061 S 3061 1.000000
3061 Z 3061 1.000000
3061 X 3120 0.995685
3061 X 3061 0.004315
3061 RY 3120 0.995685
3061 RY 3061 0.004315
3062 U3 3066 0.992083
3062 U3 3067 0.003601
3062 U3 3061 0.004315
3062 H 3071 0.996032
3062 H 3072 0.001808
3062 S 3075 1.000000
3062 Z 3077 1.000000
3062 X 3067 0.992083
3062 X 3066 0.003601
3062 X 3061 0.004315
3062 RY 3066 0.992083
3062 RY 3067 0.003601
3062 RY 3061 0.004315
3066 U3 3062 0.992083
3066 U3 3077 0.003601
3066 H 3091 0.996032
3066 H 3092 0.001808
3066 S 3094 1.000000
3066 Z 3067 1.000000
3066 X 3077 0.992083
3066 X 3062 0.003601
3066 RY 3062 0.992083
3066 RY 3077 0.003601
3066 RY 3061 0.004315
3067 U3 3077 0.992083
3067 U3 3062 0.003601
3067 U3 3061 0.004315
3067 H 3072 0.996032
3067 H 3071 0.001808
3067 S 3109 1.000000
3067 Z 3066 1.000000
3067 X 3062 0.992083
3067 X 3077 0.003601
3067 X 3061 0.004315
3067 RY 3077 0.992083
3067 RY 3062 0.003601
3067 RY 3061 0.004315
3071 U3 3091 0.992083
3071 U3 3092 0.003601
3071 H 3062 0.996032
3071 H 3077 0.001808
3071 S 3141 1.000000
3071 Z 3072 1.000000
3071 X 3092 0.992083
3071 X 3091 0.003601
3071 RY 3091 0.992083
3071 RY 3092 0.003601
3072 U3 3092 0.992083
3072 U3 3091 0.003601
3072 H 3067 0.996032
3072 H 3066 0.001808
3072 S 3157 1.000000
3072 Z 3071 1.000000
3072 X 3091 0.992083
3072 X 3092 0.003601
3072 RY 3092 0.992083
3072 RY 3091 0.003601
3075 U3 3109 0.992083
3075 U3 3094 0.003601
3075 H 3188 0.996032
3075 H 3189 0.001808
3075 S 3077 1.000000
3075 Z 3193 1.000000
3075 X 3094 0.992083
3075 X 3109 0.003601
3075 X 3061 0.004315
3075 RY 3109 0.992083
3075 RY 3094 0.003601
3075 RY 3061 0.004315
3077 U3 3067 0.992083
3077 U3 3066 0.003601
3077 U3 3061 0.004315
3077 H 3092 0.996032
3077 H 3091 0.001808
3077 S 3193 1.000000
3077 Z 3062 1.000000
3077 X 3066 0.992083
3077 X 3067 0.003601
3077 X 3061 0.004315
3077 RY 3067 0.992083
3077 RY 3066 0.003601
3091 U3 3071 0.992083
3091 U3 3072 0.003601
3091 H 3066 0.996032
3091 H 3067 0.001808
3091 S 3238 1.000000
3091 Z 3092 1.000000
3091 X 3072 0.992083
3091 X 3071 0.003601
3091 RY 3071 0.992083
3091 RY 3072 0.003601
3092 U3 3072 0.992083
3092 U3 3071 0.003601
3092 H 3077 0.996032
3092 H 3062 0.001808
3092 H 3061 0.002160
3092 S 3253 1.000000
3092 Z 3091 1.000000
3092 X 3071 0.992083
3092 X 3072 0.003601
3092 RY 3072 0.992083
3092 RY 3071 0.003601
3094 U3 3193 0.992083
3094 U3 3075 0.003601
3094 H 3189 0.996032
3094 H 3188 0.001808
3094 S 3067 1.000000
3094 Z 3109 1.000000
3094 X 3075 0.992083
3094 X 3193 0.003601
3094 X 3061 0.004315
3094 RY 3193 0.992083
3094 RY 3075 0.003601
3109 U3 3075 0.992083
3109 U3 3193 0.003601
3109 U3 3061 0.004315
3109 H 3281 0.996032
3109 H 3282 0.001808
3109 S 3066 1.000000
3109 Z 3094 1.000000
3109 X 3193 0.992083
3109 X 3075 0.003601
3109 RY 3075 0.992083
3109 RY 3193 0.003601
3109 RY 3061 0.004315
3120 U3 3061 1.000000
3120 H 3125 0.996032
3120 H 3124 0.001808
3120 H 3061 0.002160
3120 S 3120 1.000000
3120 Z 3120 1.000000
3120 X 3061 1.000000
3120 RY 3061 1.000000
3124 U3 3125 0.992083
3124 U3 3124 0.003601
3124 U3 3061 0.004315
3124 H 3061 1.000000
3124 S 3313 1.000000
3124 Z 3125 1.000000
3124 X 3124 0.992083
3124 X 3125 0.003601
3124 X 3061 0.004315
3124 RY 3125 0.992083
3124 RY 3124 0.003601
3124 RY 3061 0.004315
3125 U3 3124 0.992083
3125 U3 3125 0.003601
3125 U3 3061 0.004315
3125 H 3120 0.997840
3125 H 3061 0.002160
3125 S 3328 1.000000
3125 Z 3124 1.000000
3125 X 3125 0.992083
3125 X 3124 0.003601
3125 X 3061 0.004315
3125 RY 3124 0.992083
3125 RY 3125 0.003601
3125 RY 3061 0.004315
3141 U3 3253 0.992083
3141 U3 3238 0.003601
3141 H 3342 0.996032
3141 H 3343 0.001808
3141 S 3072 1.000000
3141 Z 3157 1.000000
3141 X 3238 0.992083
3141 X 3253 0.003601
3141 RY 3253 0.992083
3141 RY 3238 0.003601
3157 U3 3238 0.992083
3157 U3 3253 0.003601
3157 H 3375 0.996032
3157 H 3376 0.001808
3157 S 3071 1.000000
3157 Z 3141 1.000000
3157 X 3253 0.992083
3157 X 3238 0.003601
3157 RY 3238 0.992083
3157 RY 3253 0.003601
3188 U3 3281 0.992083
3188 U3 3282 0.003601
3188 H 3075 0.996032
3188 H 3193 0.001808
3188 H 3061 0.002160
3188 S 3375 1.000000
3188 Z 3189 1.000000
3188 X 3282 0.992083
3188 X 3281 0.003601
3188 RY 3281 0.992083
3188 RY 3282 0.003601
3189 U3 3282 0.992083
3189 U3 3281 0.003601
3189 H 3094 0.996032
3189 H 3109 0.001808
3189 H 3061 0.002160
3189 S 3376 1.000000
3189 Z 3188 1.000000
3189 X 3281 0.992083
3189 X 3282 0.003601
3189 RY 3282 0.992083
3189 RY 3281 0.003601
3193 U3 3094 0.992083
3193 U3 3109 0.003601
3193 H 3282 0.996032
3193 H 3281 0.001808
3193 S 3062 1.000000
3193 Z 3075 1.000000
3193 X 3109 0.992083
3193 X 3094 0.003601
3193 X 3061 0.004315
3193 RY 3094 0.992083
3193 RY 3109 0.003601
3238 U3 3157 0.992083
3238 U3 3141 0.003601
3238 H 3343 0.996032
3238 H 3342 0.001808
3238 S 3092 1.000000
3238 Z 3253 1.000000
3238 X 3141 0.992083
3238 X 3157 0.003601
3238 RY 3157 0.992083
3238 RY 3141 0.003601
3253 U3 3141 0.992083
3253 U3 3157 0.003601
3253 H 3376 0.996032
3253 H 3375 0.001808
3253 S 3091 1.000000
3253 Z 3238 1.000000
3253 X 3157 0.992083
3253 X 3141 0.003601
3253 RY 3141 0.992083
3253 RY 3157 0.003601
3281 U3 3188 0.992083
3281 U3 3189 0.003601
3281 H 3109 0.996032
3281 H 3094 0.001808
3281 S 3342 1.000000
3281 Z 3282 1.000000
3281 X 3189 0.992083
3281 X 3188 0.003601
3281 RY 3188 0.992083
3281 RY 3189 0.003601
3282 U3 3189 0.992083
3282 U3 3188 0.003601
3282 H 3193 0.996032
3282 H 3075 0.001808
3282 H 3061 0.002160
3282 S 3343 1.000000
3282 Z 3281 1.000000
3282 X 3188 0.992083
3282 X 3189 0.003601
3282 RY 3189 0.992083
3282 RY 3188 0.003601
3313 U3 3313 0.992083
3313 U3 3328 0.003601
3313 U3 3061 0.004315
3313 H 3328 0.996032
3313 H 3313 0.001808
3313 H 3061 0.002160
3313 S 3125 1.000000
3313 Z 3328 1.000000
3313 X 3328 0.992083
3313 X 3313 0.003601
3313 X 3061 0.004315
3313 RY 3313 0.992083
3313 RY 3328 0.003601
3313 RY 3061 0.004315
3328 U3 3328 0.992083
3328 U3 3313 0.003601
3328 U3 3061 0.004315
3328 H 3313 0.996032
3328 H 3328 0.001808
3328 H 3061 0.002160
3328 S 3124 1.000000
3328 Z 3313 1.000000
3328 X 3313 0.992083
3328 X 3328 0.003601
3328 X 3061 0.004315
3328 RY 3328 0.992083
3328 RY 3313 0.003601
3328 RY 3061 0.004315
3342 U3 3376 0.992083
3342 U3 3375 0.003601
3342 H 3141 0.996032
3342 H 3157 0.001808
3342 S 3282 1.000000
3342 Z 3343 1.000000
3342 X 3375 0.992083
3342 X 3376 0.003601
3342 RY 3376 0.992083
3342 RY 3375 0.003601
3343 U3 3375 0.992083
3343 U3 3376 0.003601
3343 H 3238 0.996032
3343 H 3253 0.001808
3343 S 3281 1.000000
3343 Z 3342 1.000000
3343 X 3376 0.992083
3343 X 3375 0.003601
3343 RY 3375 0.992083
3343 RY 3376 0.003601
3375 U3 3343 0.992083
3375 U3 3342 0.003601
3375 H 3157 0.996032
3375 H 3141 0.001808
3375 S 3189 1.000000
3375 Z 3376 1.000000
3375 X 3342 0.992083
3375 X 3343 0.003601
3375 RY 3343 0.992083
3375 RY 3342 0.003601
3376 U3 3342 0.992083
3376 U3 3343 0.003601
3376 H 3253 0.996032
3376 H 3238 0.001808
3376 S 3188 1.000000
3376 Z 3375 1.000000
3376 X 3343 0.992083
3376 X 3342 0.003601
3376 RY 3342 0.992083
3376 RY 3343 0.003601
ENDPOMDP
