BEGINPOMDP
INITIALSTATE: 32353
STATES: 32385,32397,32399,32444,32445,32446,32447,32456,32457,32353,32354,32359,32360,32361,32362,32365,32367,32369,32498,32499,32500,32501,32374,32375,32383
REWARDS: 32385:0,32397:0,32399:0,32444:0,32445:0,32446:0,32447:0,32456:0,32457:0,32353:0,32354:0,32359:0,32360:0,32361:0,32362:0,32365:0,32367:0,32369:0,32498:0,32499:0,32500:0,32501:0,32374:0,32375:1,32383:0
GAMMA: 32385:0,32397:0,32399:0,32444:0,32445:0,32446:0,32447:0,32456:0,32457:0,32353:0,32354:0,32359:0,32360:0,32361:0,32362:0,32365:0,32367:0,32369:0,32498:0,32499:0,32500:0,32501:0,32374:0,32375:0,32383:0
BEGINACTIONS
SX
RZPI
RZ3PI
RZPIHalf
S
X
ENDACTIONS
32353 INIT_ 32354 1.000000
32354 SX 32359 0.992362
32354 SX 32360 0.002546
32354 SX 32361 0.002546
32354 SX 32362 0.002546
32354 RZPI 32354 1.000000
32354 RZ3PI 32365 1.000000
32354 RZPIHalf 32367 1.000000
32354 S 32369 1.000000
32354 X 32374 0.992362
32354 X 32354 0.002546
32354 X 32365 0.002546
32354 X 32375 0.002546
32359 SX 32374 0.992362
32359 SX 32354 0.002546
32359 SX 32365 0.002546
32359 SX 32375 0.002546
32359 RZPI 32359 1.000000
32359 RZ3PI 32362 1.000000
32359 RZPIHalf 32383 1.000000
32359 S 32385 1.000000
32359 X 32360 0.992362
32359 X 32359 0.002546
32359 X 32362 0.002546
32359 X 32361 0.002546
32360 SX 32354 0.992362
32360 SX 32374 0.002546
32360 SX 32375 0.002546
32360 SX 32365 0.002546
32360 RZPI 32360 1.000000
32360 RZ3PI 32361 1.000000
32360 RZPIHalf 32397 1.000000
32360 S 32399 1.000000
32360 X 32359 0.992362
32360 X 32360 0.002546
32360 X 32361 0.002546
32360 X 32362 0.002546
32361 SX 32375 0.992362
32361 SX 32365 0.002546
32361 SX 32354 0.002546
32361 SX 32374 0.002546
32361 RZPI 32361 1.000000
32361 RZ3PI 32360 1.000000
32361 RZPIHalf 32399 1.000000
32361 S 32397 1.000000
32361 X 32362 0.992362
32361 X 32361 0.002546
32361 X 32360 0.002546
32361 X 32359 0.002546
32362 SX 32365 0.992362
32362 SX 32375 0.002546
32362 SX 32374 0.002546
32362 SX 32354 0.002546
32362 RZPI 32362 1.000000
32362 RZ3PI 32359 1.000000
32362 RZPIHalf 32385 1.000000
32362 S 32383 1.000000
32362 X 32361 0.992362
32362 X 32362 0.002546
32362 X 32359 0.002546
32362 X 32360 0.002546
32365 SX 32361 0.992362
32365 SX 32362 0.002546
32365 SX 32359 0.002546
32365 SX 32360 0.002546
32365 RZPI 32365 1.000000
32365 RZ3PI 32354 1.000000
32365 RZPIHalf 32369 1.000000
32365 S 32367 1.000000
32365 X 32375 0.992362
32365 X 32365 0.002546
32365 X 32354 0.002546
32365 X 32374 0.002546
32367 SX 32444 0.992362
32367 SX 32445 0.002546
32367 SX 32446 0.002546
32367 SX 32447 0.002546
32367 RZPI 32367 1.000000
32367 RZ3PI 32369 1.000000
32367 RZPIHalf 32365 1.000000
32367 S 32354 1.000000
32367 X 32456 0.992362
32367 X 32367 0.002546
32367 X 32369 0.002546
32367 X 32457 0.002546
32369 SX 32446 0.992362
32369 SX 32447 0.002546
32369 SX 32444 0.002546
32369 SX 32445 0.002546
32369 RZPI 32369 1.000000
32369 RZ3PI 32367 1.000000
32369 RZPIHalf 32354 1.000000
32369 S 32365 1.000000
32369 X 32457 0.992362
32369 X 32369 0.002546
32369 X 32367 0.002546
32369 X 32456 0.002546
32374 SX 32360 0.992362
32374 SX 32359 0.002546
32374 SX 32362 0.002546
32374 SX 32361 0.002546
32374 RZPI 32374 1.000000
32374 RZ3PI 32375 1.000000
32374 RZPIHalf 32457 1.000000
32374 S 32456 1.000000
32374 X 32354 0.992362
32374 X 32374 0.002546
32374 X 32375 0.002546
32374 X 32365 0.002546
32375 SX 32362 0.992362
32375 SX 32361 0.002546
32375 SX 32360 0.002546
32375 SX 32359 0.002546
32375 RZPI 32375 1.000000
32375 RZ3PI 32374 1.000000
32375 RZPIHalf 32456 1.000000
32375 S 32457 1.000000
32375 X 32365 0.992362
32375 X 32375 0.002546
32375 X 32374 0.002546
32375 X 32354 0.002546
32383 SX 32498 0.992362
32383 SX 32499 0.002546
32383 SX 32500 0.002546
32383 SX 32501 0.002546
32383 RZPI 32383 1.000000
32383 RZ3PI 32385 1.000000
32383 RZPIHalf 32362 1.000000
32383 S 32359 1.000000
32383 X 32399 0.992362
32383 X 32383 0.002546
32383 X 32385 0.002546
32383 X 32397 0.002546
32385 SX 32500 0.992362
32385 SX 32501 0.002546
32385 SX 32498 0.002546
32385 SX 32499 0.002546
32385 RZPI 32385 1.000000
32385 RZ3PI 32383 1.000000
32385 RZPIHalf 32359 1.000000
32385 S 32362 1.000000
32385 X 32397 0.992362
32385 X 32385 0.002546
32385 X 32383 0.002546
32385 X 32399 0.002546
32397 SX 32501 0.992362
32397 SX 32500 0.002546
32397 SX 32499 0.002546
32397 SX 32498 0.002546
32397 RZPI 32397 1.000000
32397 RZ3PI 32399 1.000000
32397 RZPIHalf 32361 1.000000
32397 S 32360 1.000000
32397 X 32385 0.992362
32397 X 32397 0.002546
32397 X 32399 0.002546
32397 X 32383 0.002546
32399 SX 32499 0.992362
32399 SX 32498 0.002546
32399 SX 32501 0.002546
32399 SX 32500 0.002546
32399 RZPI 32399 1.000000
32399 RZ3PI 32397 1.000000
32399 RZPIHalf 32360 1.000000
32399 S 32361 1.000000
32399 X 32383 0.992362
32399 X 32399 0.002546
32399 X 32397 0.002546
32399 X 32385 0.002546
32444 SX 32456 0.992362
32444 SX 32367 0.002546
32444 SX 32369 0.002546
32444 SX 32457 0.002546
32444 RZPI 32444 1.000000
32444 RZ3PI 32447 1.000000
32444 RZPIHalf 32498 1.000000
32444 S 32501 1.000000
32444 X 32445 0.992362
32444 X 32444 0.002546
32444 X 32447 0.002546
32444 X 32446 0.002546
32445 SX 32367 0.992362
32445 SX 32456 0.002546
32445 SX 32457 0.002546
32445 SX 32369 0.002546
32445 RZPI 32445 1.000000
32445 RZ3PI 32446 1.000000
32445 RZPIHalf 32500 1.000000
32445 S 32499 1.000000
32445 X 32444 0.992362
32445 X 32445 0.002546
32445 X 32446 0.002546
32445 X 32447 0.002546
32446 SX 32457 0.992362
32446 SX 32369 0.002546
32446 SX 32367 0.002546
32446 SX 32456 0.002546
32446 RZPI 32446 1.000000
32446 RZ3PI 32445 1.000000
32446 RZPIHalf 32499 1.000000
32446 S 32500 1.000000
32446 X 32447 0.992362
32446 X 32446 0.002546
32446 X 32445 0.002546
32446 X 32444 0.002546
32447 SX 32369 0.992362
32447 SX 32457 0.002546
32447 SX 32456 0.002546
32447 SX 32367 0.002546
32447 RZPI 32447 1.000000
32447 RZ3PI 32444 1.000000
32447 RZPIHalf 32501 1.000000
32447 S 32498 1.000000
32447 X 32446 0.992362
32447 X 32447 0.002546
32447 X 32444 0.002546
32447 X 32445 0.002546
32456 SX 32445 0.992362
32456 SX 32444 0.002546
32456 SX 32447 0.002546
32456 SX 32446 0.002546
32456 RZPI 32456 1.000000
32456 RZ3PI 32457 1.000000
32456 RZPIHalf 32374 1.000000
32456 S 32375 1.000000
32456 X 32367 0.992362
32456 X 32456 0.002546
32456 X 32457 0.002546
32456 X 32369 0.002546
32457 SX 32447 0.992362
32457 SX 32446 0.002546
32457 SX 32445 0.002546
32457 SX 32444 0.002546
32457 RZPI 32457 1.000000
32457 RZ3PI 32456 1.000000
32457 RZPIHalf 32375 1.000000
32457 S 32374 1.000000
32457 X 32369 0.992362
32457 X 32457 0.002546
32457 X 32456 0.002546
32457 X 32367 0.002546
32498 SX 32399 0.992362
32498 SX 32383 0.002546
32498 SX 32385 0.002546
32498 SX 32397 0.002546
32498 RZPI 32498 1.000000
32498 RZ3PI 32501 1.000000
32498 RZPIHalf 32447 1.000000
32498 S 32444 1.000000
32498 X 32499 0.992362
32498 X 32498 0.002546
32498 X 32501 0.002546
32498 X 32500 0.002546
32499 SX 32383 0.992362
32499 SX 32399 0.002546
32499 SX 32397 0.002546
32499 SX 32385 0.002546
32499 RZPI 32499 1.000000
32499 RZ3PI 32500 1.000000
32499 RZPIHalf 32445 1.000000
32499 S 32446 1.000000
32499 X 32498 0.992362
32499 X 32499 0.002546
32499 X 32500 0.002546
32499 X 32501 0.002546
32500 SX 32397 0.992362
32500 SX 32385 0.002546
32500 SX 32383 0.002546
32500 SX 32399 0.002546
32500 RZPI 32500 1.000000
32500 RZ3PI 32499 1.000000
32500 RZPIHalf 32446 1.000000
32500 S 32445 1.000000
32500 X 32501 0.992362
32500 X 32500 0.002546
32500 X 32499 0.002546
32500 X 32498 0.002546
32501 SX 32385 0.992362
32501 SX 32397 0.002546
32501 SX 32399 0.002546
32501 SX 32383 0.002546
32501 RZPI 32501 1.000000
32501 RZ3PI 32498 1.000000
32501 RZPIHalf 32444 1.000000
32501 S 32447 1.000000
32501 X 32500 0.992362
32501 X 32501 0.002546
32501 X 32498 0.002546
32501 X 32499 0.002546
ENDPOMDP
