BEGINPOMDP
INITIALSTATE: 14712
STATES: 14720,14721,14724,14726,14728,14857,14858,14859,14860,14733,14734,14742,14744,14756,14758,14803,14804,14805,14806,14815,14816,14712,14713,14718,14719
REWARDS: 14720:0,14721:0,14724:0,14726:0,14728:0,14857:0,14858:0,14859:0,14860:0,14733:0,14734:1,14742:0,14744:0,14756:0,14758:0,14803:0,14804:0,14805:0,14806:0,14815:0,14816:0,14712:0,14713:0,14718:0,14719:0
GAMMA: 14720:0,14721:0,14724:0,14726:0,14728:0,14857:0,14858:0,14859:0,14860:0,14733:0,14734:0,14742:0,14744:0,14756:0,14758:0,14803:0,14804:0,14805:0,14806:0,14815:0,14816:0,14712:0,14713:0,14718:0,14719:0
BEGINACTIONS
SX
RZPI
RZ3PI
RZPIHalf
S
X
ENDACTIONS
14712 INIT_ 14713 1.000000
14713 SX 14718 0.998990
14713 SX 14719 0.000337
14713 SX 14720 0.000337
14713 SX 14721 0.000337
14713 RZPI 14713 1.000000
14713 RZ3PI 14724 1.000000
14713 RZPIHalf 14726 1.000000
14713 S 14728 1.000000
14713 X 14733 0.998990
14713 X 14713 0.000337
14713 X 14724 0.000337
14713 X 14734 0.000337
14718 SX 14733 0.998990
14718 SX 14713 0.000337
14718 SX 14724 0.000337
14718 SX 14734 0.000337
14718 RZPI 14718 1.000000
14718 RZ3PI 14721 1.000000
14718 RZPIHalf 14742 1.000000
14718 S 14744 1.000000
14718 X 14719 0.998990
14718 X 14718 0.000337
14718 X 14721 0.000337
14718 X 14720 0.000337
14719 SX 14713 0.998990
14719 SX 14733 0.000337
14719 SX 14734 0.000337
14719 SX 14724 0.000337
14719 RZPI 14719 1.000000
14719 RZ3PI 14720 1.000000
14719 RZPIHalf 14756 1.000000
14719 S 14758 1.000000
14719 X 14718 0.998990
14719 X 14719 0.000337
14719 X 14720 0.000337
14719 X 14721 0.000337
14720 SX 14734 0.998990
14720 SX 14724 0.000337
14720 SX 14713 0.000337
14720 SX 14733 0.000337
14720 RZPI 14720 1.000000
14720 RZ3PI 14719 1.000000
14720 RZPIHalf 14758 1.000000
14720 S 14756 1.000000
14720 X 14721 0.998990
14720 X 14720 0.000337
14720 X 14719 0.000337
14720 X 14718 0.000337
14721 SX 14724 0.998990
14721 SX 14734 0.000337
14721 SX 14733 0.000337
14721 SX 14713 0.000337
14721 RZPI 14721 1.000000
14721 RZ3PI 14718 1.000000
14721 RZPIHalf 14744 1.000000
14721 S 14742 1.000000
14721 X 14720 0.998990
14721 X 14721 0.000337
14721 X 14718 0.000337
14721 X 14719 0.000337
14724 SX 14720 0.998990
14724 SX 14721 0.000337
14724 SX 14718 0.000337
14724 SX 14719 0.000337
14724 RZPI 14724 1.000000
14724 RZ3PI 14713 1.000000
14724 RZPIHalf 14728 1.000000
14724 S 14726 1.000000
14724 X 14734 0.998990
14724 X 14724 0.000337
14724 X 14713 0.000337
14724 X 14733 0.000337
14726 SX 14803 0.998990
14726 SX 14804 0.000337
14726 SX 14805 0.000337
14726 SX 14806 0.000337
14726 RZPI 14726 1.000000
14726 RZ3PI 14728 1.000000
14726 RZPIHalf 14724 1.000000
14726 S 14713 1.000000
14726 X 14815 0.998990
14726 X 14726 0.000337
14726 X 14728 0.000337
14726 X 14816 0.000337
14728 SX 14805 0.998990
14728 SX 14806 0.000337
14728 SX 14803 0.000337
14728 SX 14804 0.000337
14728 RZPI 14728 1.000000
14728 RZ3PI 14726 1.000000
14728 RZPIHalf 14713 1.000000
14728 S 14724 1.000000
14728 X 14816 0.998990
14728 X 14728 0.000337
14728 X 14726 0.000337
14728 X 14815 0.000337
14733 SX 14719 0.998990
14733 SX 14718 0.000337
14733 SX 14721 0.000337
14733 SX 14720 0.000337
14733 RZPI 14733 1.000000
14733 RZ3PI 14734 1.000000
14733 RZPIHalf 14816 1.000000
14733 S 14815 1.000000
14733 X 14713 0.998990
14733 X 14733 0.000337
14733 X 14734 0.000337
14733 X 14724 0.000337
14734 SX 14721 0.998990
14734 SX 14720 0.000337
14734 SX 14719 0.000337
14734 SX 14718 0.000337
14734 RZPI 14734 1.000000
14734 RZ3PI 14733 1.000000
14734 RZPIHalf 14815 1.000000
14734 S 14816 1.000000
14734 X 14724 0.998990
14734 X 14734 0.000337
14734 X 14733 0.000337
14734 X 14713 0.000337
14742 SX 14857 0.998990
14742 SX 14858 0.000337
14742 SX 14859 0.000337
14742 SX 14860 0.000337
14742 RZPI 14742 1.000000
14742 RZ3PI 14744 1.000000
14742 RZPIHalf 14721 1.000000
14742 S 14718 1.000000
14742 X 14758 0.998990
14742 X 14742 0.000337
14742 X 14744 0.000337
14742 X 14756 0.000337
14744 SX 14859 0.998990
14744 SX 14860 0.000337
14744 SX 14857 0.000337
14744 SX 14858 0.000337
14744 RZPI 14744 1.000000
14744 RZ3PI 14742 1.000000
14744 RZPIHalf 14718 1.000000
14744 S 14721 1.000000
14744 X 14756 0.998990
14744 X 14744 0.000337
14744 X 14742 0.000337
14744 X 14758 0.000337
14756 SX 14860 0.998990
14756 SX 14859 0.000337
14756 SX 14858 0.000337
14756 SX 14857 0.000337
14756 RZPI 14756 1.000000
14756 RZ3PI 14758 1.000000
14756 RZPIHalf 14720 1.000000
14756 S 14719 1.000000
14756 X 14744 0.998990
14756 X 14756 0.000337
14756 X 14758 0.000337
14756 X 14742 0.000337
14758 SX 14858 0.998990
14758 SX 14857 0.000337
14758 SX 14860 0.000337
14758 SX 14859 0.000337
14758 RZPI 14758 1.000000
14758 RZ3PI 14756 1.000000
14758 RZPIHalf 14719 1.000000
14758 S 14720 1.000000
14758 X 14742 0.998990
14758 X 14758 0.000337
14758 X 14756 0.000337
14758 X 14744 0.000337
14803 SX 14815 0.998990
14803 SX 14726 0.000337
14803 SX 14728 0.000337
14803 SX 14816 0.000337
14803 RZPI 14803 1.000000
14803 RZ3PI 14806 1.000000
14803 RZPIHalf 14857 1.000000
14803 S 14860 1.000000
14803 X 14804 0.998990
14803 X 14803 0.000337
14803 X 14806 0.000337
14803 X 14805 0.000337
14804 SX 14726 0.998990
14804 SX 14815 0.000337
14804 SX 14816 0.000337
14804 SX 14728 0.000337
14804 RZPI 14804 1.000000
14804 RZ3PI 14805 1.000000
14804 RZPIHalf 14859 1.000000
14804 S 14858 1.000000
14804 X 14803 0.998990
14804 X 14804 0.000337
14804 X 14805 0.000337
14804 X 14806 0.000337
14805 SX 14816 0.998990
14805 SX 14728 0.000337
14805 SX 14726 0.000337
14805 SX 14815 0.000337
14805 RZPI 14805 1.000000
14805 RZ3PI 14804 1.000000
14805 RZPIHalf 14858 1.000000
14805 S 14859 1.000000
14805 X 14806 0.998990
14805 X 14805 0.000337
14805 X 14804 0.000337
14805 X 14803 0.000337
14806 SX 14728 0.998990
14806 SX 14816 0.000337
14806 SX 14815 0.000337
14806 SX 14726 0.000337
14806 RZPI 14806 1.000000
14806 RZ3PI 14803 1.000000
14806 RZPIHalf 14860 1.000000
14806 S 14857 1.000000
14806 X 14805 0.998990
14806 X 14806 0.000337
14806 X 14803 0.000337
14806 X 14804 0.000337
14815 SX 14804 0.998990
14815 SX 14803 0.000337
14815 SX 14806 0.000337
14815 SX 14805 0.000337
14815 RZPI 14815 1.000000
14815 RZ3PI 14816 1.000000
14815 RZPIHalf 14733 1.000000
14815 S 14734 1.000000
14815 X 14726 0.998990
14815 X 14815 0.000337
14815 X 14816 0.000337
14815 X 14728 0.000337
14816 SX 14806 0.998990
14816 SX 14805 0.000337
14816 SX 14804 0.000337
14816 SX 14803 0.000337
14816 RZPI 14816 1.000000
14816 RZ3PI 14815 1.000000
14816 RZPIHalf 14734 1.000000
14816 S 14733 1.000000
14816 X 14728 0.998990
14816 X 14816 0.000337
14816 X 14815 0.000337
14816 X 14726 0.000337
14857 SX 14758 0.998990
14857 SX 14742 0.000337
14857 SX 14744 0.000337
14857 SX 14756 0.000337
14857 RZPI 14857 1.000000
14857 RZ3PI 14860 1.000000
14857 RZPIHalf 14806 1.000000
14857 S 14803 1.000000
14857 X 14858 0.998990
14857 X 14857 0.000337
14857 X 14860 0.000337
14857 X 14859 0.000337
14858 SX 14742 0.998990
14858 SX 14758 0.000337
14858 SX 14756 0.000337
14858 SX 14744 0.000337
14858 RZPI 14858 1.000000
14858 RZ3PI 14859 1.000000
14858 RZPIHalf 14804 1.000000
14858 S 14805 1.000000
14858 X 14857 0.998990
14858 X 14858 0.000337
14858 X 14859 0.000337
14858 X 14860 0.000337
14859 SX 14756 0.998990
14859 SX 14744 0.000337
14859 SX 14742 0.000337
14859 SX 14758 0.000337
14859 RZPI 14859 1.000000
14859 RZ3PI 14858 1.000000
14859 RZPIHalf 14805 1.000000
14859 S 14804 1.000000
14859 X 14860 0.998990
14859 X 14859 0.000337
14859 X 14858 0.000337
14859 X 14857 0.000337
14860 SX 14744 0.998990
14860 SX 14756 0.000337
14860 SX 14758 0.000337
14860 SX 14742 0.000337
14860 RZPI 14860 1.000000
14860 RZ3PI 14857 1.000000
14860 RZPIHalf 14803 1.000000
14860 S 14806 1.000000
14860 X 14859 0.998990
14860 X 14860 0.000337
14860 X 14857 0.000337
14860 X 14858 0.000337
ENDPOMDP
