BEGINPOMDP
INITIALSTATE: 22462
STATES: 22553,22554,22555,22556,22565,22566,22462,22463,22468,22469,22470,22471,22474,22476,22478,22607,22608,22609,22610,22483,22484,22492,22494,22506,22508
REWARDS: 22553:0,22554:0,22555:0,22556:0,22565:0,22566:0,22462:0,22463:0,22468:0,22469:0,22470:0,22471:0,22474:0,22476:0,22478:0,22607:0,22608:0,22609:0,22610:0,22483:0,22484:1,22492:0,22494:0,22506:0,22508:0
GAMMA: 22553:0,22554:0,22555:0,22556:0,22565:0,22566:0,22462:0,22463:0,22468:0,22469:0,22470:0,22471:0,22474:0,22476:0,22478:0,22607:0,22608:0,22609:0,22610:0,22483:0,22484:0,22492:0,22494:0,22506:0,22508:0
BEGINACTIONS
SX
RZPI
RZ3PI
RZPIHalf
S
X
ENDACTIONS
22462 INIT_ 22463 1.000000
22463 SX 22468 0.999054
22463 SX 22469 0.000315
22463 SX 22470 0.000315
22463 SX 22471 0.000315
22463 RZPI 22463 1.000000
22463 RZ3PI 22474 1.000000
22463 RZPIHalf 22476 1.000000
22463 S 22478 1.000000
22463 X 22483 0.999054
22463 X 22463 0.000315
22463 X 22474 0.000315
22463 X 22484 0.000315
22468 SX 22483 0.999054
22468 SX 22463 0.000315
22468 SX 22474 0.000315
22468 SX 22484 0.000315
22468 RZPI 22468 1.000000
22468 RZ3PI 22471 1.000000
22468 RZPIHalf 22492 1.000000
22468 S 22494 1.000000
22468 X 22469 0.999054
22468 X 22468 0.000315
22468 X 22471 0.000315
22468 X 22470 0.000315
22469 SX 22463 0.999054
22469 SX 22483 0.000315
22469 SX 22484 0.000315
22469 SX 22474 0.000315
22469 RZPI 22469 1.000000
22469 RZ3PI 22470 1.000000
22469 RZPIHalf 22506 1.000000
22469 S 22508 1.000000
22469 X 22468 0.999054
22469 X 22469 0.000315
22469 X 22470 0.000315
22469 X 22471 0.000315
22470 SX 22484 0.999054
22470 SX 22474 0.000315
22470 SX 22463 0.000315
22470 SX 22483 0.000315
22470 RZPI 22470 1.000000
22470 RZ3PI 22469 1.000000
22470 RZPIHalf 22508 1.000000
22470 S 22506 1.000000
22470 X 22471 0.999054
22470 X 22470 0.000315
22470 X 22469 0.000315
22470 X 22468 0.000315
22471 SX 22474 0.999054
22471 SX 22484 0.000315
22471 SX 22483 0.000315
22471 SX 22463 0.000315
22471 RZPI 22471 1.000000
22471 RZ3PI 22468 1.000000
22471 RZPIHalf 22494 1.000000
22471 S 22492 1.000000
22471 X 22470 0.999054
22471 X 22471 0.000315
22471 X 22468 0.000315
22471 X 22469 0.000315
22474 SX 22470 0.999054
22474 SX 22471 0.000315
22474 SX 22468 0.000315
22474 SX 22469 0.000315
22474 RZPI 22474 1.000000
22474 RZ3PI 22463 1.000000
22474 RZPIHalf 22478 1.000000
22474 S 22476 1.000000
22474 X 22484 0.999054
22474 X 22474 0.000315
22474 X 22463 0.000315
22474 X 22483 0.000315
22476 SX 22553 0.999054
22476 SX 22554 0.000315
22476 SX 22555 0.000315
22476 SX 22556 0.000315
22476 RZPI 22476 1.000000
22476 RZ3PI 22478 1.000000
22476 RZPIHalf 22474 1.000000
22476 S 22463 1.000000
22476 X 22565 0.999054
22476 X 22476 0.000315
22476 X 22478 0.000315
22476 X 22566 0.000315
22478 SX 22555 0.999054
22478 SX 22556 0.000315
22478 SX 22553 0.000315
22478 SX 22554 0.000315
22478 RZPI 22478 1.000000
22478 RZ3PI 22476 1.000000
22478 RZPIHalf 22463 1.000000
22478 S 22474 1.000000
22478 X 22566 0.999054
22478 X 22478 0.000315
22478 X 22476 0.000315
22478 X 22565 0.000315
22483 SX 22469 0.999054
22483 SX 22468 0.000315
22483 SX 22471 0.000315
22483 SX 22470 0.000315
22483 RZPI 22483 1.000000
22483 RZ3PI 22484 1.000000
22483 RZPIHalf 22566 1.000000
22483 S 22565 1.000000
22483 X 22463 0.999054
22483 X 22483 0.000315
22483 X 22484 0.000315
22483 X 22474 0.000315
22484 SX 22471 0.999054
22484 SX 22470 0.000315
22484 SX 22469 0.000315
22484 SX 22468 0.000315
22484 RZPI 22484 1.000000
22484 RZ3PI 22483 1.000000
22484 RZPIHalf 22565 1.000000
22484 S 22566 1.000000
22484 X 22474 0.999054
22484 X 22484 0.000315
22484 X 22483 0.000315
22484 X 22463 0.000315
22492 SX 22607 0.999054
22492 SX 22608 0.000315
22492 SX 22609 0.000315
22492 SX 22610 0.000315
22492 RZPI 22492 1.000000
22492 RZ3PI 22494 1.000000
22492 RZPIHalf 22471 1.000000
22492 S 22468 1.000000
22492 X 22508 0.999054
22492 X 22492 0.000315
22492 X 22494 0.000315
22492 X 22506 0.000315
22494 SX 22609 0.999054
22494 SX 22610 0.000315
22494 SX 22607 0.000315
22494 SX 22608 0.000315
22494 RZPI 22494 1.000000
22494 RZ3PI 22492 1.000000
22494 RZPIHalf 22468 1.000000
22494 S 22471 1.000000
22494 X 22506 0.999054
22494 X 22494 0.000315
22494 X 22492 0.000315
22494 X 22508 0.000315
22506 SX 22610 0.999054
22506 SX 22609 0.000315
22506 SX 22608 0.000315
22506 SX 22607 0.000315
22506 RZPI 22506 1.000000
22506 RZ3PI 22508 1.000000
22506 RZPIHalf 22470 1.000000
22506 S 22469 1.000000
22506 X 22494 0.999054
22506 X 22506 0.000315
22506 X 22508 0.000315
22506 X 22492 0.000315
22508 SX 22608 0.999054
22508 SX 22607 0.000315
22508 SX 22610 0.000315
22508 SX 22609 0.000315
22508 RZPI 22508 1.000000
22508 RZ3PI 22506 1.000000
22508 RZPIHalf 22469 1.000000
22508 S 22470 1.000000
22508 X 22492 0.999054
22508 X 22508 0.000315
22508 X 22506 0.000315
22508 X 22494 0.000315
22553 SX 22565 0.999054
22553 SX 22476 0.000315
22553 SX 22478 0.000315
22553 SX 22566 0.000315
22553 RZPI 22553 1.000000
22553 RZ3PI 22556 1.000000
22553 RZPIHalf 22607 1.000000
22553 S 22610 1.000000
22553 X 22554 0.999054
22553 X 22553 0.000315
22553 X 22556 0.000315
22553 X 22555 0.000315
22554 SX 22476 0.999054
22554 SX 22565 0.000315
22554 SX 22566 0.000315
22554 SX 22478 0.000315
22554 RZPI 22554 1.000000
22554 RZ3PI 22555 1.000000
22554 RZPIHalf 22609 1.000000
22554 S 22608 1.000000
22554 X 22553 0.999054
22554 X 22554 0.000315
22554 X 22555 0.000315
22554 X 22556 0.000315
22555 SX 22566 0.999054
22555 SX 22478 0.000315
22555 SX 22476 0.000315
22555 SX 22565 0.000315
22555 RZPI 22555 1.000000
22555 RZ3PI 22554 1.000000
22555 RZPIHalf 22608 1.000000
22555 S 22609 1.000000
22555 X 22556 0.999054
22555 X 22555 0.000315
22555 X 22554 0.000315
22555 X 22553 0.000315
22556 SX 22478 0.999054
22556 SX 22566 0.000315
22556 SX 22565 0.000315
22556 SX 22476 0.000315
22556 RZPI 22556 1.000000
22556 RZ3PI 22553 1.000000
22556 RZPIHalf 22610 1.000000
22556 S 22607 1.000000
22556 X 22555 0.999054
22556 X 22556 0.000315
22556 X 22553 0.000315
22556 X 22554 0.000315
22565 SX 22554 0.999054
22565 SX 22553 0.000315
22565 SX 22556 0.000315
22565 SX 22555 0.000315
22565 RZPI 22565 1.000000
22565 RZ3PI 22566 1.000000
22565 RZPIHalf 22483 1.000000
22565 S 22484 1.000000
22565 X 22476 0.999054
22565 X 22565 0.000315
22565 X 22566 0.000315
22565 X 22478 0.000315
22566 SX 22556 0.999054
22566 SX 22555 0.000315
22566 SX 22554 0.000315
22566 SX 22553 0.000315
22566 RZPI 22566 1.000000
22566 RZ3PI 22565 1.000000
22566 RZPIHalf 22484 1.000000
22566 S 22483 1.000000
22566 X 22478 0.999054
22566 X 22566 0.000315
22566 X 22565 0.000315
22566 X 22476 0.000315
22607 SX 22508 0.999054
22607 SX 22492 0.000315
22607 SX 22494 0.000315
22607 SX 22506 0.000315
22607 RZPI 22607 1.000000
22607 RZ3PI 22610 1.000000
22607 RZPIHalf 22556 1.000000
22607 S 22553 1.000000
22607 X 22608 0.999054
22607 X 22607 0.000315
22607 X 22610 0.000315
22607 X 22609 0.000315
22608 SX 22492 0.999054
22608 SX 22508 0.000315
22608 SX 22506 0.000315
22608 SX 22494 0.000315
22608 RZPI 22608 1.000000
22608 RZ3PI 22609 1.000000
22608 RZPIHalf 22554 1.000000
22608 S 22555 1.000000
22608 X 22607 0.999054
22608 X 22608 0.000315
22608 X 22609 0.000315
22608 X 22610 0.000315
22609 SX 22506 0.999054
22609 SX 22494 0.000315
22609 SX 22492 0.000315
22609 SX 22508 0.000315
22609 RZPI 22609 1.000000
22609 RZ3PI 22608 1.000000
22609 RZPIHalf 22555 1.000000
22609 S 22554 1.000000
22609 X 22610 0.999054
22609 X 22609 0.000315
22609 X 22608 0.000315
22609 X 22607 0.000315
22610 SX 22494 0.999054
22610 SX 22506 0.000315
22610 SX 22508 0.000315
22610 SX 22492 0.000315
22610 RZPI 22610 1.000000
22610 RZ3PI 22607 1.000000
22610 RZPIHalf 22553 1.000000
22610 S 22556 1.000000
22610 X 22609 0.999054
22610 X 22610 0.000315
22610 X 22607 0.000315
22610 X 22608 0.000315
ENDPOMDP
