BEGINPOMDP
INITIALSTATE: 20584
STATES: 20614,20616,20628,20630,20675,20676,20677,20678,20687,20688,20584,20585,20590,20591,20592,20593,20596,20598,20600,20729,20730,20731,20732,20605,20606
REWARDS: 20614:0,20616:0,20628:0,20630:0,20675:0,20676:0,20677:0,20678:0,20687:0,20688:0,20584:0,20585:0,20590:0,20591:0,20592:0,20593:0,20596:0,20598:0,20600:0,20729:0,20730:0,20731:0,20732:0,20605:0,20606:1
GAMMA: 20614:0,20616:0,20628:0,20630:0,20675:0,20676:0,20677:0,20678:0,20687:0,20688:0,20584:0,20585:0,20590:0,20591:0,20592:0,20593:0,20596:0,20598:0,20600:0,20729:0,20730:0,20731:0,20732:0,20605:0,20606:0
BEGINACTIONS
SX
RZPI
RZ3PI
RZPIHalf
S
X
ENDACTIONS
20584 INIT_ 20585 1.000000
20585 SX 20590 0.996003
20585 SX 20591 0.001332
20585 SX 20592 0.001332
20585 SX 20593 0.001332
20585 RZPI 20585 1.000000
20585 RZ3PI 20596 1.000000
20585 RZPIHalf 20598 1.000000
20585 S 20600 1.000000
20585 X 20605 0.996003
20585 X 20585 0.001332
20585 X 20596 0.001332
20585 X 20606 0.001332
20590 SX 20605 0.996003
20590 SX 20585 0.001332
20590 SX 20596 0.001332
20590 SX 20606 0.001332
20590 RZPI 20590 1.000000
20590 RZ3PI 20593 1.000000
20590 RZPIHalf 20614 1.000000
20590 S 20616 1.000000
20590 X 20591 0.996003
20590 X 20590 0.001332
20590 X 20593 0.001332
20590 X 20592 0.001332
20591 SX 20585 0.996003
20591 SX 20605 0.001332
20591 SX 20606 0.001332
20591 SX 20596 0.001332
20591 RZPI 20591 1.000000
20591 RZ3PI 20592 1.000000
20591 RZPIHalf 20628 1.000000
20591 S 20630 1.000000
20591 X 20590 0.996003
20591 X 20591 0.001332
20591 X 20592 0.001332
20591 X 20593 0.001332
20592 SX 20606 0.996003
20592 SX 20596 0.001332
20592 SX 20585 0.001332
20592 SX 20605 0.001332
20592 RZPI 20592 1.000000
20592 RZ3PI 20591 1.000000
20592 RZPIHalf 20630 1.000000
20592 S 20628 1.000000
20592 X 20593 0.996003
20592 X 20592 0.001332
20592 X 20591 0.001332
20592 X 20590 0.001332
20593 SX 20596 0.996003
20593 SX 20606 0.001332
20593 SX 20605 0.001332
20593 SX 20585 0.001332
20593 RZPI 20593 1.000000
20593 RZ3PI 20590 1.000000
20593 RZPIHalf 20616 1.000000
20593 S 20614 1.000000
20593 X 20592 0.996003
20593 X 20593 0.001332
20593 X 20590 0.001332
20593 X 20591 0.001332
20596 SX 20592 0.996003
20596 SX 20593 0.001332
20596 SX 20590 0.001332
20596 SX 20591 0.001332
20596 RZPI 20596 1.000000
20596 RZ3PI 20585 1.000000
20596 RZPIHalf 20600 1.000000
20596 S 20598 1.000000
20596 X 20606 0.996003
20596 X 20596 0.001332
20596 X 20585 0.001332
20596 X 20605 0.001332
20598 SX 20675 0.996003
20598 SX 20676 0.001332
20598 SX 20677 0.001332
20598 SX 20678 0.001332
20598 RZPI 20598 1.000000
20598 RZ3PI 20600 1.000000
20598 RZPIHalf 20596 1.000000
20598 S 20585 1.000000
20598 X 20687 0.996003
20598 X 20598 0.001332
20598 X 20600 0.001332
20598 X 20688 0.001332
20600 SX 20677 0.996003
20600 SX 20678 0.001332
20600 SX 20675 0.001332
20600 SX 20676 0.001332
20600 RZPI 20600 1.000000
20600 RZ3PI 20598 1.000000
20600 RZPIHalf 20585 1.000000
20600 S 20596 1.000000
20600 X 20688 0.996003
20600 X 20600 0.001332
20600 X 20598 0.001332
20600 X 20687 0.001332
20605 SX 20591 0.996003
20605 SX 20590 0.001332
20605 SX 20593 0.001332
20605 SX 20592 0.001332
20605 RZPI 20605 1.000000
20605 RZ3PI 20606 1.000000
20605 RZPIHalf 20688 1.000000
20605 S 20687 1.000000
20605 X 20585 0.996003
20605 X 20605 0.001332
20605 X 20606 0.001332
20605 X 20596 0.001332
20606 SX 20593 0.996003
20606 SX 20592 0.001332
20606 SX 20591 0.001332
20606 SX 20590 0.001332
20606 RZPI 20606 1.000000
20606 RZ3PI 20605 1.000000
20606 RZPIHalf 20687 1.000000
20606 S 20688 1.000000
20606 X 20596 0.996003
20606 X 20606 0.001332
20606 X 20605 0.001332
20606 X 20585 0.001332
20614 SX 20729 0.996003
20614 SX 20730 0.001332
20614 SX 20731 0.001332
20614 SX 20732 0.001332
20614 RZPI 20614 1.000000
20614 RZ3PI 20616 1.000000
20614 RZPIHalf 20593 1.000000
20614 S 20590 1.000000
20614 X 20630 0.996003
20614 X 20614 0.001332
20614 X 20616 0.001332
20614 X 20628 0.001332
20616 SX 20731 0.996003
20616 SX 20732 0.001332
20616 SX 20729 0.001332
20616 SX 20730 0.001332
20616 RZPI 20616 1.000000
20616 RZ3PI 20614 1.000000
20616 RZPIHalf 20590 1.000000
20616 S 20593 1.000000
20616 X 20628 0.996003
20616 X 20616 0.001332
20616 X 20614 0.001332
20616 X 20630 0.001332
20628 SX 20732 0.996003
20628 SX 20731 0.001332
20628 SX 20730 0.001332
20628 SX 20729 0.001332
20628 RZPI 20628 1.000000
20628 RZ3PI 20630 1.000000
20628 RZPIHalf 20592 1.000000
20628 S 20591 1.000000
20628 X 20616 0.996003
20628 X 20628 0.001332
20628 X 20630 0.001332
20628 X 20614 0.001332
20630 SX 20730 0.996003
20630 SX 20729 0.001332
20630 SX 20732 0.001332
20630 SX 20731 0.001332
20630 RZPI 20630 1.000000
20630 RZ3PI 20628 1.000000
20630 RZPIHalf 20591 1.000000
20630 S 20592 1.000000
20630 X 20614 0.996003
20630 X 20630 0.001332
20630 X 20628 0.001332
20630 X 20616 0.001332
20675 SX 20687 0.996003
20675 SX 20598 0.001332
20675 SX 20600 0.001332
20675 SX 20688 0.001332
20675 RZPI 20675 1.000000
20675 RZ3PI 20678 1.000000
20675 RZPIHalf 20729 1.000000
20675 S 20732 1.000000
20675 X 20676 0.996003
20675 X 20675 0.001332
20675 X 20678 0.001332
20675 X 20677 0.001332
20676 SX 20598 0.996003
20676 SX 20687 0.001332
20676 SX 20688 0.001332
20676 SX 20600 0.001332
20676 RZPI 20676 1.000000
20676 RZ3PI 20677 1.000000
20676 RZPIHalf 20731 1.000000
20676 S 20730 1.000000
20676 X 20675 0.996003
20676 X 20676 0.001332
20676 X 20677 0.001332
20676 X 20678 0.001332
20677 SX 20688 0.996003
20677 SX 20600 0.001332
20677 SX 20598 0.001332
20677 SX 20687 0.001332
20677 RZPI 20677 1.000000
20677 RZ3PI 20676 1.000000
20677 RZPIHalf 20730 1.000000
20677 S 20731 1.000000
20677 X 20678 0.996003
20677 X 20677 0.001332
20677 X 20676 0.001332
20677 X 20675 0.001332
20678 SX 20600 0.996003
20678 SX 20688 0.001332
20678 SX 20687 0.001332
20678 SX 20598 0.001332
20678 RZPI 20678 1.000000
20678 RZ3PI 20675 1.000000
20678 RZPIHalf 20732 1.000000
20678 S 20729 1.000000
20678 X 20677 0.996003
20678 X 20678 0.001332
20678 X 20675 0.001332
20678 X 20676 0.001332
20687 SX 20676 0.996003
20687 SX 20675 0.001332
20687 SX 20678 0.001332
20687 SX 20677 0.001332
20687 RZPI 20687 1.000000
20687 RZ3PI 20688 1.000000
20687 RZPIHalf 20605 1.000000
20687 S 20606 1.000000
20687 X 20598 0.996003
20687 X 20687 0.001332
20687 X 20688 0.001332
20687 X 20600 0.001332
20688 SX 20678 0.996003
20688 SX 20677 0.001332
20688 SX 20676 0.001332
20688 SX 20675 0.001332
20688 RZPI 20688 1.000000
20688 RZ3PI 20687 1.000000
20688 RZPIHalf 20606 1.000000
20688 S 20605 1.000000
20688 X 20600 0.996003
20688 X 20688 0.001332
20688 X 20687 0.001332
20688 X 20598 0.001332
20729 SX 20630 0.996003
20729 SX 20614 0.001332
20729 SX 20616 0.001332
20729 SX 20628 0.001332
20729 RZPI 20729 1.000000
20729 RZ3PI 20732 1.000000
20729 RZPIHalf 20678 1.000000
20729 S 20675 1.000000
20729 X 20730 0.996003
20729 X 20729 0.001332
20729 X 20732 0.001332
20729 X 20731 0.001332
20730 SX 20614 0.996003
20730 SX 20630 0.001332
20730 SX 20628 0.001332
20730 SX 20616 0.001332
20730 RZPI 20730 1.000000
20730 RZ3PI 20731 1.000000
20730 RZPIHalf 20676 1.000000
20730 S 20677 1.000000
20730 X 20729 0.996003
20730 X 20730 0.001332
20730 X 20731 0.001332
20730 X 20732 0.001332
20731 SX 20628 0.996003
20731 SX 20616 0.001332
20731 SX 20614 0.001332
20731 SX 20630 0.001332
20731 RZPI 20731 1.000000
20731 RZ3PI 20730 1.000000
20731 RZPIHalf 20677 1.000000
20731 S 20676 1.000000
20731 X 20732 0.996003
20731 X 20731 0.001332
20731 X 20730 0.001332
20731 X 20729 0.001332
20732 SX 20616 0.996003
20732 SX 20628 0.001332
20732 SX 20630 0.001332
20732 SX 20614 0.001332
20732 RZPI 20732 1.000000
20732 RZ3PI 20729 1.000000
20732 RZPIHalf 20675 1.000000
20732 S 20678 1.000000
20732 X 20731 0.996003
20732 X 20732 0.001332
20732 X 20729 0.001332
20732 X 20730 0.001332
ENDPOMDP
