BEGINPOMDP
INITIALSTATE: 22149
STATES: 22149,22150,22155,22156,22157,22158,22161,22163,22165,22294,22295,22296,22297,22170,22171,22179,22181,22193,22195,22240,22241,22242,22243,22252,22253
REWARDS: 22149:0,22150:0,22155:0,22156:0,22157:0,22158:0,22161:0,22163:0,22165:0,22294:0,22295:0,22296:0,22297:0,22170:0,22171:1,22179:0,22181:0,22193:0,22195:0,22240:0,22241:0,22242:0,22243:0,22252:0,22253:0
GAMMA: 22149:0,22150:0,22155:0,22156:0,22157:0,22158:0,22161:0,22163:0,22165:0,22294:0,22295:0,22296:0,22297:0,22170:0,22171:0,22179:0,22181:0,22193:0,22195:0,22240:0,22241:0,22242:0,22243:0,22252:0,22253:0
BEGINACTIONS
SX
RZPI
RZ3PI
RZPIHalf
S
X
ENDACTIONS
22149 INIT_ 22150 1.000000
22150 SX 22155 0.999380
22150 SX 22156 0.000207
22150 SX 22157 0.000207
22150 SX 22158 0.000207
22150 RZPI 22150 1.000000
22150 RZ3PI 22161 1.000000
22150 RZPIHalf 22163 1.000000
22150 S 22165 1.000000
22150 X 22170 0.999380
22150 X 22150 0.000207
22150 X 22161 0.000207
22150 X 22171 0.000207
22155 SX 22170 0.999380
22155 SX 22150 0.000207
22155 SX 22161 0.000207
22155 SX 22171 0.000207
22155 RZPI 22155 1.000000
22155 RZ3PI 22158 1.000000
22155 RZPIHalf 22179 1.000000
22155 S 22181 1.000000
22155 X 22156 0.999380
22155 X 22155 0.000207
22155 X 22158 0.000207
22155 X 22157 0.000207
22156 SX 22150 0.999380
22156 SX 22170 0.000207
22156 SX 22171 0.000207
22156 SX 22161 0.000207
22156 RZPI 22156 1.000000
22156 RZ3PI 22157 1.000000
22156 RZPIHalf 22193 1.000000
22156 S 22195 1.000000
22156 X 22155 0.999380
22156 X 22156 0.000207
22156 X 22157 0.000207
22156 X 22158 0.000207
22157 SX 22171 0.999380
22157 SX 22161 0.000207
22157 SX 22150 0.000207
22157 SX 22170 0.000207
22157 RZPI 22157 1.000000
22157 RZ3PI 22156 1.000000
22157 RZPIHalf 22195 1.000000
22157 S 22193 1.000000
22157 X 22158 0.999380
22157 X 22157 0.000207
22157 X 22156 0.000207
22157 X 22155 0.000207
22158 SX 22161 0.999380
22158 SX 22171 0.000207
22158 SX 22170 0.000207
22158 SX 22150 0.000207
22158 RZPI 22158 1.000000
22158 RZ3PI 22155 1.000000
22158 RZPIHalf 22181 1.000000
22158 S 22179 1.000000
22158 X 22157 0.999380
22158 X 22158 0.000207
22158 X 22155 0.000207
22158 X 22156 0.000207
22161 SX 22157 0.999380
22161 SX 22158 0.000207
22161 SX 22155 0.000207
22161 SX 22156 0.000207
22161 RZPI 22161 1.000000
22161 RZ3PI 22150 1.000000
22161 RZPIHalf 22165 1.000000
22161 S 22163 1.000000
22161 X 22171 0.999380
22161 X 22161 0.000207
22161 X 22150 0.000207
22161 X 22170 0.000207
22163 SX 22240 0.999380
22163 SX 22241 0.000207
22163 SX 22242 0.000207
22163 SX 22243 0.000207
22163 RZPI 22163 1.000000
22163 RZ3PI 22165 1.000000
22163 RZPIHalf 22161 1.000000
22163 S 22150 1.000000
22163 X 22252 0.999380
22163 X 22163 0.000207
22163 X 22165 0.000207
22163 X 22253 0.000207
22165 SX 22242 0.999380
22165 SX 22243 0.000207
22165 SX 22240 0.000207
22165 SX 22241 0.000207
22165 RZPI 22165 1.000000
22165 RZ3PI 22163 1.000000
22165 RZPIHalf 22150 1.000000
22165 S 22161 1.000000
22165 X 22253 0.999380
22165 X 22165 0.000207
22165 X 22163 0.000207
22165 X 22252 0.000207
22170 SX 22156 0.999380
22170 SX 22155 0.000207
22170 SX 22158 0.000207
22170 SX 22157 0.000207
22170 RZPI 22170 1.000000
22170 RZ3PI 22171 1.000000
22170 RZPIHalf 22253 1.000000
22170 S 22252 1.000000
22170 X 22150 0.999380
22170 X 22170 0.000207
22170 X 22171 0.000207
22170 X 22161 0.000207
22171 SX 22158 0.999380
22171 SX 22157 0.000207
22171 SX 22156 0.000207
22171 SX 22155 0.000207
22171 RZPI 22171 1.000000
22171 RZ3PI 22170 1.000000
22171 RZPIHalf 22252 1.000000
22171 S 22253 1.000000
22171 X 22161 0.999380
22171 X 22171 0.000207
22171 X 22170 0.000207
22171 X 22150 0.000207
22179 SX 22294 0.999380
22179 SX 22295 0.000207
22179 SX 22296 0.000207
22179 SX 22297 0.000207
22179 RZPI 22179 1.000000
22179 RZ3PI 22181 1.000000
22179 RZPIHalf 22158 1.000000
22179 S 22155 1.000000
22179 X 22195 0.999380
22179 X 22179 0.000207
22179 X 22181 0.000207
22179 X 22193 0.000207
22181 SX 22296 0.999380
22181 SX 22297 0.000207
22181 SX 22294 0.000207
22181 SX 22295 0.000207
22181 RZPI 22181 1.000000
22181 RZ3PI 22179 1.000000
22181 RZPIHalf 22155 1.000000
22181 S 22158 1.000000
22181 X 22193 0.999380
22181 X 22181 0.000207
22181 X 22179 0.000207
22181 X 22195 0.000207
22193 SX 22297 0.999380
22193 SX 22296 0.000207
22193 SX 22295 0.000207
22193 SX 22294 0.000207
22193 RZPI 22193 1.000000
22193 RZ3PI 22195 1.000000
22193 RZPIHalf 22157 1.000000
22193 S 22156 1.000000
22193 X 22181 0.999380
22193 X 22193 0.000207
22193 X 22195 0.000207
22193 X 22179 0.000207
22195 SX 22295 0.999380
22195 SX 22294 0.000207
22195 SX 22297 0.000207
22195 SX 22296 0.000207
22195 RZPI 22195 1.000000
22195 RZ3PI 22193 1.000000
22195 RZPIHalf 22156 1.000000
22195 S 22157 1.000000
22195 X 22179 0.999380
22195 X 22195 0.000207
22195 X 22193 0.000207
22195 X 22181 0.000207
22240 SX 22252 0.999380
22240 SX 22163 0.000207
22240 SX 22165 0.000207
22240 SX 22253 0.000207
22240 RZPI 22240 1.000000
22240 RZ3PI 22243 1.000000
22240 RZPIHalf 22294 1.000000
22240 S 22297 1.000000
22240 X 22241 0.999380
22240 X 22240 0.000207
22240 X 22243 0.000207
22240 X 22242 0.000207
22241 SX 22163 0.999380
22241 SX 22252 0.000207
22241 SX 22253 0.000207
22241 SX 22165 0.000207
22241 RZPI 22241 1.000000
22241 RZ3PI 22242 1.000000
22241 RZPIHalf 22296 1.000000
22241 S 22295 1.000000
22241 X 22240 0.999380
22241 X 22241 0.000207
22241 X 22242 0.000207
22241 X 22243 0.000207
22242 SX 22253 0.999380
22242 SX 22165 0.000207
22242 SX 22163 0.000207
22242 SX 22252 0.000207
22242 RZPI 22242 1.000000
22242 RZ3PI 22241 1.000000
22242 RZPIHalf 22295 1.000000
22242 S 22296 1.000000
22242 X 22243 0.999380
22242 X 22242 0.000207
22242 X 22241 0.000207
22242 X 22240 0.000207
22243 SX 22165 0.999380
22243 SX 22253 0.000207
22243 SX 22252 0.000207
22243 SX 22163 0.000207
22243 RZPI 22243 1.000000
22243 RZ3PI 22240 1.000000
22243 RZPIHalf 22297 1.000000
22243 S 22294 1.000000
22243 X 22242 0.999380
22243 X 22243 0.000207
22243 X 22240 0.000207
22243 X 22241 0.000207
22252 SX 22241 0.999380
22252 SX 22240 0.000207
22252 SX 22243 0.000207
22252 SX 22242 0.000207
22252 RZPI 22252 1.000000
22252 RZ3PI 22253 1.000000
22252 RZPIHalf 22170 1.000000
22252 S 22171 1.000000
22252 X 22163 0.999380
22252 X 22252 0.000207
22252 X 22253 0.000207
22252 X 22165 0.000207
22253 SX 22243 0.999380
22253 SX 22242 0.000207
22253 SX 22241 0.000207
22253 SX 22240 0.000207
22253 RZPI 22253 1.000000
22253 RZ3PI 22252 1.000000
22253 RZPIHalf 22171 1.000000
22253 S 22170 1.000000
22253 X 22165 0.999380
22253 X 22253 0.000207
22253 X 22252 0.000207
22253 X 22163 0.000207
22294 SX 22195 0.999380
22294 SX 22179 0.000207
22294 SX 22181 0.000207
22294 SX 22193 0.000207
22294 RZPI 22294 1.000000
22294 RZ3PI 22297 1.000000
22294 RZPIHalf 22243 1.000000
22294 S 22240 1.000000
22294 X 22295 0.999380
22294 X 22294 0.000207
22294 X 22297 0.000207
22294 X 22296 0.000207
22295 SX 22179 0.999380
22295 SX 22195 0.000207
22295 SX 22193 0.000207
22295 SX 22181 0.000207
22295 RZPI 22295 1.000000
22295 RZ3PI 22296 1.000000
22295 RZPIHalf 22241 1.000000
22295 S 22242 1.000000
22295 X 22294 0.999380
22295 X 22295 0.000207
22295 X 22296 0.000207
22295 X 22297 0.000207
22296 SX 22193 0.999380
22296 SX 22181 0.000207
22296 SX 22179 0.000207
22296 SX 22195 0.000207
22296 RZPI 22296 1.000000
22296 RZ3PI 22295 1.000000
22296 RZPIHalf 22242 1.000000
22296 S 22241 1.000000
22296 X 22297 0.999380
22296 X 22296 0.000207
22296 X 22295 0.000207
22296 X 22294 0.000207
22297 SX 22181 0.999380
22297 SX 22193 0.000207
22297 SX 22195 0.000207
22297 SX 22179 0.000207
22297 RZPI 22297 1.000000
22297 RZ3PI 22294 1.000000
22297 RZPIHalf 22240 1.000000
22297 S 22243 1.000000
22297 X 22296 0.999380
22297 X 22297 0.000207
22297 X 22294 0.000207
22297 X 22295 0.000207
ENDPOMDP
