BEGINPOMDP
INITIALSTATE: 20271
STATES: 20362,20363,20364,20365,20374,20375,20271,20272,20277,20278,20279,20280,20283,20285,20287,20416,20417,20418,20419,20292,20293,20301,20303,20315,20317
REWARDS: 20362:0,20363:0,20364:0,20365:0,20374:0,20375:0,20271:0,20272:0,20277:0,20278:0,20279:0,20280:0,20283:0,20285:0,20287:0,20416:0,20417:0,20418:0,20419:0,20292:0,20293:1,20301:0,20303:0,20315:0,20317:0
GAMMA: 20362:0,20363:0,20364:0,20365:0,20374:0,20375:0,20271:0,20272:0,20277:0,20278:0,20279:0,20280:0,20283:0,20285:0,20287:0,20416:0,20417:0,20418:0,20419:0,20292:0,20293:0,20301:0,20303:0,20315:0,20317:0
BEGINACTIONS
SX
RZPI
RZ3PI
RZPIHalf
S
X
ENDACTIONS
20271 INIT_ 20272 1.000000
20272 SX 20277 0.999612
20272 SX 20278 0.000129
20272 SX 20279 0.000129
20272 SX 20280 0.000129
20272 RZPI 20272 1.000000
20272 RZ3PI 20283 1.000000
20272 RZPIHalf 20285 1.000000
20272 S 20287 1.000000
20272 X 20292 0.999612
20272 X 20272 0.000129
20272 X 20283 0.000129
20272 X 20293 0.000129
20277 SX 20292 0.999612
20277 SX 20272 0.000129
20277 SX 20283 0.000129
20277 SX 20293 0.000129
20277 RZPI 20277 1.000000
20277 RZ3PI 20280 1.000000
20277 RZPIHalf 20301 1.000000
20277 S 20303 1.000000
20277 X 20278 0.999612
20277 X 20277 0.000129
20277 X 20280 0.000129
20277 X 20279 0.000129
20278 SX 20272 0.999612
20278 SX 20292 0.000129
20278 SX 20293 0.000129
20278 SX 20283 0.000129
20278 RZPI 20278 1.000000
20278 RZ3PI 20279 1.000000
20278 RZPIHalf 20315 1.000000
20278 S 20317 1.000000
20278 X 20277 0.999612
20278 X 20278 0.000129
20278 X 20279 0.000129
20278 X 20280 0.000129
20279 SX 20293 0.999612
20279 SX 20283 0.000129
20279 SX 20272 0.000129
20279 SX 20292 0.000129
20279 RZPI 20279 1.000000
20279 RZ3PI 20278 1.000000
20279 RZPIHalf 20317 1.000000
20279 S 20315 1.000000
20279 X 20280 0.999612
20279 X 20279 0.000129
20279 X 20278 0.000129
20279 X 20277 0.000129
20280 SX 20283 0.999612
20280 SX 20293 0.000129
20280 SX 20292 0.000129
20280 SX 20272 0.000129
20280 RZPI 20280 1.000000
20280 RZ3PI 20277 1.000000
20280 RZPIHalf 20303 1.000000
20280 S 20301 1.000000
20280 X 20279 0.999612
20280 X 20280 0.000129
20280 X 20277 0.000129
20280 X 20278 0.000129
20283 SX 20279 0.999612
20283 SX 20280 0.000129
20283 SX 20277 0.000129
20283 SX 20278 0.000129
20283 RZPI 20283 1.000000
20283 RZ3PI 20272 1.000000
20283 RZPIHalf 20287 1.000000
20283 S 20285 1.000000
20283 X 20293 0.999612
20283 X 20283 0.000129
20283 X 20272 0.000129
20283 X 20292 0.000129
20285 SX 20362 0.999612
20285 SX 20363 0.000129
20285 SX 20364 0.000129
20285 SX 20365 0.000129
20285 RZPI 20285 1.000000
20285 RZ3PI 20287 1.000000
20285 RZPIHalf 20283 1.000000
20285 S 20272 1.000000
20285 X 20374 0.999612
20285 X 20285 0.000129
20285 X 20287 0.000129
20285 X 20375 0.000129
20287 SX 20364 0.999612
20287 SX 20365 0.000129
20287 SX 20362 0.000129
20287 SX 20363 0.000129
20287 RZPI 20287 1.000000
20287 RZ3PI 20285 1.000000
20287 RZPIHalf 20272 1.000000
20287 S 20283 1.000000
20287 X 20375 0.999612
20287 X 20287 0.000129
20287 X 20285 0.000129
20287 X 20374 0.000129
20292 SX 20278 0.999612
20292 SX 20277 0.000129
20292 SX 20280 0.000129
20292 SX 20279 0.000129
20292 RZPI 20292 1.000000
20292 RZ3PI 20293 1.000000
20292 RZPIHalf 20375 1.000000
20292 S 20374 1.000000
20292 X 20272 0.999612
20292 X 20292 0.000129
20292 X 20293 0.000129
20292 X 20283 0.000129
20293 SX 20280 0.999612
20293 SX 20279 0.000129
20293 SX 20278 0.000129
20293 SX 20277 0.000129
20293 RZPI 20293 1.000000
20293 RZ3PI 20292 1.000000
20293 RZPIHalf 20374 1.000000
20293 S 20375 1.000000
20293 X 20283 0.999612
20293 X 20293 0.000129
20293 X 20292 0.000129
20293 X 20272 0.000129
20301 SX 20416 0.999612
20301 SX 20417 0.000129
20301 SX 20418 0.000129
20301 SX 20419 0.000129
20301 RZPI 20301 1.000000
20301 RZ3PI 20303 1.000000
20301 RZPIHalf 20280 1.000000
20301 S 20277 1.000000
20301 X 20317 0.999612
20301 X 20301 0.000129
20301 X 20303 0.000129
20301 X 20315 0.000129
20303 SX 20418 0.999612
20303 SX 20419 0.000129
20303 SX 20416 0.000129
20303 SX 20417 0.000129
20303 RZPI 20303 1.000000
20303 RZ3PI 20301 1.000000
20303 RZPIHalf 20277 1.000000
20303 S 20280 1.000000
20303 X 20315 0.999612
20303 X 20303 0.000129
20303 X 20301 0.000129
20303 X 20317 0.000129
20315 SX 20419 0.999612
20315 SX 20418 0.000129
20315 SX 20417 0.000129
20315 SX 20416 0.000129
20315 RZPI 20315 1.000000
20315 RZ3PI 20317 1.000000
20315 RZPIHalf 20279 1.000000
20315 S 20278 1.000000
20315 X 20303 0.999612
20315 X 20315 0.000129
20315 X 20317 0.000129
20315 X 20301 0.000129
20317 SX 20417 0.999612
20317 SX 20416 0.000129
20317 SX 20419 0.000129
20317 SX 20418 0.000129
20317 RZPI 20317 1.000000
20317 RZ3PI 20315 1.000000
20317 RZPIHalf 20278 1.000000
20317 S 20279 1.000000
20317 X 20301 0.999612
20317 X 20317 0.000129
20317 X 20315 0.000129
20317 X 20303 0.000129
20362 SX 20374 0.999612
20362 SX 20285 0.000129
20362 SX 20287 0.000129
20362 SX 20375 0.000129
20362 RZPI 20362 1.000000
20362 RZ3PI 20365 1.000000
20362 RZPIHalf 20416 1.000000
20362 S 20419 1.000000
20362 X 20363 0.999612
20362 X 20362 0.000129
20362 X 20365 0.000129
20362 X 20364 0.000129
20363 SX 20285 0.999612
20363 SX 20374 0.000129
20363 SX 20375 0.000129
20363 SX 20287 0.000129
20363 RZPI 20363 1.000000
20363 RZ3PI 20364 1.000000
20363 RZPIHalf 20418 1.000000
20363 S 20417 1.000000
20363 X 20362 0.999612
20363 X 20363 0.000129
20363 X 20364 0.000129
20363 X 20365 0.000129
20364 SX 20375 0.999612
20364 SX 20287 0.000129
20364 SX 20285 0.000129
20364 SX 20374 0.000129
20364 RZPI 20364 1.000000
20364 RZ3PI 20363 1.000000
20364 RZPIHalf 20417 1.000000
20364 S 20418 1.000000
20364 X 20365 0.999612
20364 X 20364 0.000129
20364 X 20363 0.000129
20364 X 20362 0.000129
20365 SX 20287 0.999612
20365 SX 20375 0.000129
20365 SX 20374 0.000129
20365 SX 20285 0.000129
20365 RZPI 20365 1.000000
20365 RZ3PI 20362 1.000000
20365 RZPIHalf 20419 1.000000
20365 S 20416 1.000000
20365 X 20364 0.999612
20365 X 20365 0.000129
20365 X 20362 0.000129
20365 X 20363 0.000129
20374 SX 20363 0.999612
20374 SX 20362 0.000129
20374 SX 20365 0.000129
20374 SX 20364 0.000129
20374 RZPI 20374 1.000000
20374 RZ3PI 20375 1.000000
20374 RZPIHalf 20292 1.000000
20374 S 20293 1.000000
20374 X 20285 0.999612
20374 X 20374 0.000129
20374 X 20375 0.000129
20374 X 20287 0.000129
20375 SX 20365 0.999612
20375 SX 20364 0.000129
20375 SX 20363 0.000129
20375 SX 20362 0.000129
20375 RZPI 20375 1.000000
20375 RZ3PI 20374 1.000000
20375 RZPIHalf 20293 1.000000
20375 S 20292 1.000000
20375 X 20287 0.999612
20375 X 20375 0.000129
20375 X 20374 0.000129
20375 X 20285 0.000129
20416 SX 20317 0.999612
20416 SX 20301 0.000129
20416 SX 20303 0.000129
20416 SX 20315 0.000129
20416 RZPI 20416 1.000000
20416 RZ3PI 20419 1.000000
20416 RZPIHalf 20365 1.000000
20416 S 20362 1.000000
20416 X 20417 0.999612
20416 X 20416 0.000129
20416 X 20419 0.000129
20416 X 20418 0.000129
20417 SX 20301 0.999612
20417 SX 20317 0.000129
20417 SX 20315 0.000129
20417 SX 20303 0.000129
20417 RZPI 20417 1.000000
20417 RZ3PI 20418 1.000000
20417 RZPIHalf 20363 1.000000
20417 S 20364 1.000000
20417 X 20416 0.999612
20417 X 20417 0.000129
20417 X 20418 0.000129
20417 X 20419 0.000129
20418 SX 20315 0.999612
20418 SX 20303 0.000129
20418 SX 20301 0.000129
20418 SX 20317 0.000129
20418 RZPI 20418 1.000000
20418 RZ3PI 20417 1.000000
20418 RZPIHalf 20364 1.000000
20418 S 20363 1.000000
20418 X 20419 0.999612
20418 X 20418 0.000129
20418 X 20417 0.000129
20418 X 20416 0.000129
20419 SX 20303 0.999612
20419 SX 20315 0.000129
20419 SX 20317 0.000129
20419 SX 20301 0.000129
20419 RZPI 20419 1.000000
20419 RZ3PI 20416 1.000000
20419 RZPIHalf 20362 1.000000
20419 S 20365 1.000000
20419 X 20418 0.999612
20419 X 20419 0.000129
20419 X 20416 0.000129
20419 X 20417 0.000129
ENDPOMDP
