BEGINPOMDP
INITIALSTATE: 21523
STATES: 21523,21524,21529,21530,21531,21532,21535,21537,21539,21668,21669,21670,21671,21544,21545,21553,21555,21567,21569,21614,21615,21616,21617,21626,21627
REWARDS: 21523:0,21524:0,21529:0,21530:0,21531:0,21532:0,21535:0,21537:0,21539:0,21668:0,21669:0,21670:0,21671:0,21544:0,21545:1,21553:0,21555:0,21567:0,21569:0,21614:0,21615:0,21616:0,21617:0,21626:0,21627:0
GAMMA: 21523:0,21524:0,21529:0,21530:0,21531:0,21532:0,21535:0,21537:0,21539:0,21668:0,21669:0,21670:0,21671:0,21544:0,21545:0,21553:0,21555:0,21567:0,21569:0,21614:0,21615:0,21616:0,21617:0,21626:0,21627:0
BEGINACTIONS
SX
RZPI
RZ3PI
RZPIHalf
S
X
ENDACTIONS
21523 INIT_ 21524 1.000000
21524 SX 21529 0.999690
21524 SX 21530 0.000103
21524 SX 21531 0.000103
21524 SX 21532 0.000103
21524 RZPI 21524 1.000000
21524 RZ3PI 21535 1.000000
21524 RZPIHalf 21537 1.000000
21524 S 21539 1.000000
21524 X 21544 0.999690
21524 X 21524 0.000103
21524 X 21535 0.000103
21524 X 21545 0.000103
21529 SX 21544 0.999690
21529 SX 21524 0.000103
21529 SX 21535 0.000103
21529 SX 21545 0.000103
21529 RZPI 21529 1.000000
21529 RZ3PI 21532 1.000000
21529 RZPIHalf 21553 1.000000
21529 S 21555 1.000000
21529 X 21530 0.999690
21529 X 21529 0.000103
21529 X 21532 0.000103
21529 X 21531 0.000103
21530 SX 21524 0.999690
21530 SX 21544 0.000103
21530 SX 21545 0.000103
21530 SX 21535 0.000103
21530 RZPI 21530 1.000000
21530 RZ3PI 21531 1.000000
21530 RZPIHalf 21567 1.000000
21530 S 21569 1.000000
21530 X 21529 0.999690
21530 X 21530 0.000103
21530 X 21531 0.000103
21530 X 21532 0.000103
21531 SX 21545 0.999690
21531 SX 21535 0.000103
21531 SX 21524 0.000103
21531 SX 21544 0.000103
21531 RZPI 21531 1.000000
21531 RZ3PI 21530 1.000000
21531 RZPIHalf 21569 1.000000
21531 S 21567 1.000000
21531 X 21532 0.999690
21531 X 21531 0.000103
21531 X 21530 0.000103
21531 X 21529 0.000103
21532 SX 21535 0.999690
21532 SX 21545 0.000103
21532 SX 21544 0.000103
21532 SX 21524 0.000103
21532 RZPI 21532 1.000000
21532 RZ3PI 21529 1.000000
21532 RZPIHalf 21555 1.000000
21532 S 21553 1.000000
21532 X 21531 0.999690
21532 X 21532 0.000103
21532 X 21529 0.000103
21532 X 21530 0.000103
21535 SX 21531 0.999690
21535 SX 21532 0.000103
21535 SX 21529 0.000103
21535 SX 21530 0.000103
21535 RZPI 21535 1.000000
21535 RZ3PI 21524 1.000000
21535 RZPIHalf 21539 1.000000
21535 S 21537 1.000000
21535 X 21545 0.999690
21535 X 21535 0.000103
21535 X 21524 0.000103
21535 X 21544 0.000103
21537 SX 21614 0.999690
21537 SX 21615 0.000103
21537 SX 21616 0.000103
21537 SX 21617 0.000103
21537 RZPI 21537 1.000000
21537 RZ3PI 21539 1.000000
21537 RZPIHalf 21535 1.000000
21537 S 21524 1.000000
21537 X 21626 0.999690
21537 X 21537 0.000103
21537 X 21539 0.000103
21537 X 21627 0.000103
21539 SX 21616 0.999690
21539 SX 21617 0.000103
21539 SX 21614 0.000103
21539 SX 21615 0.000103
21539 RZPI 21539 1.000000
21539 RZ3PI 21537 1.000000
21539 RZPIHalf 21524 1.000000
21539 S 21535 1.000000
21539 X 21627 0.999690
21539 X 21539 0.000103
21539 X 21537 0.000103
21539 X 21626 0.000103
21544 SX 21530 0.999690
21544 SX 21529 0.000103
21544 SX 21532 0.000103
21544 SX 21531 0.000103
21544 RZPI 21544 1.000000
21544 RZ3PI 21545 1.000000
21544 RZPIHalf 21627 1.000000
21544 S 21626 1.000000
21544 X 21524 0.999690
21544 X 21544 0.000103
21544 X 21545 0.000103
21544 X 21535 0.000103
21545 SX 21532 0.999690
21545 SX 21531 0.000103
21545 SX 21530 0.000103
21545 SX 21529 0.000103
21545 RZPI 21545 1.000000
21545 RZ3PI 21544 1.000000
21545 RZPIHalf 21626 1.000000
21545 S 21627 1.000000
21545 X 21535 0.999690
21545 X 21545 0.000103
21545 X 21544 0.000103
21545 X 21524 0.000103
21553 SX 21668 0.999690
21553 SX 21669 0.000103
21553 SX 21670 0.000103
21553 SX 21671 0.000103
21553 RZPI 21553 1.000000
21553 RZ3PI 21555 1.000000
21553 RZPIHalf 21532 1.000000
21553 S 21529 1.000000
21553 X 21569 0.999690
21553 X 21553 0.000103
21553 X 21555 0.000103
21553 X 21567 0.000103
21555 SX 21670 0.999690
21555 SX 21671 0.000103
21555 SX 21668 0.000103
21555 SX 21669 0.000103
21555 RZPI 21555 1.000000
21555 RZ3PI 21553 1.000000
21555 RZPIHalf 21529 1.000000
21555 S 21532 1.000000
21555 X 21567 0.999690
21555 X 21555 0.000103
21555 X 21553 0.000103
21555 X 21569 0.000103
21567 SX 21671 0.999690
21567 SX 21670 0.000103
21567 SX 21669 0.000103
21567 SX 21668 0.000103
21567 RZPI 21567 1.000000
21567 RZ3PI 21569 1.000000
21567 RZPIHalf 21531 1.000000
21567 S 21530 1.000000
21567 X 21555 0.999690
21567 X 21567 0.000103
21567 X 21569 0.000103
21567 X 21553 0.000103
21569 SX 21669 0.999690
21569 SX 21668 0.000103
21569 SX 21671 0.000103
21569 SX 21670 0.000103
21569 RZPI 21569 1.000000
21569 RZ3PI 21567 1.000000
21569 RZPIHalf 21530 1.000000
21569 S 21531 1.000000
21569 X 21553 0.999690
21569 X 21569 0.000103
21569 X 21567 0.000103
21569 X 21555 0.000103
21614 SX 21626 0.999690
21614 SX 21537 0.000103
21614 SX 21539 0.000103
21614 SX 21627 0.000103
21614 RZPI 21614 1.000000
21614 RZ3PI 21617 1.000000
21614 RZPIHalf 21668 1.000000
21614 S 21671 1.000000
21614 X 21615 0.999690
21614 X 21614 0.000103
21614 X 21617 0.000103
21614 X 21616 0.000103
21615 SX 21537 0.999690
21615 SX 21626 0.000103
21615 SX 21627 0.000103
21615 SX 21539 0.000103
21615 RZPI 21615 1.000000
21615 RZ3PI 21616 1.000000
21615 RZPIHalf 21670 1.000000
21615 S 21669 1.000000
21615 X 21614 0.999690
21615 X 21615 0.000103
21615 X 21616 0.000103
21615 X 21617 0.000103
21616 SX 21627 0.999690
21616 SX 21539 0.000103
21616 SX 21537 0.000103
21616 SX 21626 0.000103
21616 RZPI 21616 1.000000
21616 RZ3PI 21615 1.000000
21616 RZPIHalf 21669 1.000000
21616 S 21670 1.000000
21616 X 21617 0.999690
21616 X 21616 0.000103
21616 X 21615 0.000103
21616 X 21614 0.000103
21617 SX 21539 0.999690
21617 SX 21627 0.000103
21617 SX 21626 0.000103
21617 SX 21537 0.000103
21617 RZPI 21617 1.000000
21617 RZ3PI 21614 1.000000
21617 RZPIHalf 21671 1.000000
21617 S 21668 1.000000
21617 X 21616 0.999690
21617 X 21617 0.000103
21617 X 21614 0.000103
21617 X 21615 0.000103
21626 SX 21615 0.999690
21626 SX 21614 0.000103
21626 SX 21617 0.000103
21626 SX 21616 0.000103
21626 RZPI 21626 1.000000
21626 RZ3PI 21627 1.000000
21626 RZPIHalf 21544 1.000000
21626 S 21545 1.000000
21626 X 21537 0.999690
21626 X 21626 0.000103
21626 X 21627 0.000103
21626 X 21539 0.000103
21627 SX 21617 0.999690
21627 SX 21616 0.000103
21627 SX 21615 0.000103
21627 SX 21614 0.000103
21627 RZPI 21627 1.000000
21627 RZ3PI 21626 1.000000
21627 RZPIHalf 21545 1.000000
21627 S 21544 1.000000
21627 X 21539 0.999690
21627 X 21627 0.000103
21627 X 21626 0.000103
21627 X 21537 0.000103
21668 SX 21569 0.999690
21668 SX 21553 0.000103
21668 SX 21555 0.000103
21668 SX 21567 0.000103
21668 RZPI 21668 1.000000
21668 RZ3PI 21671 1.000000
21668 RZPIHalf 21617 1.000000
21668 S 21614 1.000000
21668 X 21669 0.999690
21668 X 21668 0.000103
21668 X 21671 0.000103
21668 X 21670 0.000103
21669 SX 21553 0.999690
21669 SX 21569 0.000103
21669 SX 21567 0.000103
21669 SX 21555 0.000103
21669 RZPI 21669 1.000000
21669 RZ3PI 21670 1.000000
21669 RZPIHalf 21615 1.000000
21669 S 21616 1.000000
21669 X 21668 0.999690
21669 X 21669 0.000103
21669 X 21670 0.000103
21669 X 21671 0.000103
21670 SX 21567 0.999690
21670 SX 21555 0.000103
21670 SX 21553 0.000103
21670 SX 21569 0.000103
21670 RZPI 21670 1.000000
21670 RZ3PI 21669 1.000000
21670 RZPIHalf 21616 1.000000
21670 S 21615 1.000000
21670 X 21671 0.999690
21670 X 21670 0.000103
21670 X 21669 0.000103
21670 X 21668 0.000103
21671 SX 21555 0.999690
21671 SX 21567 0.000103
21671 SX 21569 0.000103
21671 SX 21553 0.000103
21671 RZPI 21671 1.000000
21671 RZ3PI 21668 1.000000
21671 RZPIHalf 21614 1.000000
21671 S 21617 1.000000
21671 X 21670 0.999690
21671 X 21671 0.000103
21671 X 21668 0.000103
21671 X 21669 0.000103
ENDPOMDP
