BEGINPOMDP
INITIALSTATE: 17479
STATES: 17570,17571,17572,17573,17582,17583,17479,17480,17485,17486,17487,17488,17491,17493,17495,17624,17625,17626,17627,17500,17501,17509,17511,17523,17525
REWARDS: 17570:0,17571:0,17572:0,17573:0,17582:0,17583:0,17479:0,17480:0,17485:0,17486:0,17487:0,17488:0,17491:0,17493:0,17495:0,17624:0,17625:0,17626:0,17627:0,17500:0,17501:1,17509:0,17511:0,17523:0,17525:0
GAMMA: 17570:0,17571:0,17572:0,17573:0,17582:0,17583:0,17479:0,17480:0,17485:0,17486:0,17487:0,17488:0,17491:0,17493:0,17495:0,17624:0,17625:0,17626:0,17627:0,17500:0,17501:0,17509:0,17511:0,17523:0,17525:0
BEGINACTIONS
SX
RZPI
RZ3PI
RZPIHalf
S
X
ENDACTIONS
17479 INIT_ 17480 1.000000
17480 SX 17485 0.999712
17480 SX 17486 0.000096
17480 SX 17487 0.000096
17480 SX 17488 0.000096
17480 RZPI 17480 1.000000
17480 RZ3PI 17491 1.000000
17480 RZPIHalf 17493 1.000000
17480 S 17495 1.000000
17480 X 17500 0.999712
17480 X 17480 0.000096
17480 X 17491 0.000096
17480 X 17501 0.000096
17485 SX 17500 0.999712
17485 SX 17480 0.000096
17485 SX 17491 0.000096
17485 SX 17501 0.000096
17485 RZPI 17485 1.000000
17485 RZ3PI 17488 1.000000
17485 RZPIHalf 17509 1.000000
17485 S 17511 1.000000
17485 X 17486 0.999712
17485 X 17485 0.000096
17485 X 17488 0.000096
17485 X 17487 0.000096
17486 SX 17480 0.999712
17486 SX 17500 0.000096
17486 SX 17501 0.000096
17486 SX 17491 0.000096
17486 RZPI 17486 1.000000
17486 RZ3PI 17487 1.000000
17486 RZPIHalf 17523 1.000000
17486 S 17525 1.000000
17486 X 17485 0.999712
17486 X 17486 0.000096
17486 X 17487 0.000096
17486 X 17488 0.000096
17487 SX 17501 0.999712
17487 SX 17491 0.000096
17487 SX 17480 0.000096
17487 SX 17500 0.000096
17487 RZPI 17487 1.000000
17487 RZ3PI 17486 1.000000
17487 RZPIHalf 17525 1.000000
17487 S 17523 1.000000
17487 X 17488 0.999712
17487 X 17487 0.000096
17487 X 17486 0.000096
17487 X 17485 0.000096
17488 SX 17491 0.999712
17488 SX 17501 0.000096
17488 SX 17500 0.000096
17488 SX 17480 0.000096
17488 RZPI 17488 1.000000
17488 RZ3PI 17485 1.000000
17488 RZPIHalf 17511 1.000000
17488 S 17509 1.000000
17488 X 17487 0.999712
17488 X 17488 0.000096
17488 X 17485 0.000096
17488 X 17486 0.000096
17491 SX 17487 0.999712
17491 SX 17488 0.000096
17491 SX 17485 0.000096
17491 SX 17486 0.000096
17491 RZPI 17491 1.000000
17491 RZ3PI 17480 1.000000
17491 RZPIHalf 17495 1.000000
17491 S 17493 1.000000
17491 X 17501 0.999712
17491 X 17491 0.000096
17491 X 17480 0.000096
17491 X 17500 0.000096
17493 SX 17570 0.999712
17493 SX 17571 0.000096
17493 SX 17572 0.000096
17493 SX 17573 0.000096
17493 RZPI 17493 1.000000
17493 RZ3PI 17495 1.000000
17493 RZPIHalf 17491 1.000000
17493 S 17480 1.000000
17493 X 17582 0.999712
17493 X 17493 0.000096
17493 X 17495 0.000096
17493 X 17583 0.000096
17495 SX 17572 0.999712
17495 SX 17573 0.000096
17495 SX 17570 0.000096
17495 SX 17571 0.000096
17495 RZPI 17495 1.000000
17495 RZ3PI 17493 1.000000
17495 RZPIHalf 17480 1.000000
17495 S 17491 1.000000
17495 X 17583 0.999712
17495 X 17495 0.000096
17495 X 17493 0.000096
17495 X 17582 0.000096
17500 SX 17486 0.999712
17500 SX 17485 0.000096
17500 SX 17488 0.000096
17500 SX 17487 0.000096
17500 RZPI 17500 1.000000
17500 RZ3PI 17501 1.000000
17500 RZPIHalf 17583 1.000000
17500 S 17582 1.000000
17500 X 17480 0.999712
17500 X 17500 0.000096
17500 X 17501 0.000096
17500 X 17491 0.000096
17501 SX 17488 0.999712
17501 SX 17487 0.000096
17501 SX 17486 0.000096
17501 SX 17485 0.000096
17501 RZPI 17501 1.000000
17501 RZ3PI 17500 1.000000
17501 RZPIHalf 17582 1.000000
17501 S 17583 1.000000
17501 X 17491 0.999712
17501 X 17501 0.000096
17501 X 17500 0.000096
17501 X 17480 0.000096
17509 SX 17624 0.999712
17509 SX 17625 0.000096
17509 SX 17626 0.000096
17509 SX 17627 0.000096
17509 RZPI 17509 1.000000
17509 RZ3PI 17511 1.000000
17509 RZPIHalf 17488 1.000000
17509 S 17485 1.000000
17509 X 17525 0.999712
17509 X 17509 0.000096
17509 X 17511 0.000096
17509 X 17523 0.000096
17511 SX 17626 0.999712
17511 SX 17627 0.000096
17511 SX 17624 0.000096
17511 SX 17625 0.000096
17511 RZPI 17511 1.000000
17511 RZ3PI 17509 1.000000
17511 RZPIHalf 17485 1.000000
17511 S 17488 1.000000
17511 X 17523 0.999712
17511 X 17511 0.000096
17511 X 17509 0.000096
17511 X 17525 0.000096
17523 SX 17627 0.999712
17523 SX 17626 0.000096
17523 SX 17625 0.000096
17523 SX 17624 0.000096
17523 RZPI 17523 1.000000
17523 RZ3PI 17525 1.000000
17523 RZPIHalf 17487 1.000000
17523 S 17486 1.000000
17523 X 17511 0.999712
17523 X 17523 0.000096
17523 X 17525 0.000096
17523 X 17509 0.000096
17525 SX 17625 0.999712
17525 SX 17624 0.000096
17525 SX 17627 0.000096
17525 SX 17626 0.000096
17525 RZPI 17525 1.000000
17525 RZ3PI 17523 1.000000
17525 RZPIHalf 17486 1.000000
17525 S 17487 1.000000
17525 X 17509 0.999712
17525 X 17525 0.000096
17525 X 17523 0.000096
17525 X 17511 0.000096
17570 SX 17582 0.999712
17570 SX 17493 0.000096
17570 SX 17495 0.000096
17570 SX 17583 0.000096
17570 RZPI 17570 1.000000
17570 RZ3PI 17573 1.000000
17570 RZPIHalf 17624 1.000000
17570 S 17627 1.000000
17570 X 17571 0.999712
17570 X 17570 0.000096
17570 X 17573 0.000096
17570 X 17572 0.000096
17571 SX 17493 0.999712
17571 SX 17582 0.000096
17571 SX 17583 0.000096
17571 SX 17495 0.000096
17571 RZPI 17571 1.000000
17571 RZ3PI 17572 1.000000
17571 RZPIHalf 17626 1.000000
17571 S 17625 1.000000
17571 X 17570 0.999712
17571 X 17571 0.000096
17571 X 17572 0.000096
17571 X 17573 0.000096
17572 SX 17583 0.999712
17572 SX 17495 0.000096
17572 SX 17493 0.000096
17572 SX 17582 0.000096
17572 RZPI 17572 1.000000
17572 RZ3PI 17571 1.000000
17572 RZPIHalf 17625 1.000000
17572 S 17626 1.000000
17572 X 17573 0.999712
17572 X 17572 0.000096
17572 X 17571 0.000096
17572 X 17570 0.000096
17573 SX 17495 0.999712
17573 SX 17583 0.000096
17573 SX 17582 0.000096
17573 SX 17493 0.000096
17573 RZPI 17573 1.000000
17573 RZ3PI 17570 1.000000
17573 RZPIHalf 17627 1.000000
17573 S 17624 1.000000
17573 X 17572 0.999712
17573 X 17573 0.000096
17573 X 17570 0.000096
17573 X 17571 0.000096
17582 SX 17571 0.999712
17582 SX 17570 0.000096
17582 SX 17573 0.000096
17582 SX 17572 0.000096
17582 RZPI 17582 1.000000
17582 RZ3PI 17583 1.000000
17582 RZPIHalf 17500 1.000000
17582 S 17501 1.000000
17582 X 17493 0.999712
17582 X 17582 0.000096
17582 X 17583 0.000096
17582 X 17495 0.000096
17583 SX 17573 0.999712
17583 SX 17572 0.000096
17583 SX 17571 0.000096
17583 SX 17570 0.000096
17583 RZPI 17583 1.000000
17583 RZ3PI 17582 1.000000
17583 RZPIHalf 17501 1.000000
17583 S 17500 1.000000
17583 X 17495 0.999712
17583 X 17583 0.000096
17583 X 17582 0.000096
17583 X 17493 0.000096
17624 SX 17525 0.999712
17624 SX 17509 0.000096
17624 SX 17511 0.000096
17624 SX 17523 0.000096
17624 RZPI 17624 1.000000
17624 RZ3PI 17627 1.000000
17624 RZPIHalf 17573 1.000000
17624 S 17570 1.000000
17624 X 17625 0.999712
17624 X 17624 0.000096
17624 X 17627 0.000096
17624 X 17626 0.000096
17625 SX 17509 0.999712
17625 SX 17525 0.000096
17625 SX 17523 0.000096
17625 SX 17511 0.000096
17625 RZPI 17625 1.000000
17625 RZ3PI 17626 1.000000
17625 RZPIHalf 17571 1.000000
17625 S 17572 1.000000
17625 X 17624 0.999712
17625 X 17625 0.000096
17625 X 17626 0.000096
17625 X 17627 0.000096
17626 SX 17523 0.999712
17626 SX 17511 0.000096
17626 SX 17509 0.000096
17626 SX 17525 0.000096
17626 RZPI 17626 1.000000
17626 RZ3PI 17625 1.000000
17626 RZPIHalf 17572 1.000000
17626 S 17571 1.000000
17626 X 17627 0.999712
17626 X 17626 0.000096
17626 X 17625 0.000096
17626 X 17624 0.000096
17627 SX 17511 0.999712
17627 SX 17523 0.000096
17627 SX 17525 0.000096
17627 SX 17509 0.000096
17627 RZPI 17627 1.000000
17627 RZ3PI 17624 1.000000
17627 RZPIHalf 17570 1.000000
17627 S 17573 1.000000
17627 X 17626 0.999712
17627 X 17627 0.000096
17627 X 17624 0.000096
17627 X 17625 0.000096
ENDPOMDP
