BEGINPOMDP
INITIALSTATE: 18562
STATES: 18562,18563,18694,18568,18569,18570,18575,18576,18577,18578,18580,18713,18599,18731,18732,18733,18734,18618,18637,18656,18675,18807,18808,18809,18810
REWARDS: 18562:0,18563:0,18694:0,18568:1,18569:0,18570:0,18575:0,18576:0,18577:0,18578:0,18580:0,18713:0,18599:0,18731:0,18732:0,18733:0,18734:0,18618:0,18637:0,18656:0,18675:0,18807:0,18808:0,18809:0,18810:0
GAMMA: 18562:0,18563:0,18694:0,18568:0,18569:0,18570:0,18575:0,18576:0,18577:0,18578:0,18580:0,18713:0,18599:0,18731:0,18732:0,18733:0,18734:0,18618:0,18637:0,18656:0,18675:0,18807:0,18808:0,18809:0,18810:0
BEGINACTIONS
U3
H
S
Z
X
RY
ENDACTIONS
18562 INIT_ 18563 1.000000
18563 U3 18568 0.998266
18563 U3 18569 0.000578
18563 U3 18563 0.000578
18563 U3 18570 0.000578
18563 H 18575 0.999133
18563 H 18576 0.000289
18563 H 18577 0.000289
18563 H 18578 0.000289
18563 S 18580 1.000000
18563 Z 18569 1.000000
18563 X 18570 0.998266
18563 X 18563 0.000578
18563 X 18569 0.000578
18563 X 18568 0.000578
18563 RY 18568 0.998266
18563 RY 18569 0.000578
18563 RY 18563 0.000578
18563 RY 18570 0.000578
18568 U3 18563 0.998266
18568 U3 18570 0.000578
18568 U3 18568 0.000578
18568 U3 18569 0.000578
18568 H 18577 0.999133
18568 H 18578 0.000289
18568 H 18575 0.000289
18568 H 18576 0.000289
18568 S 18599 1.000000
18568 Z 18570 1.000000
18568 X 18569 0.998266
18568 X 18568 0.000578
18568 X 18570 0.000578
18568 X 18563 0.000578
18568 RY 18563 0.998266
18568 RY 18570 0.000578
18568 RY 18568 0.000578
18568 RY 18569 0.000578
18569 U3 18570 0.998266
18569 U3 18563 0.000578
18569 U3 18569 0.000578
18569 U3 18568 0.000578
18569 H 18576 0.999133
18569 H 18575 0.000289
18569 H 18578 0.000289
18569 H 18577 0.000289
18569 S 18618 1.000000
18569 Z 18563 1.000000
18569 X 18568 0.998266
18569 X 18569 0.000578
18569 X 18563 0.000578
18569 X 18570 0.000578
18569 RY 18570 0.998266
18569 RY 18563 0.000578
18569 RY 18569 0.000578
18569 RY 18568 0.000578
18570 U3 18569 0.998266
18570 U3 18568 0.000578
18570 U3 18570 0.000578
18570 U3 18563 0.000578
18570 H 18578 0.999133
18570 H 18577 0.000289
18570 H 18576 0.000289
18570 H 18575 0.000289
18570 S 18637 1.000000
18570 Z 18568 1.000000
18570 X 18563 0.998266
18570 X 18570 0.000578
18570 X 18568 0.000578
18570 X 18569 0.000578
18570 RY 18569 0.998266
18570 RY 18568 0.000578
18570 RY 18570 0.000578
18570 RY 18563 0.000578
18575 U3 18577 0.998266
18575 U3 18578 0.000578
18575 U3 18575 0.000578
18575 U3 18576 0.000578
18575 H 18563 0.999133
18575 H 18570 0.000289
18575 H 18568 0.000289
18575 H 18569 0.000289
18575 S 18656 1.000000
18575 Z 18578 1.000000
18575 X 18576 0.998266
18575 X 18575 0.000578
18575 X 18578 0.000578
18575 X 18577 0.000578
18575 RY 18577 0.998266
18575 RY 18578 0.000578
18575 RY 18575 0.000578
18575 RY 18576 0.000578
18576 U3 18578 0.998266
18576 U3 18577 0.000578
18576 U3 18576 0.000578
18576 U3 18575 0.000578
18576 H 18569 0.999133
18576 H 18568 0.000289
18576 H 18570 0.000289
18576 H 18563 0.000289
18576 S 18675 1.000000
18576 Z 18577 1.000000
18576 X 18575 0.998266
18576 X 18576 0.000578
18576 X 18577 0.000578
18576 X 18578 0.000578
18576 RY 18578 0.998266
18576 RY 18577 0.000578
18576 RY 18576 0.000578
18576 RY 18575 0.000578
18577 U3 18575 0.998266
18577 U3 18576 0.000578
18577 U3 18577 0.000578
18577 U3 18578 0.000578
18577 H 18568 0.999133
18577 H 18569 0.000289
18577 H 18563 0.000289
18577 H 18570 0.000289
18577 S 18694 1.000000
18577 Z 18576 1.000000
18577 X 18578 0.998266
18577 X 18577 0.000578
18577 X 18576 0.000578
18577 X 18575 0.000578
18577 RY 18575 0.998266
18577 RY 18576 0.000578
18577 RY 18577 0.000578
18577 RY 18578 0.000578
18578 U3 18576 0.998266
18578 U3 18575 0.000578
18578 U3 18578 0.000578
18578 U3 18577 0.000578
18578 H 18570 0.999133
18578 H 18563 0.000289
18578 H 18569 0.000289
18578 H 18568 0.000289
18578 S 18713 1.000000
18578 Z 18575 1.000000
18578 X 18577 0.998266
18578 X 18578 0.000578
18578 X 18575 0.000578
18578 X 18576 0.000578
18578 RY 18576 0.998266
18578 RY 18575 0.000578
18578 RY 18578 0.000578
18578 RY 18577 0.000578
18580 U3 18637 0.998266
18580 U3 18618 0.000578
18580 U3 18580 0.000578
18580 U3 18599 0.000578
18580 H 18731 0.999133
18580 H 18732 0.000289
18580 H 18733 0.000289
18580 H 18734 0.000289
18580 S 18569 1.000000
18580 Z 18618 1.000000
18580 X 18599 0.998266
18580 X 18580 0.000578
18580 X 18618 0.000578
18580 X 18637 0.000578
18580 RY 18637 0.998266
18580 RY 18618 0.000578
18580 RY 18580 0.000578
18580 RY 18599 0.000578
18599 U3 18618 0.998266
18599 U3 18637 0.000578
18599 U3 18599 0.000578
18599 U3 18580 0.000578
18599 H 18734 0.999133
18599 H 18733 0.000289
18599 H 18732 0.000289
18599 H 18731 0.000289
18599 S 18570 1.000000
18599 Z 18637 1.000000
18599 X 18580 0.998266
18599 X 18599 0.000578
18599 X 18637 0.000578
18599 X 18618 0.000578
18599 RY 18618 0.998266
18599 RY 18637 0.000578
18599 RY 18599 0.000578
18599 RY 18580 0.000578
18618 U3 18599 0.998266
18618 U3 18580 0.000578
18618 U3 18618 0.000578
18618 U3 18637 0.000578
18618 H 18732 0.999133
18618 H 18731 0.000289
18618 H 18734 0.000289
18618 H 18733 0.000289
18618 S 18563 1.000000
18618 Z 18580 1.000000
18618 X 18637 0.998266
18618 X 18618 0.000578
18618 X 18580 0.000578
18618 X 18599 0.000578
18618 RY 18599 0.998266
18618 RY 18580 0.000578
18618 RY 18618 0.000578
18618 RY 18637 0.000578
18637 U3 18580 0.998266
18637 U3 18599 0.000578
18637 U3 18637 0.000578
18637 U3 18618 0.000578
18637 H 18733 0.999133
18637 H 18734 0.000289
18637 H 18731 0.000289
18637 H 18732 0.000289
18637 S 18568 1.000000
18637 Z 18599 1.000000
18637 X 18618 0.998266
18637 X 18637 0.000578
18637 X 18599 0.000578
18637 X 18580 0.000578
18637 RY 18580 0.998266
18637 RY 18599 0.000578
18637 RY 18637 0.000578
18637 RY 18618 0.000578
18656 U3 18675 0.998266
18656 U3 18713 0.000578
18656 U3 18656 0.000578
18656 U3 18694 0.000578
18656 H 18807 0.999133
18656 H 18808 0.000289
18656 H 18809 0.000289
18656 H 18810 0.000289
18656 S 18578 1.000000
18656 Z 18713 1.000000
18656 X 18694 0.998266
18656 X 18656 0.000578
18656 X 18713 0.000578
18656 X 18675 0.000578
18656 RY 18675 0.998266
18656 RY 18713 0.000578
18656 RY 18656 0.000578
18656 RY 18694 0.000578
18675 U3 18656 0.998266
18675 U3 18694 0.000578
18675 U3 18675 0.000578
18675 U3 18713 0.000578
18675 H 18809 0.999133
18675 H 18810 0.000289
18675 H 18807 0.000289
18675 H 18808 0.000289
18675 S 18577 1.000000
18675 Z 18694 1.000000
18675 X 18713 0.998266
18675 X 18675 0.000578
18675 X 18694 0.000578
18675 X 18656 0.000578
18675 RY 18656 0.998266
18675 RY 18694 0.000578
18675 RY 18675 0.000578
18675 RY 18713 0.000578
18694 U3 18713 0.998266
18694 U3 18675 0.000578
18694 U3 18694 0.000578
18694 U3 18656 0.000578
18694 H 18810 0.999133
18694 H 18809 0.000289
18694 H 18808 0.000289
18694 H 18807 0.000289
18694 S 18576 1.000000
18694 Z 18675 1.000000
18694 X 18656 0.998266
18694 X 18694 0.000578
18694 X 18675 0.000578
18694 X 18713 0.000578
18694 RY 18713 0.998266
18694 RY 18675 0.000578
18694 RY 18694 0.000578
18694 RY 18656 0.000578
18713 U3 18694 0.998266
18713 U3 18656 0.000578
18713 U3 18713 0.000578
18713 U3 18675 0.000578
18713 H 18808 0.999133
18713 H 18807 0.000289
18713 H 18810 0.000289
18713 H 18809 0.000289
18713 S 18575 1.000000
18713 Z 18656 1.000000
18713 X 18675 0.998266
18713 X 18713 0.000578
18713 X 18656 0.000578
18713 X 18694 0.000578
18713 RY 18694 0.998266
18713 RY 18656 0.000578
18713 RY 18713 0.000578
18713 RY 18675 0.000578
18731 U3 18733 0.998266
18731 U3 18734 0.000578
18731 U3 18731 0.000578
18731 U3 18732 0.000578
18731 H 18580 0.999133
18731 H 18599 0.000289
18731 H 18637 0.000289
18731 H 18618 0.000289
18731 S 18808 1.000000
18731 Z 18734 1.000000
18731 X 18732 0.998266
18731 X 18731 0.000578
18731 X 18734 0.000578
18731 X 18733 0.000578
18731 RY 18733 0.998266
18731 RY 18734 0.000578
18731 RY 18731 0.000578
18731 RY 18732 0.000578
18732 U3 18734 0.998266
18732 U3 18733 0.000578
18732 U3 18732 0.000578
18732 U3 18731 0.000578
18732 H 18618 0.999133
18732 H 18637 0.000289
18732 H 18599 0.000289
18732 H 18580 0.000289
18732 S 18810 1.000000
18732 Z 18733 1.000000
18732 X 18731 0.998266
18732 X 18732 0.000578
18732 X 18733 0.000578
18732 X 18734 0.000578
18732 RY 18734 0.998266
18732 RY 18733 0.000578
18732 RY 18732 0.000578
18732 RY 18731 0.000578
18733 U3 18731 0.998266
18733 U3 18732 0.000578
18733 U3 18733 0.000578
18733 U3 18734 0.000578
18733 H 18637 0.999133
18733 H 18618 0.000289
18733 H 18580 0.000289
18733 H 18599 0.000289
18733 S 18807 1.000000
18733 Z 18732 1.000000
18733 X 18734 0.998266
18733 X 18733 0.000578
18733 X 18732 0.000578
18733 X 18731 0.000578
18733 RY 18731 0.998266
18733 RY 18732 0.000578
18733 RY 18733 0.000578
18733 RY 18734 0.000578
18734 U3 18732 0.998266
18734 U3 18731 0.000578
18734 U3 18734 0.000578
18734 U3 18733 0.000578
18734 H 18599 0.999133
18734 H 18580 0.000289
18734 H 18618 0.000289
18734 H 18637 0.000289
18734 S 18809 1.000000
18734 Z 18731 1.000000
18734 X 18733 0.998266
18734 X 18734 0.000578
18734 X 18731 0.000578
18734 X 18732 0.000578
18734 RY 18732 0.998266
18734 RY 18731 0.000578
18734 RY 18734 0.000578
18734 RY 18733 0.000578
18807 U3 18809 0.998266
18807 U3 18810 0.000578
18807 U3 18807 0.000578
18807 U3 18808 0.000578
18807 H 18656 0.999133
18807 H 18694 0.000289
18807 H 18675 0.000289
18807 H 18713 0.000289
18807 S 18732 1.000000
18807 Z 18810 1.000000
18807 X 18808 0.998266
18807 X 18807 0.000578
18807 X 18810 0.000578
18807 X 18809 0.000578
18807 RY 18809 0.998266
18807 RY 18810 0.000578
18807 RY 18807 0.000578
18807 RY 18808 0.000578
18808 U3 18810 0.998266
18808 U3 18809 0.000578
18808 U3 18808 0.000578
18808 U3 18807 0.000578
18808 H 18713 0.999133
18808 H 18675 0.000289
18808 H 18694 0.000289
18808 H 18656 0.000289
18808 S 18734 1.000000
18808 Z 18809 1.000000
18808 X 18807 0.998266
18808 X 18808 0.000578
18808 X 18809 0.000578
18808 X 18810 0.000578
18808 RY 18810 0.998266
18808 RY 18809 0.000578
18808 RY 18808 0.000578
18808 RY 18807 0.000578
18809 U3 18807 0.998266
18809 U3 18808 0.000578
18809 U3 18809 0.000578
18809 U3 18810 0.000578
18809 H 18675 0.999133
18809 H 18713 0.000289
18809 H 18656 0.000289
18809 H 18694 0.000289
18809 S 18731 1.000000
18809 Z 18808 1.000000
18809 X 18810 0.998266
18809 X 18809 0.000578
18809 X 18808 0.000578
18809 X 18807 0.000578
18809 RY 18807 0.998266
18809 RY 18808 0.000578
18809 RY 18809 0.000578
18809 RY 18810 0.000578
18810 U3 18808 0.998266
18810 U3 18807 0.000578
18810 U3 18810 0.000578
18810 U3 18809 0.000578
18810 H 18694 0.999133
18810 H 18656 0.000289
18810 H 18713 0.000289
18810 H 18675 0.000289
18810 S 18733 1.000000
18810 Z 18807 1.000000
18810 X 18809 0.998266
18810 X 18810 0.000578
18810 X 18807 0.000578
18810 X 18808 0.000578
18810 RY 18808 0.998266
18810 RY 18807 0.000578
18810 RY 18810 0.000578
18810 RY 18809 0.000578
ENDPOMDP
