BEGINPOMDP
INITIALSTATE: 30475
STATES: 30475,30476,30481,30482,30483,30484,30487,30489,30491,30620,30621,30622,30623,30496,30497,30505,30507,30519,30521,30566,30567,30568,30569,30578,30579
REWARDS: 30475:0,30476:0,30481:0,30482:0,30483:0,30484:0,30487:0,30489:0,30491:0,30620:0,30621:0,30622:0,30623:0,30496:0,30497:1,30505:0,30507:0,30519:0,30521:0,30566:0,30567:0,30568:0,30569:0,30578:0,30579:0
GAMMA: 30475:0,30476:0,30481:0,30482:0,30483:0,30484:0,30487:0,30489:0,30491:0,30620:0,30621:0,30622:0,30623:0,30496:0,30497:0,30505:0,30507:0,30519:0,30521:0,30566:0,30567:0,30568:0,30569:0,30578:0,30579:0
BEGINACTIONS
SX
RZPI
RZ3PI
RZPIHalf
S
X
ENDACTIONS
30475 INIT_ 30476 1.000000
30476 SX 30481 0.999677
30476 SX 30482 0.000108
30476 SX 30483 0.000108
30476 SX 30484 0.000108
30476 RZPI 30476 1.000000
30476 RZ3PI 30487 1.000000
30476 RZPIHalf 30489 1.000000
30476 S 30491 1.000000
30476 X 30496 0.999677
30476 X 30476 0.000108
30476 X 30487 0.000108
30476 X 30497 0.000108
30481 SX 30496 0.999677
30481 SX 30476 0.000108
30481 SX 30487 0.000108
30481 SX 30497 0.000108
30481 RZPI 30481 1.000000
30481 RZ3PI 30484 1.000000
30481 RZPIHalf 30505 1.000000
30481 S 30507 1.000000
30481 X 30482 0.999677
30481 X 30481 0.000108
30481 X 30484 0.000108
30481 X 30483 0.000108
30482 SX 30476 0.999677
30482 SX 30496 0.000108
30482 SX 30497 0.000108
30482 SX 30487 0.000108
30482 RZPI 30482 1.000000
30482 RZ3PI 30483 1.000000
30482 RZPIHalf 30519 1.000000
30482 S 30521 1.000000
30482 X 30481 0.999677
30482 X 30482 0.000108
30482 X 30483 0.000108
30482 X 30484 0.000108
30483 SX 30497 0.999677
30483 SX 30487 0.000108
30483 SX 30476 0.000108
30483 SX 30496 0.000108
30483 RZPI 30483 1.000000
30483 RZ3PI 30482 1.000000
30483 RZPIHalf 30521 1.000000
30483 S 30519 1.000000
30483 X 30484 0.999677
30483 X 30483 0.000108
30483 X 30482 0.000108
30483 X 30481 0.000108
30484 SX 30487 0.999677
30484 SX 30497 0.000108
30484 SX 30496 0.000108
30484 SX 30476 0.000108
30484 RZPI 30484 1.000000
30484 RZ3PI 30481 1.000000
30484 RZPIHalf 30507 1.000000
30484 S 30505 1.000000
30484 X 30483 0.999677
30484 X 30484 0.000108
30484 X 30481 0.000108
30484 X 30482 0.000108
30487 SX 30483 0.999677
30487 SX 30484 0.000108
30487 SX 30481 0.000108
30487 SX 30482 0.000108
30487 RZPI 30487 1.000000
30487 RZ3PI 30476 1.000000
30487 RZPIHalf 30491 1.000000
30487 S 30489 1.000000
30487 X 30497 0.999677
30487 X 30487 0.000108
30487 X 30476 0.000108
30487 X 30496 0.000108
30489 SX 30566 0.999677
30489 SX 30567 0.000108
30489 SX 30568 0.000108
30489 SX 30569 0.000108
30489 RZPI 30489 1.000000
30489 RZ3PI 30491 1.000000
30489 RZPIHalf 30487 1.000000
30489 S 30476 1.000000
30489 X 30578 0.999677
30489 X 30489 0.000108
30489 X 30491 0.000108
30489 X 30579 0.000108
30491 SX 30568 0.999677
30491 SX 30569 0.000108
30491 SX 30566 0.000108
30491 SX 30567 0.000108
30491 RZPI 30491 1.000000
30491 RZ3PI 30489 1.000000
30491 RZPIHalf 30476 1.000000
30491 S 30487 1.000000
30491 X 30579 0.999677
30491 X 30491 0.000108
30491 X 30489 0.000108
30491 X 30578 0.000108
30496 SX 30482 0.999677
30496 SX 30481 0.000108
30496 SX 30484 0.000108
30496 SX 30483 0.000108
30496 RZPI 30496 1.000000
30496 RZ3PI 30497 1.000000
30496 RZPIHalf 30579 1.000000
30496 S 30578 1.000000
30496 X 30476 0.999677
30496 X 30496 0.000108
30496 X 30497 0.000108
30496 X 30487 0.000108
30497 SX 30484 0.999677
30497 SX 30483 0.000108
30497 SX 30482 0.000108
30497 SX 30481 0.000108
30497 RZPI 30497 1.000000
30497 RZ3PI 30496 1.000000
30497 RZPIHalf 30578 1.000000
30497 S 30579 1.000000
30497 X 30487 0.999677
30497 X 30497 0.000108
30497 X 30496 0.000108
30497 X 30476 0.000108
30505 SX 30620 0.999677
30505 SX 30621 0.000108
30505 SX 30622 0.000108
30505 SX 30623 0.000108
30505 RZPI 30505 1.000000
30505 RZ3PI 30507 1.000000
30505 RZPIHalf 30484 1.000000
30505 S 30481 1.000000
30505 X 30521 0.999677
30505 X 30505 0.000108
30505 X 30507 0.000108
30505 X 30519 0.000108
30507 SX 30622 0.999677
30507 SX 30623 0.000108
30507 SX 30620 0.000108
30507 SX 30621 0.000108
30507 RZPI 30507 1.000000
30507 RZ3PI 30505 1.000000
30507 RZPIHalf 30481 1.000000
30507 S 30484 1.000000
30507 X 30519 0.999677
30507 X 30507 0.000108
30507 X 30505 0.000108
30507 X 30521 0.000108
30519 SX 30623 0.999677
30519 SX 30622 0.000108
30519 SX 30621 0.000108
30519 SX 30620 0.000108
30519 RZPI 30519 1.000000
30519 RZ3PI 30521 1.000000
30519 RZPIHalf 30483 1.000000
30519 S 30482 1.000000
30519 X 30507 0.999677
30519 X 30519 0.000108
30519 X 30521 0.000108
30519 X 30505 0.000108
30521 SX 30621 0.999677
30521 SX 30620 0.000108
30521 SX 30623 0.000108
30521 SX 30622 0.000108
30521 RZPI 30521 1.000000
30521 RZ3PI 30519 1.000000
30521 RZPIHalf 30482 1.000000
30521 S 30483 1.000000
30521 X 30505 0.999677
30521 X 30521 0.000108
30521 X 30519 0.000108
30521 X 30507 0.000108
30566 SX 30578 0.999677
30566 SX 30489 0.000108
30566 SX 30491 0.000108
30566 SX 30579 0.000108
30566 RZPI 30566 1.000000
30566 RZ3PI 30569 1.000000
30566 RZPIHalf 30620 1.000000
30566 S 30623 1.000000
30566 X 30567 0.999677
30566 X 30566 0.000108
30566 X 30569 0.000108
30566 X 30568 0.000108
30567 SX 30489 0.999677
30567 SX 30578 0.000108
30567 SX 30579 0.000108
30567 SX 30491 0.000108
30567 RZPI 30567 1.000000
30567 RZ3PI 30568 1.000000
30567 RZPIHalf 30622 1.000000
30567 S 30621 1.000000
30567 X 30566 0.999677
30567 X 30567 0.000108
30567 X 30568 0.000108
30567 X 30569 0.000108
30568 SX 30579 0.999677
30568 SX 30491 0.000108
30568 SX 30489 0.000108
30568 SX 30578 0.000108
30568 RZPI 30568 1.000000
30568 RZ3PI 30567 1.000000
30568 RZPIHalf 30621 1.000000
30568 S 30622 1.000000
30568 X 30569 0.999677
30568 X 30568 0.000108
30568 X 30567 0.000108
30568 X 30566 0.000108
30569 SX 30491 0.999677
30569 SX 30579 0.000108
30569 SX 30578 0.000108
30569 SX 30489 0.000108
30569 RZPI 30569 1.000000
30569 RZ3PI 30566 1.000000
30569 RZPIHalf 30623 1.000000
30569 S 30620 1.000000
30569 X 30568 0.999677
30569 X 30569 0.000108
30569 X 30566 0.000108
30569 X 30567 0.000108
30578 SX 30567 0.999677
30578 SX 30566 0.000108
30578 SX 30569 0.000108
30578 SX 30568 0.000108
30578 RZPI 30578 1.000000
30578 RZ3PI 30579 1.000000
30578 RZPIHalf 30496 1.000000
30578 S 30497 1.000000
30578 X 30489 0.999677
30578 X 30578 0.000108
30578 X 30579 0.000108
30578 X 30491 0.000108
30579 SX 30569 0.999677
30579 SX 30568 0.000108
30579 SX 30567 0.000108
30579 SX 30566 0.000108
30579 RZPI 30579 1.000000
30579 RZ3PI 30578 1.000000
30579 RZPIHalf 30497 1.000000
30579 S 30496 1.000000
30579 X 30491 0.999677
30579 X 30579 0.000108
30579 X 30578 0.000108
30579 X 30489 0.000108
30620 SX 30521 0.999677
30620 SX 30505 0.000108
30620 SX 30507 0.000108
30620 SX 30519 0.000108
30620 RZPI 30620 1.000000
30620 RZ3PI 30623 1.000000
30620 RZPIHalf 30569 1.000000
30620 S 30566 1.000000
30620 X 30621 0.999677
30620 X 30620 0.000108
30620 X 30623 0.000108
30620 X 30622 0.000108
30621 SX 30505 0.999677
30621 SX 30521 0.000108
30621 SX 30519 0.000108
30621 SX 30507 0.000108
30621 RZPI 30621 1.000000
30621 RZ3PI 30622 1.000000
30621 RZPIHalf 30567 1.000000
30621 S 30568 1.000000
30621 X 30620 0.999677
30621 X 30621 0.000108
30621 X 30622 0.000108
30621 X 30623 0.000108
30622 SX 30519 0.999677
30622 SX 30507 0.000108
30622 SX 30505 0.000108
30622 SX 30521 0.000108
30622 RZPI 30622 1.000000
30622 RZ3PI 30621 1.000000
30622 RZPIHalf 30568 1.000000
30622 S 30567 1.000000
30622 X 30623 0.999677
30622 X 30622 0.000108
30622 X 30621 0.000108
30622 X 30620 0.000108
30623 SX 30507 0.999677
30623 SX 30519 0.000108
30623 SX 30521 0.000108
30623 SX 30505 0.000108
30623 RZPI 30623 1.000000
30623 RZ3PI 30620 1.000000
30623 RZPIHalf 30566 1.000000
30623 S 30569 1.000000
30623 X 30622 0.999677
30623 X 30623 0.000108
30623 X 30620 0.000108
30623 X 30621 0.000108
ENDPOMDP
