BEGINPOMDP
INITIALSTATE: 28284
STATES: 28290,28291,28292,28293,28296,28298,28300,28429,28430,28431,28432,28305,28306,28314,28316,28328,28330,28375,28376,28377,28378,28387,28388,28284,28285
REWARDS: 28290:0,28291:0,28292:0,28293:0,28296:0,28298:0,28300:0,28429:0,28430:0,28431:0,28432:0,28305:0,28306:1,28314:0,28316:0,28328:0,28330:0,28375:0,28376:0,28377:0,28378:0,28387:0,28388:0,28284:0,28285:0
GAMMA: 28290:0,28291:0,28292:0,28293:0,28296:0,28298:0,28300:0,28429:0,28430:0,28431:0,28432:0,28305:0,28306:0,28314:0,28316:0,28328:0,28330:0,28375:0,28376:0,28377:0,28378:0,28387:0,28388:0,28284:0,28285:0
BEGINACTIONS
SX
RZPI
RZ3PI
RZPIHalf
S
X
ENDACTIONS
28284 INIT_ 28285 1.000000
28285 SX 28290 0.999203
28285 SX 28291 0.000266
28285 SX 28292 0.000266
28285 SX 28293 0.000266
28285 RZPI 28285 1.000000
28285 RZ3PI 28296 1.000000
28285 RZPIHalf 28298 1.000000
28285 S 28300 1.000000
28285 X 28305 0.999203
28285 X 28285 0.000266
28285 X 28296 0.000266
28285 X 28306 0.000266
28290 SX 28305 0.999203
28290 SX 28285 0.000266
28290 SX 28296 0.000266
28290 SX 28306 0.000266
28290 RZPI 28290 1.000000
28290 RZ3PI 28293 1.000000
28290 RZPIHalf 28314 1.000000
28290 S 28316 1.000000
28290 X 28291 0.999203
28290 X 28290 0.000266
28290 X 28293 0.000266
28290 X 28292 0.000266
28291 SX 28285 0.999203
28291 SX 28305 0.000266
28291 SX 28306 0.000266
28291 SX 28296 0.000266
28291 RZPI 28291 1.000000
28291 RZ3PI 28292 1.000000
28291 RZPIHalf 28328 1.000000
28291 S 28330 1.000000
28291 X 28290 0.999203
28291 X 28291 0.000266
28291 X 28292 0.000266
28291 X 28293 0.000266
28292 SX 28306 0.999203
28292 SX 28296 0.000266
28292 SX 28285 0.000266
28292 SX 28305 0.000266
28292 RZPI 28292 1.000000
28292 RZ3PI 28291 1.000000
28292 RZPIHalf 28330 1.000000
28292 S 28328 1.000000
28292 X 28293 0.999203
28292 X 28292 0.000266
28292 X 28291 0.000266
28292 X 28290 0.000266
28293 SX 28296 0.999203
28293 SX 28306 0.000266
28293 SX 28305 0.000266
28293 SX 28285 0.000266
28293 RZPI 28293 1.000000
28293 RZ3PI 28290 1.000000
28293 RZPIHalf 28316 1.000000
28293 S 28314 1.000000
28293 X 28292 0.999203
28293 X 28293 0.000266
28293 X 28290 0.000266
28293 X 28291 0.000266
28296 SX 28292 0.999203
28296 SX 28293 0.000266
28296 SX 28290 0.000266
28296 SX 28291 0.000266
28296 RZPI 28296 1.000000
28296 RZ3PI 28285 1.000000
28296 RZPIHalf 28300 1.000000
28296 S 28298 1.000000
28296 X 28306 0.999203
28296 X 28296 0.000266
28296 X 28285 0.000266
28296 X 28305 0.000266
28298 SX 28375 0.999203
28298 SX 28376 0.000266
28298 SX 28377 0.000266
28298 SX 28378 0.000266
28298 RZPI 28298 1.000000
28298 RZ3PI 28300 1.000000
28298 RZPIHalf 28296 1.000000
28298 S 28285 1.000000
28298 X 28387 0.999203
28298 X 28298 0.000266
28298 X 28300 0.000266
28298 X 28388 0.000266
28300 SX 28377 0.999203
28300 SX 28378 0.000266
28300 SX 28375 0.000266
28300 SX 28376 0.000266
28300 RZPI 28300 1.000000
28300 RZ3PI 28298 1.000000
28300 RZPIHalf 28285 1.000000
28300 S 28296 1.000000
28300 X 28388 0.999203
28300 X 28300 0.000266
28300 X 28298 0.000266
28300 X 28387 0.000266
28305 SX 28291 0.999203
28305 SX 28290 0.000266
28305 SX 28293 0.000266
28305 SX 28292 0.000266
28305 RZPI 28305 1.000000
28305 RZ3PI 28306 1.000000
28305 RZPIHalf 28388 1.000000
28305 S 28387 1.000000
28305 X 28285 0.999203
28305 X 28305 0.000266
28305 X 28306 0.000266
28305 X 28296 0.000266
28306 SX 28293 0.999203
28306 SX 28292 0.000266
28306 SX 28291 0.000266
28306 SX 28290 0.000266
28306 RZPI 28306 1.000000
28306 RZ3PI 28305 1.000000
28306 RZPIHalf 28387 1.000000
28306 S 28388 1.000000
28306 X 28296 0.999203
28306 X 28306 0.000266
28306 X 28305 0.000266
28306 X 28285 0.000266
28314 SX 28429 0.999203
28314 SX 28430 0.000266
28314 SX 28431 0.000266
28314 SX 28432 0.000266
28314 RZPI 28314 1.000000
28314 RZ3PI 28316 1.000000
28314 RZPIHalf 28293 1.000000
28314 S 28290 1.000000
28314 X 28330 0.999203
28314 X 28314 0.000266
28314 X 28316 0.000266
28314 X 28328 0.000266
28316 SX 28431 0.999203
28316 SX 28432 0.000266
28316 SX 28429 0.000266
28316 SX 28430 0.000266
28316 RZPI 28316 1.000000
28316 RZ3PI 28314 1.000000
28316 RZPIHalf 28290 1.000000
28316 S 28293 1.000000
28316 X 28328 0.999203
28316 X 28316 0.000266
28316 X 28314 0.000266
28316 X 28330 0.000266
28328 SX 28432 0.999203
28328 SX 28431 0.000266
28328 SX 28430 0.000266
28328 SX 28429 0.000266
28328 RZPI 28328 1.000000
28328 RZ3PI 28330 1.000000
28328 RZPIHalf 28292 1.000000
28328 S 28291 1.000000
28328 X 28316 0.999203
28328 X 28328 0.000266
28328 X 28330 0.000266
28328 X 28314 0.000266
28330 SX 28430 0.999203
28330 SX 28429 0.000266
28330 SX 28432 0.000266
28330 SX 28431 0.000266
28330 RZPI 28330 1.000000
28330 RZ3PI 28328 1.000000
28330 RZPIHalf 28291 1.000000
28330 S 28292 1.000000
28330 X 28314 0.999203
28330 X 28330 0.000266
28330 X 28328 0.000266
28330 X 28316 0.000266
28375 SX 28387 0.999203
28375 SX 28298 0.000266
28375 SX 28300 0.000266
28375 SX 28388 0.000266
28375 RZPI 28375 1.000000
28375 RZ3PI 28378 1.000000
28375 RZPIHalf 28429 1.000000
28375 S 28432 1.000000
28375 X 28376 0.999203
28375 X 28375 0.000266
28375 X 28378 0.000266
28375 X 28377 0.000266
28376 SX 28298 0.999203
28376 SX 28387 0.000266
28376 SX 28388 0.000266
28376 SX 28300 0.000266
28376 RZPI 28376 1.000000
28376 RZ3PI 28377 1.000000
28376 RZPIHalf 28431 1.000000
28376 S 28430 1.000000
28376 X 28375 0.999203
28376 X 28376 0.000266
28376 X 28377 0.000266
28376 X 28378 0.000266
28377 SX 28388 0.999203
28377 SX 28300 0.000266
28377 SX 28298 0.000266
28377 SX 28387 0.000266
28377 RZPI 28377 1.000000
28377 RZ3PI 28376 1.000000
28377 RZPIHalf 28430 1.000000
28377 S 28431 1.000000
28377 X 28378 0.999203
28377 X 28377 0.000266
28377 X 28376 0.000266
28377 X 28375 0.000266
28378 SX 28300 0.999203
28378 SX 28388 0.000266
28378 SX 28387 0.000266
28378 SX 28298 0.000266
28378 RZPI 28378 1.000000
28378 RZ3PI 28375 1.000000
28378 RZPIHalf 28432 1.000000
28378 S 28429 1.000000
28378 X 28377 0.999203
28378 X 28378 0.000266
28378 X 28375 0.000266
28378 X 28376 0.000266
28387 SX 28376 0.999203
28387 SX 28375 0.000266
28387 SX 28378 0.000266
28387 SX 28377 0.000266
28387 RZPI 28387 1.000000
28387 RZ3PI 28388 1.000000
28387 RZPIHalf 28305 1.000000
28387 S 28306 1.000000
28387 X 28298 0.999203
28387 X 28387 0.000266
28387 X 28388 0.000266
28387 X 28300 0.000266
28388 SX 28378 0.999203
28388 SX 28377 0.000266
28388 SX 28376 0.000266
28388 SX 28375 0.000266
28388 RZPI 28388 1.000000
28388 RZ3PI 28387 1.000000
28388 RZPIHalf 28306 1.000000
28388 S 28305 1.000000
28388 X 28300 0.999203
28388 X 28388 0.000266
28388 X 28387 0.000266
28388 X 28298 0.000266
28429 SX 28330 0.999203
28429 SX 28314 0.000266
28429 SX 28316 0.000266
28429 SX 28328 0.000266
28429 RZPI 28429 1.000000
28429 RZ3PI 28432 1.000000
28429 RZPIHalf 28378 1.000000
28429 S 28375 1.000000
28429 X 28430 0.999203
28429 X 28429 0.000266
28429 X 28432 0.000266
28429 X 28431 0.000266
28430 SX 28314 0.999203
28430 SX 28330 0.000266
28430 SX 28328 0.000266
28430 SX 28316 0.000266
28430 RZPI 28430 1.000000
28430 RZ3PI 28431 1.000000
28430 RZPIHalf 28376 1.000000
28430 S 28377 1.000000
28430 X 28429 0.999203
28430 X 28430 0.000266
28430 X 28431 0.000266
28430 X 28432 0.000266
28431 SX 28328 0.999203
28431 SX 28316 0.000266
28431 SX 28314 0.000266
28431 SX 28330 0.000266
28431 RZPI 28431 1.000000
28431 RZ3PI 28430 1.000000
28431 RZPIHalf 28377 1.000000
28431 S 28376 1.000000
28431 X 28432 0.999203
28431 X 28431 0.000266
28431 X 28430 0.000266
28431 X 28429 0.000266
28432 SX 28316 0.999203
28432 SX 28328 0.000266
28432 SX 28330 0.000266
28432 SX 28314 0.000266
28432 RZPI 28432 1.000000
28432 RZ3PI 28429 1.000000
28432 RZPIHalf 28375 1.000000
28432 S 28378 1.000000
28432 X 28431 0.999203
28432 X 28432 0.000266
28432 X 28429 0.000266
28432 X 28430 0.000266
ENDPOMDP
