BEGINPOMDP
INITIALSTATE: 31101
STATES: 31107,31108,31109,31110,31113,31115,31117,31246,31247,31248,31249,31122,31123,31131,31133,31145,31147,31192,31193,31194,31195,31204,31205,31101,31102
REWARDS: 31107:0,31108:0,31109:0,31110:0,31113:0,31115:0,31117:0,31246:0,31247:0,31248:0,31249:0,31122:0,31123:1,31131:0,31133:0,31145:0,31147:0,31192:0,31193:0,31194:0,31195:0,31204:0,31205:0,31101:0,31102:0
GAMMA: 31107:0,31108:0,31109:0,31110:0,31113:0,31115:0,31117:0,31246:0,31247:0,31248:0,31249:0,31122:0,31123:0,31131:0,31133:0,31145:0,31147:0,31192:0,31193:0,31194:0,31195:0,31204:0,31205:0,31101:0,31102:0
BEGINACTIONS
SX
RZPI
RZ3PI
RZPIHalf
S
X
ENDACTIONS
31101 INIT_ 31102 1.000000
31102 SX 31107 0.999263
31102 SX 31108 0.000246
31102 SX 31109 0.000246
31102 SX 31110 0.000246
31102 RZPI 31102 1.000000
31102 RZ3PI 31113 1.000000
31102 RZPIHalf 31115 1.000000
31102 S 31117 1.000000
31102 X 31122 0.999263
31102 X 31102 0.000246
31102 X 31113 0.000246
31102 X 31123 0.000246
31107 SX 31122 0.999263
31107 SX 31102 0.000246
31107 SX 31113 0.000246
31107 SX 31123 0.000246
31107 RZPI 31107 1.000000
31107 RZ3PI 31110 1.000000
31107 RZPIHalf 31131 1.000000
31107 S 31133 1.000000
31107 X 31108 0.999263
31107 X 31107 0.000246
31107 X 31110 0.000246
31107 X 31109 0.000246
31108 SX 31102 0.999263
31108 SX 31122 0.000246
31108 SX 31123 0.000246
31108 SX 31113 0.000246
31108 RZPI 31108 1.000000
31108 RZ3PI 31109 1.000000
31108 RZPIHalf 31145 1.000000
31108 S 31147 1.000000
31108 X 31107 0.999263
31108 X 31108 0.000246
31108 X 31109 0.000246
31108 X 31110 0.000246
31109 SX 31123 0.999263
31109 SX 31113 0.000246
31109 SX 31102 0.000246
31109 SX 31122 0.000246
31109 RZPI 31109 1.000000
31109 RZ3PI 31108 1.000000
31109 RZPIHalf 31147 1.000000
31109 S 31145 1.000000
31109 X 31110 0.999263
31109 X 31109 0.000246
31109 X 31108 0.000246
31109 X 31107 0.000246
31110 SX 31113 0.999263
31110 SX 31123 0.000246
31110 SX 31122 0.000246
31110 SX 31102 0.000246
31110 RZPI 31110 1.000000
31110 RZ3PI 31107 1.000000
31110 RZPIHalf 31133 1.000000
31110 S 31131 1.000000
31110 X 31109 0.999263
31110 X 31110 0.000246
31110 X 31107 0.000246
31110 X 31108 0.000246
31113 SX 31109 0.999263
31113 SX 31110 0.000246
31113 SX 31107 0.000246
31113 SX 31108 0.000246
31113 RZPI 31113 1.000000
31113 RZ3PI 31102 1.000000
31113 RZPIHalf 31117 1.000000
31113 S 31115 1.000000
31113 X 31123 0.999263
31113 X 31113 0.000246
31113 X 31102 0.000246
31113 X 31122 0.000246
31115 SX 31192 0.999263
31115 SX 31193 0.000246
31115 SX 31194 0.000246
31115 SX 31195 0.000246
31115 RZPI 31115 1.000000
31115 RZ3PI 31117 1.000000
31115 RZPIHalf 31113 1.000000
31115 S 31102 1.000000
31115 X 31204 0.999263
31115 X 31115 0.000246
31115 X 31117 0.000246
31115 X 31205 0.000246
31117 SX 31194 0.999263
31117 SX 31195 0.000246
31117 SX 31192 0.000246
31117 SX 31193 0.000246
31117 RZPI 31117 1.000000
31117 RZ3PI 31115 1.000000
31117 RZPIHalf 31102 1.000000
31117 S 31113 1.000000
31117 X 31205 0.999263
31117 X 31117 0.000246
31117 X 31115 0.000246
31117 X 31204 0.000246
31122 SX 31108 0.999263
31122 SX 31107 0.000246
31122 SX 31110 0.000246
31122 SX 31109 0.000246
31122 RZPI 31122 1.000000
31122 RZ3PI 31123 1.000000
31122 RZPIHalf 31205 1.000000
31122 S 31204 1.000000
31122 X 31102 0.999263
31122 X 31122 0.000246
31122 X 31123 0.000246
31122 X 31113 0.000246
31123 SX 31110 0.999263
31123 SX 31109 0.000246
31123 SX 31108 0.000246
31123 SX 31107 0.000246
31123 RZPI 31123 1.000000
31123 RZ3PI 31122 1.000000
31123 RZPIHalf 31204 1.000000
31123 S 31205 1.000000
31123 X 31113 0.999263
31123 X 31123 0.000246
31123 X 31122 0.000246
31123 X 31102 0.000246
31131 SX 31246 0.999263
31131 SX 31247 0.000246
31131 SX 31248 0.000246
31131 SX 31249 0.000246
31131 RZPI 31131 1.000000
31131 RZ3PI 31133 1.000000
31131 RZPIHalf 31110 1.000000
31131 S 31107 1.000000
31131 X 31147 0.999263
31131 X 31131 0.000246
31131 X 31133 0.000246
31131 X 31145 0.000246
31133 SX 31248 0.999263
31133 SX 31249 0.000246
31133 SX 31246 0.000246
31133 SX 31247 0.000246
31133 RZPI 31133 1.000000
31133 RZ3PI 31131 1.000000
31133 RZPIHalf 31107 1.000000
31133 S 31110 1.000000
31133 X 31145 0.999263
31133 X 31133 0.000246
31133 X 31131 0.000246
31133 X 31147 0.000246
31145 SX 31249 0.999263
31145 SX 31248 0.000246
31145 SX 31247 0.000246
31145 SX 31246 0.000246
31145 RZPI 31145 1.000000
31145 RZ3PI 31147 1.000000
31145 RZPIHalf 31109 1.000000
31145 S 31108 1.000000
31145 X 31133 0.999263
31145 X 31145 0.000246
31145 X 31147 0.000246
31145 X 31131 0.000246
31147 SX 31247 0.999263
31147 SX 31246 0.000246
31147 SX 31249 0.000246
31147 SX 31248 0.000246
31147 RZPI 31147 1.000000
31147 RZ3PI 31145 1.000000
31147 RZPIHalf 31108 1.000000
31147 S 31109 1.000000
31147 X 31131 0.999263
31147 X 31147 0.000246
31147 X 31145 0.000246
31147 X 31133 0.000246
31192 SX 31204 0.999263
31192 SX 31115 0.000246
31192 SX 31117 0.000246
31192 SX 31205 0.000246
31192 RZPI 31192 1.000000
31192 RZ3PI 31195 1.000000
31192 RZPIHalf 31246 1.000000
31192 S 31249 1.000000
31192 X 31193 0.999263
31192 X 31192 0.000246
31192 X 31195 0.000246
31192 X 31194 0.000246
31193 SX 31115 0.999263
31193 SX 31204 0.000246
31193 SX 31205 0.000246
31193 SX 31117 0.000246
31193 RZPI 31193 1.000000
31193 RZ3PI 31194 1.000000
31193 RZPIHalf 31248 1.000000
31193 S 31247 1.000000
31193 X 31192 0.999263
31193 X 31193 0.000246
31193 X 31194 0.000246
31193 X 31195 0.000246
31194 SX 31205 0.999263
31194 SX 31117 0.000246
31194 SX 31115 0.000246
31194 SX 31204 0.000246
31194 RZPI 31194 1.000000
31194 RZ3PI 31193 1.000000
31194 RZPIHalf 31247 1.000000
31194 S 31248 1.000000
31194 X 31195 0.999263
31194 X 31194 0.000246
31194 X 31193 0.000246
31194 X 31192 0.000246
31195 SX 31117 0.999263
31195 SX 31205 0.000246
31195 SX 31204 0.000246
31195 SX 31115 0.000246
31195 RZPI 31195 1.000000
31195 RZ3PI 31192 1.000000
31195 RZPIHalf 31249 1.000000
31195 S 31246 1.000000
31195 X 31194 0.999263
31195 X 31195 0.000246
31195 X 31192 0.000246
31195 X 31193 0.000246
31204 SX 31193 0.999263
31204 SX 31192 0.000246
31204 SX 31195 0.000246
31204 SX 31194 0.000246
31204 RZPI 31204 1.000000
31204 RZ3PI 31205 1.000000
31204 RZPIHalf 31122 1.000000
31204 S 31123 1.000000
31204 X 31115 0.999263
31204 X 31204 0.000246
31204 X 31205 0.000246
31204 X 31117 0.000246
31205 SX 31195 0.999263
31205 SX 31194 0.000246
31205 SX 31193 0.000246
31205 SX 31192 0.000246
31205 RZPI 31205 1.000000
31205 RZ3PI 31204 1.000000
31205 RZPIHalf 31123 1.000000
31205 S 31122 1.000000
31205 X 31117 0.999263
31205 X 31205 0.000246
31205 X 31204 0.000246
31205 X 31115 0.000246
31246 SX 31147 0.999263
31246 SX 31131 0.000246
31246 SX 31133 0.000246
31246 SX 31145 0.000246
31246 RZPI 31246 1.000000
31246 RZ3PI 31249 1.000000
31246 RZPIHalf 31195 1.000000
31246 S 31192 1.000000
31246 X 31247 0.999263
31246 X 31246 0.000246
31246 X 31249 0.000246
31246 X 31248 0.000246
31247 SX 31131 0.999263
31247 SX 31147 0.000246
31247 SX 31145 0.000246
31247 SX 31133 0.000246
31247 RZPI 31247 1.000000
31247 RZ3PI 31248 1.000000
31247 RZPIHalf 31193 1.000000
31247 S 31194 1.000000
31247 X 31246 0.999263
31247 X 31247 0.000246
31247 X 31248 0.000246
31247 X 31249 0.000246
31248 SX 31145 0.999263
31248 SX 31133 0.000246
31248 SX 31131 0.000246
31248 SX 31147 0.000246
31248 RZPI 31248 1.000000
31248 RZ3PI 31247 1.000000
31248 RZPIHalf 31194 1.000000
31248 S 31193 1.000000
31248 X 31249 0.999263
31248 X 31248 0.000246
31248 X 31247 0.000246
31248 X 31246 0.000246
31249 SX 31133 0.999263
31249 SX 31145 0.000246
31249 SX 31147 0.000246
31249 SX 31131 0.000246
31249 RZPI 31249 1.000000
31249 RZ3PI 31246 1.000000
31249 RZPIHalf 31192 1.000000
31249 S 31195 1.000000
31249 X 31248 0.999263
31249 X 31249 0.000246
31249 X 31246 0.000246
31249 X 31247 0.000246
ENDPOMDP
