BEGINPOMDP
INITIALSTATE: 30162
STATES: 30208,30253,30254,30255,30256,30265,30266,30162,30163,30168,30169,30170,30171,30174,30176,30178,30307,30308,30309,30310,30183,30184,30192,30194,30206
REWARDS: 30208:0,30253:0,30254:0,30255:0,30256:0,30265:0,30266:0,30162:0,30163:0,30168:0,30169:0,30170:0,30171:0,30174:0,30176:0,30178:0,30307:0,30308:0,30309:0,30310:0,30183:0,30184:1,30192:0,30194:0,30206:0
GAMMA: 30208:0,30253:0,30254:0,30255:0,30256:0,30265:0,30266:0,30162:0,30163:0,30168:0,30169:0,30170:0,30171:0,30174:0,30176:0,30178:0,30307:0,30308:0,30309:0,30310:0,30183:0,30184:0,30192:0,30194:0,30206:0
BEGINACTIONS
SX
RZPI
RZ3PI
RZPIHalf
S
X
ENDACTIONS
30162 INIT_ 30163 1.000000
30163 SX 30168 0.998653
30163 SX 30169 0.000449
30163 SX 30170 0.000449
30163 SX 30171 0.000449
30163 RZPI 30163 1.000000
30163 RZ3PI 30174 1.000000
30163 RZPIHalf 30176 1.000000
30163 S 30178 1.000000
30163 X 30183 0.998653
30163 X 30163 0.000449
30163 X 30174 0.000449
30163 X 30184 0.000449
30168 SX 30183 0.998653
30168 SX 30163 0.000449
30168 SX 30174 0.000449
30168 SX 30184 0.000449
30168 RZPI 30168 1.000000
30168 RZ3PI 30171 1.000000
30168 RZPIHalf 30192 1.000000
30168 S 30194 1.000000
30168 X 30169 0.998653
30168 X 30168 0.000449
30168 X 30171 0.000449
30168 X 30170 0.000449
30169 SX 30163 0.998653
30169 SX 30183 0.000449
30169 SX 30184 0.000449
30169 SX 30174 0.000449
30169 RZPI 30169 1.000000
30169 RZ3PI 30170 1.000000
30169 RZPIHalf 30206 1.000000
30169 S 30208 1.000000
30169 X 30168 0.998653
30169 X 30169 0.000449
30169 X 30170 0.000449
30169 X 30171 0.000449
30170 SX 30184 0.998653
30170 SX 30174 0.000449
30170 SX 30163 0.000449
30170 SX 30183 0.000449
30170 RZPI 30170 1.000000
30170 RZ3PI 30169 1.000000
30170 RZPIHalf 30208 1.000000
30170 S 30206 1.000000
30170 X 30171 0.998653
30170 X 30170 0.000449
30170 X 30169 0.000449
30170 X 30168 0.000449
30171 SX 30174 0.998653
30171 SX 30184 0.000449
30171 SX 30183 0.000449
30171 SX 30163 0.000449
30171 RZPI 30171 1.000000
30171 RZ3PI 30168 1.000000
30171 RZPIHalf 30194 1.000000
30171 S 30192 1.000000
30171 X 30170 0.998653
30171 X 30171 0.000449
30171 X 30168 0.000449
30171 X 30169 0.000449
30174 SX 30170 0.998653
30174 SX 30171 0.000449
30174 SX 30168 0.000449
30174 SX 30169 0.000449
30174 RZPI 30174 1.000000
30174 RZ3PI 30163 1.000000
30174 RZPIHalf 30178 1.000000
30174 S 30176 1.000000
30174 X 30184 0.998653
30174 X 30174 0.000449
30174 X 30163 0.000449
30174 X 30183 0.000449
30176 SX 30253 0.998653
30176 SX 30254 0.000449
30176 SX 30255 0.000449
30176 SX 30256 0.000449
30176 RZPI 30176 1.000000
30176 RZ3PI 30178 1.000000
30176 RZPIHalf 30174 1.000000
30176 S 30163 1.000000
30176 X 30265 0.998653
30176 X 30176 0.000449
30176 X 30178 0.000449
30176 X 30266 0.000449
30178 SX 30255 0.998653
30178 SX 30256 0.000449
30178 SX 30253 0.000449
30178 SX 30254 0.000449
30178 RZPI 30178 1.000000
30178 RZ3PI 30176 1.000000
30178 RZPIHalf 30163 1.000000
30178 S 30174 1.000000
30178 X 30266 0.998653
30178 X 30178 0.000449
30178 X 30176 0.000449
30178 X 30265 0.000449
30183 SX 30169 0.998653
30183 SX 30168 0.000449
30183 SX 30171 0.000449
30183 SX 30170 0.000449
30183 RZPI 30183 1.000000
30183 RZ3PI 30184 1.000000
30183 RZPIHalf 30266 1.000000
30183 S 30265 1.000000
30183 X 30163 0.998653
30183 X 30183 0.000449
30183 X 30184 0.000449
30183 X 30174 0.000449
30184 SX 30171 0.998653
30184 SX 30170 0.000449
30184 SX 30169 0.000449
30184 SX 30168 0.000449
30184 RZPI 30184 1.000000
30184 RZ3PI 30183 1.000000
30184 RZPIHalf 30265 1.000000
30184 S 30266 1.000000
30184 X 30174 0.998653
30184 X 30184 0.000449
30184 X 30183 0.000449
30184 X 30163 0.000449
30192 SX 30307 0.998653
30192 SX 30308 0.000449
30192 SX 30309 0.000449
30192 SX 30310 0.000449
30192 RZPI 30192 1.000000
30192 RZ3PI 30194 1.000000
30192 RZPIHalf 30171 1.000000
30192 S 30168 1.000000
30192 X 30208 0.998653
30192 X 30192 0.000449
30192 X 30194 0.000449
30192 X 30206 0.000449
30194 SX 30309 0.998653
30194 SX 30310 0.000449
30194 SX 30307 0.000449
30194 SX 30308 0.000449
30194 RZPI 30194 1.000000
30194 RZ3PI 30192 1.000000
30194 RZPIHalf 30168 1.000000
30194 S 30171 1.000000
30194 X 30206 0.998653
30194 X 30194 0.000449
30194 X 30192 0.000449
30194 X 30208 0.000449
30206 SX 30310 0.998653
30206 SX 30309 0.000449
30206 SX 30308 0.000449
30206 SX 30307 0.000449
30206 RZPI 30206 1.000000
30206 RZ3PI 30208 1.000000
30206 RZPIHalf 30170 1.000000
30206 S 30169 1.000000
30206 X 30194 0.998653
30206 X 30206 0.000449
30206 X 30208 0.000449
30206 X 30192 0.000449
30208 SX 30308 0.998653
30208 SX 30307 0.000449
30208 SX 30310 0.000449
30208 SX 30309 0.000449
30208 RZPI 30208 1.000000
30208 RZ3PI 30206 1.000000
30208 RZPIHalf 30169 1.000000
30208 S 30170 1.000000
30208 X 30192 0.998653
30208 X 30208 0.000449
30208 X 30206 0.000449
30208 X 30194 0.000449
30253 SX 30265 0.998653
30253 SX 30176 0.000449
30253 SX 30178 0.000449
30253 SX 30266 0.000449
30253 RZPI 30253 1.000000
30253 RZ3PI 30256 1.000000
30253 RZPIHalf 30307 1.000000
30253 S 30310 1.000000
30253 X 30254 0.998653
30253 X 30253 0.000449
30253 X 30256 0.000449
30253 X 30255 0.000449
30254 SX 30176 0.998653
30254 SX 30265 0.000449
30254 SX 30266 0.000449
30254 SX 30178 0.000449
30254 RZPI 30254 1.000000
30254 RZ3PI 30255 1.000000
30254 RZPIHalf 30309 1.000000
30254 S 30308 1.000000
30254 X 30253 0.998653
30254 X 30254 0.000449
30254 X 30255 0.000449
30254 X 30256 0.000449
30255 SX 30266 0.998653
30255 SX 30178 0.000449
30255 SX 30176 0.000449
30255 SX 30265 0.000449
30255 RZPI 30255 1.000000
30255 RZ3PI 30254 1.000000
30255 RZPIHalf 30308 1.000000
30255 S 30309 1.000000
30255 X 30256 0.998653
30255 X 30255 0.000449
30255 X 30254 0.000449
30255 X 30253 0.000449
30256 SX 30178 0.998653
30256 SX 30266 0.000449
30256 SX 30265 0.000449
30256 SX 30176 0.000449
30256 RZPI 30256 1.000000
30256 RZ3PI 30253 1.000000
30256 RZPIHalf 30310 1.000000
30256 S 30307 1.000000
30256 X 30255 0.998653
30256 X 30256 0.000449
30256 X 30253 0.000449
30256 X 30254 0.000449
30265 SX 30254 0.998653
30265 SX 30253 0.000449
30265 SX 30256 0.000449
30265 SX 30255 0.000449
30265 RZPI 30265 1.000000
30265 RZ3PI 30266 1.000000
30265 RZPIHalf 30183 1.000000
30265 S 30184 1.000000
30265 X 30176 0.998653
30265 X 30265 0.000449
30265 X 30266 0.000449
30265 X 30178 0.000449
30266 SX 30256 0.998653
30266 SX 30255 0.000449
30266 SX 30254 0.000449
30266 SX 30253 0.000449
30266 RZPI 30266 1.000000
30266 RZ3PI 30265 1.000000
30266 RZPIHalf 30184 1.000000
30266 S 30183 1.000000
30266 X 30178 0.998653
30266 X 30266 0.000449
30266 X 30265 0.000449
30266 X 30176 0.000449
30307 SX 30208 0.998653
30307 SX 30192 0.000449
30307 SX 30194 0.000449
30307 SX 30206 0.000449
30307 RZPI 30307 1.000000
30307 RZ3PI 30310 1.000000
30307 RZPIHalf 30256 1.000000
30307 S 30253 1.000000
30307 X 30308 0.998653
30307 X 30307 0.000449
30307 X 30310 0.000449
30307 X 30309 0.000449
30308 SX 30192 0.998653
30308 SX 30208 0.000449
30308 SX 30206 0.000449
30308 SX 30194 0.000449
30308 RZPI 30308 1.000000
30308 RZ3PI 30309 1.000000
30308 RZPIHalf 30254 1.000000
30308 S 30255 1.000000
30308 X 30307 0.998653
30308 X 30308 0.000449
30308 X 30309 0.000449
30308 X 30310 0.000449
30309 SX 30206 0.998653
30309 SX 30194 0.000449
30309 SX 30192 0.000449
30309 SX 30208 0.000449
30309 RZPI 30309 1.000000
30309 RZ3PI 30308 1.000000
30309 RZPIHalf 30255 1.000000
30309 S 30254 1.000000
30309 X 30310 0.998653
30309 X 30309 0.000449
30309 X 30308 0.000449
30309 X 30307 0.000449
30310 SX 30194 0.998653
30310 SX 30206 0.000449
30310 SX 30208 0.000449
30310 SX 30192 0.000449
30310 RZPI 30310 1.000000
30310 RZ3PI 30307 1.000000
30310 RZPIHalf 30253 1.000000
30310 S 30256 1.000000
30310 X 30309 0.998653
30310 X 30310 0.000449
30310 X 30307 0.000449
30310 X 30308 0.000449
ENDPOMDP
