BEGINPOMDP
INITIALSTATE: 27971
STATES: 28062,28063,28064,28065,28074,28075,27971,27972,27977,27978,27979,27980,27983,27985,27987,28116,28117,28118,28119,27992,27993,28001,28003,28015,28017
REWARDS: 28062:0,28063:0,28064:0,28065:0,28074:0,28075:0,27971:0,27972:0,27977:0,27978:0,27979:0,27980:0,27983:0,27985:0,27987:0,28116:0,28117:0,28118:0,28119:0,27992:0,27993:1,28001:0,28003:0,28015:0,28017:0
GAMMA: 28062:0,28063:0,28064:0,28065:0,28074:0,28075:0,27971:0,27972:0,27977:0,27978:0,27979:0,27980:0,27983:0,27985:0,27987:0,28116:0,28117:0,28118:0,28119:0,27992:0,27993:0,28001:0,28003:0,28015:0,28017:0
BEGINACTIONS
SX
RZPI
RZ3PI
RZPIHalf
S
X
ENDACTIONS
27971 INIT_ 27972 1.000000
27972 SX 27977 0.999642
27972 SX 27978 0.000119
27972 SX 27979 0.000119
27972 SX 27980 0.000119
27972 RZPI 27972 1.000000
27972 RZ3PI 27983 1.000000
27972 RZPIHalf 27985 1.000000
27972 S 27987 1.000000
27972 X 27992 0.999642
27972 X 27972 0.000119
27972 X 27983 0.000119
27972 X 27993 0.000119
27977 SX 27992 0.999642
27977 SX 27972 0.000119
27977 SX 27983 0.000119
27977 SX 27993 0.000119
27977 RZPI 27977 1.000000
27977 RZ3PI 27980 1.000000
27977 RZPIHalf 28001 1.000000
27977 S 28003 1.000000
27977 X 27978 0.999642
27977 X 27977 0.000119
27977 X 27980 0.000119
27977 X 27979 0.000119
27978 SX 27972 0.999642
27978 SX 27992 0.000119
27978 SX 27993 0.000119
27978 SX 27983 0.000119
27978 RZPI 27978 1.000000
27978 RZ3PI 27979 1.000000
27978 RZPIHalf 28015 1.000000
27978 S 28017 1.000000
27978 X 27977 0.999642
27978 X 27978 0.000119
27978 X 27979 0.000119
27978 X 27980 0.000119
27979 SX 27993 0.999642
27979 SX 27983 0.000119
27979 SX 27972 0.000119
27979 SX 27992 0.000119
27979 RZPI 27979 1.000000
27979 RZ3PI 27978 1.000000
27979 RZPIHalf 28017 1.000000
27979 S 28015 1.000000
27979 X 27980 0.999642
27979 X 27979 0.000119
27979 X 27978 0.000119
27979 X 27977 0.000119
27980 SX 27983 0.999642
27980 SX 27993 0.000119
27980 SX 27992 0.000119
27980 SX 27972 0.000119
27980 RZPI 27980 1.000000
27980 RZ3PI 27977 1.000000
27980 RZPIHalf 28003 1.000000
27980 S 28001 1.000000
27980 X 27979 0.999642
27980 X 27980 0.000119
27980 X 27977 0.000119
27980 X 27978 0.000119
27983 SX 27979 0.999642
27983 SX 27980 0.000119
27983 SX 27977 0.000119
27983 SX 27978 0.000119
27983 RZPI 27983 1.000000
27983 RZ3PI 27972 1.000000
27983 RZPIHalf 27987 1.000000
27983 S 27985 1.000000
27983 X 27993 0.999642
27983 X 27983 0.000119
27983 X 27972 0.000119
27983 X 27992 0.000119
27985 SX 28062 0.999642
27985 SX 28063 0.000119
27985 SX 28064 0.000119
27985 SX 28065 0.000119
27985 RZPI 27985 1.000000
27985 RZ3PI 27987 1.000000
27985 RZPIHalf 27983 1.000000
27985 S 27972 1.000000
27985 X 28074 0.999642
27985 X 27985 0.000119
27985 X 27987 0.000119
27985 X 28075 0.000119
27987 SX 28064 0.999642
27987 SX 28065 0.000119
27987 SX 28062 0.000119
27987 SX 28063 0.000119
27987 RZPI 27987 1.000000
27987 RZ3PI 27985 1.000000
27987 RZPIHalf 27972 1.000000
27987 S 27983 1.000000
27987 X 28075 0.999642
27987 X 27987 0.000119
27987 X 27985 0.000119
27987 X 28074 0.000119
27992 SX 27978 0.999642
27992 SX 27977 0.000119
27992 SX 27980 0.000119
27992 SX 27979 0.000119
27992 RZPI 27992 1.000000
27992 RZ3PI 27993 1.000000
27992 RZPIHalf 28075 1.000000
27992 S 28074 1.000000
27992 X 27972 0.999642
27992 X 27992 0.000119
27992 X 27993 0.000119
27992 X 27983 0.000119
27993 SX 27980 0.999642
27993 SX 27979 0.000119
27993 SX 27978 0.000119
27993 SX 27977 0.000119
27993 RZPI 27993 1.000000
27993 RZ3PI 27992 1.000000
27993 RZPIHalf 28074 1.000000
27993 S 28075 1.000000
27993 X 27983 0.999642
27993 X 27993 0.000119
27993 X 27992 0.000119
27993 X 27972 0.000119
28001 SX 28116 0.999642
28001 SX 28117 0.000119
28001 SX 28118 0.000119
28001 SX 28119 0.000119
28001 RZPI 28001 1.000000
28001 RZ3PI 28003 1.000000
28001 RZPIHalf 27980 1.000000
28001 S 27977 1.000000
28001 X 28017 0.999642
28001 X 28001 0.000119
28001 X 28003 0.000119
28001 X 28015 0.000119
28003 SX 28118 0.999642
28003 SX 28119 0.000119
28003 SX 28116 0.000119
28003 SX 28117 0.000119
28003 RZPI 28003 1.000000
28003 RZ3PI 28001 1.000000
28003 RZPIHalf 27977 1.000000
28003 S 27980 1.000000
28003 X 28015 0.999642
28003 X 28003 0.000119
28003 X 28001 0.000119
28003 X 28017 0.000119
28015 SX 28119 0.999642
28015 SX 28118 0.000119
28015 SX 28117 0.000119
28015 SX 28116 0.000119
28015 RZPI 28015 1.000000
28015 RZ3PI 28017 1.000000
28015 RZPIHalf 27979 1.000000
28015 S 27978 1.000000
28015 X 28003 0.999642
28015 X 28015 0.000119
28015 X 28017 0.000119
28015 X 28001 0.000119
28017 SX 28117 0.999642
28017 SX 28116 0.000119
28017 SX 28119 0.000119
28017 SX 28118 0.000119
28017 RZPI 28017 1.000000
28017 RZ3PI 28015 1.000000
28017 RZPIHalf 27978 1.000000
28017 S 27979 1.000000
28017 X 28001 0.999642
28017 X 28017 0.000119
28017 X 28015 0.000119
28017 X 28003 0.000119
28062 SX 28074 0.999642
28062 SX 27985 0.000119
28062 SX 27987 0.000119
28062 SX 28075 0.000119
28062 RZPI 28062 1.000000
28062 RZ3PI 28065 1.000000
28062 RZPIHalf 28116 1.000000
28062 S 28119 1.000000
28062 X 28063 0.999642
28062 X 28062 0.000119
28062 X 28065 0.000119
28062 X 28064 0.000119
28063 SX 27985 0.999642
28063 SX 28074 0.000119
28063 SX 28075 0.000119
28063 SX 27987 0.000119
28063 RZPI 28063 1.000000
28063 RZ3PI 28064 1.000000
28063 RZPIHalf 28118 1.000000
28063 S 28117 1.000000
28063 X 28062 0.999642
28063 X 28063 0.000119
28063 X 28064 0.000119
28063 X 28065 0.000119
28064 SX 28075 0.999642
28064 SX 27987 0.000119
28064 SX 27985 0.000119
28064 SX 28074 0.000119
28064 RZPI 28064 1.000000
28064 RZ3PI 28063 1.000000
28064 RZPIHalf 28117 1.000000
28064 S 28118 1.000000
28064 X 28065 0.999642
28064 X 28064 0.000119
28064 X 28063 0.000119
28064 X 28062 0.000119
28065 SX 27987 0.999642
28065 SX 28075 0.000119
28065 SX 28074 0.000119
28065 SX 27985 0.000119
28065 RZPI 28065 1.000000
28065 RZ3PI 28062 1.000000
28065 RZPIHalf 28119 1.000000
28065 S 28116 1.000000
28065 X 28064 0.999642
28065 X 28065 0.000119
28065 X 28062 0.000119
28065 X 28063 0.000119
28074 SX 28063 0.999642
28074 SX 28062 0.000119
28074 SX 28065 0.000119
28074 SX 28064 0.000119
28074 RZPI 28074 1.000000
28074 RZ3PI 28075 1.000000
28074 RZPIHalf 27992 1.000000
28074 S 27993 1.000000
28074 X 27985 0.999642
28074 X 28074 0.000119
28074 X 28075 0.000119
28074 X 27987 0.000119
28075 SX 28065 0.999642
28075 SX 28064 0.000119
28075 SX 28063 0.000119
28075 SX 28062 0.000119
28075 RZPI 28075 1.000000
28075 RZ3PI 28074 1.000000
28075 RZPIHalf 27993 1.000000
28075 S 27992 1.000000
28075 X 27987 0.999642
28075 X 28075 0.000119
28075 X 28074 0.000119
28075 X 27985 0.000119
28116 SX 28017 0.999642
28116 SX 28001 0.000119
28116 SX 28003 0.000119
28116 SX 28015 0.000119
28116 RZPI 28116 1.000000
28116 RZ3PI 28119 1.000000
28116 RZPIHalf 28065 1.000000
28116 S 28062 1.000000
28116 X 28117 0.999642
28116 X 28116 0.000119
28116 X 28119 0.000119
28116 X 28118 0.000119
28117 SX 28001 0.999642
28117 SX 28017 0.000119
28117 SX 28015 0.000119
28117 SX 28003 0.000119
28117 RZPI 28117 1.000000
28117 RZ3PI 28118 1.000000
28117 RZPIHalf 28063 1.000000
28117 S 28064 1.000000
28117 X 28116 0.999642
28117 X 28117 0.000119
28117 X 28118 0.000119
28117 X 28119 0.000119
28118 SX 28015 0.999642
28118 SX 28003 0.000119
28118 SX 28001 0.000119
28118 SX 28017 0.000119
28118 RZPI 28118 1.000000
28118 RZ3PI 28117 1.000000
28118 RZPIHalf 28064 1.000000
28118 S 28063 1.000000
28118 X 28119 0.999642
28118 X 28118 0.000119
28118 X 28117 0.000119
28118 X 28116 0.000119
28119 SX 28003 0.999642
28119 SX 28015 0.000119
28119 SX 28017 0.000119
28119 SX 28001 0.000119
28119 RZPI 28119 1.000000
28119 RZ3PI 28116 1.000000
28119 RZPIHalf 28062 1.000000
28119 S 28065 1.000000
28119 X 28118 0.999642
28119 X 28119 0.000119
28119 X 28116 0.000119
28119 X 28117 0.000119
ENDPOMDP
