BEGINPOMDP
INITIALSTATE: 33292
STATES: 33292,33293,33298,33299,33300,33301,33304,33306,33308,33437,33438,33439,33440,33313,33314,33322,33324,33336,33338,33383,33384,33385,33386,33395,33396
REWARDS: 33292:0,33293:0,33298:0,33299:0,33300:0,33301:0,33304:0,33306:0,33308:0,33437:0,33438:0,33439:0,33440:0,33313:0,33314:1,33322:0,33324:0,33336:0,33338:0,33383:0,33384:0,33385:0,33386:0,33395:0,33396:0
GAMMA: 33292:0,33293:0,33298:0,33299:0,33300:0,33301:0,33304:0,33306:0,33308:0,33437:0,33438:0,33439:0,33440:0,33313:0,33314:0,33322:0,33324:0,33336:0,33338:0,33383:0,33384:0,33385:0,33386:0,33395:0,33396:0
BEGINACTIONS
SX
RZPI
RZ3PI
RZPIHalf
S
X
ENDACTIONS
33292 INIT_ 33293 1.000000
33293 SX 33298 0.999332
33293 SX 33299 0.000223
33293 SX 33300 0.000223
33293 SX 33301 0.000223
33293 RZPI 33293 1.000000
33293 RZ3PI 33304 1.000000
33293 RZPIHalf 33306 1.000000
33293 S 33308 1.000000
33293 X 33313 0.999332
33293 X 33293 0.000223
33293 X 33304 0.000223
33293 X 33314 0.000223
33298 SX 33313 0.999332
33298 SX 33293 0.000223
33298 SX 33304 0.000223
33298 SX 33314 0.000223
33298 RZPI 33298 1.000000
33298 RZ3PI 33301 1.000000
33298 RZPIHalf 33322 1.000000
33298 S 33324 1.000000
33298 X 33299 0.999332
33298 X 33298 0.000223
33298 X 33301 0.000223
33298 X 33300 0.000223
33299 SX 33293 0.999332
33299 SX 33313 0.000223
33299 SX 33314 0.000223
33299 SX 33304 0.000223
33299 RZPI 33299 1.000000
33299 RZ3PI 33300 1.000000
33299 RZPIHalf 33336 1.000000
33299 S 33338 1.000000
33299 X 33298 0.999332
33299 X 33299 0.000223
33299 X 33300 0.000223
33299 X 33301 0.000223
33300 SX 33314 0.999332
33300 SX 33304 0.000223
33300 SX 33293 0.000223
33300 SX 33313 0.000223
33300 RZPI 33300 1.000000
33300 RZ3PI 33299 1.000000
33300 RZPIHalf 33338 1.000000
33300 S 33336 1.000000
33300 X 33301 0.999332
33300 X 33300 0.000223
33300 X 33299 0.000223
33300 X 33298 0.000223
33301 SX 33304 0.999332
33301 SX 33314 0.000223
33301 SX 33313 0.000223
33301 SX 33293 0.000223
33301 RZPI 33301 1.000000
33301 RZ3PI 33298 1.000000
33301 RZPIHalf 33324 1.000000
33301 S 33322 1.000000
33301 X 33300 0.999332
33301 X 33301 0.000223
33301 X 33298 0.000223
33301 X 33299 0.000223
33304 SX 33300 0.999332
33304 SX 33301 0.000223
33304 SX 33298 0.000223
33304 SX 33299 0.000223
33304 RZPI 33304 1.000000
33304 RZ3PI 33293 1.000000
33304 RZPIHalf 33308 1.000000
33304 S 33306 1.000000
33304 X 33314 0.999332
33304 X 33304 0.000223
33304 X 33293 0.000223
33304 X 33313 0.000223
33306 SX 33383 0.999332
33306 SX 33384 0.000223
33306 SX 33385 0.000223
33306 SX 33386 0.000223
33306 RZPI 33306 1.000000
33306 RZ3PI 33308 1.000000
33306 RZPIHalf 33304 1.000000
33306 S 33293 1.000000
33306 X 33395 0.999332
33306 X 33306 0.000223
33306 X 33308 0.000223
33306 X 33396 0.000223
33308 SX 33385 0.999332
33308 SX 33386 0.000223
33308 SX 33383 0.000223
33308 SX 33384 0.000223
33308 RZPI 33308 1.000000
33308 RZ3PI 33306 1.000000
33308 RZPIHalf 33293 1.000000
33308 S 33304 1.000000
33308 X 33396 0.999332
33308 X 33308 0.000223
33308 X 33306 0.000223
33308 X 33395 0.000223
33313 SX 33299 0.999332
33313 SX 33298 0.000223
33313 SX 33301 0.000223
33313 SX 33300 0.000223
33313 RZPI 33313 1.000000
33313 RZ3PI 33314 1.000000
33313 RZPIHalf 33396 1.000000
33313 S 33395 1.000000
33313 X 33293 0.999332
33313 X 33313 0.000223
33313 X 33314 0.000223
33313 X 33304 0.000223
33314 SX 33301 0.999332
33314 SX 33300 0.000223
33314 SX 33299 0.000223
33314 SX 33298 0.000223
33314 RZPI 33314 1.000000
33314 RZ3PI 33313 1.000000
33314 RZPIHalf 33395 1.000000
33314 S 33396 1.000000
33314 X 33304 0.999332
33314 X 33314 0.000223
33314 X 33313 0.000223
33314 X 33293 0.000223
33322 SX 33437 0.999332
33322 SX 33438 0.000223
33322 SX 33439 0.000223
33322 SX 33440 0.000223
33322 RZPI 33322 1.000000
33322 RZ3PI 33324 1.000000
33322 RZPIHalf 33301 1.000000
33322 S 33298 1.000000
33322 X 33338 0.999332
33322 X 33322 0.000223
33322 X 33324 0.000223
33322 X 33336 0.000223
33324 SX 33439 0.999332
33324 SX 33440 0.000223
33324 SX 33437 0.000223
33324 SX 33438 0.000223
33324 RZPI 33324 1.000000
33324 RZ3PI 33322 1.000000
33324 RZPIHalf 33298 1.000000
33324 S 33301 1.000000
33324 X 33336 0.999332
33324 X 33324 0.000223
33324 X 33322 0.000223
33324 X 33338 0.000223
33336 SX 33440 0.999332
33336 SX 33439 0.000223
33336 SX 33438 0.000223
33336 SX 33437 0.000223
33336 RZPI 33336 1.000000
33336 RZ3PI 33338 1.000000
33336 RZPIHalf 33300 1.000000
33336 S 33299 1.000000
33336 X 33324 0.999332
33336 X 33336 0.000223
33336 X 33338 0.000223
33336 X 33322 0.000223
33338 SX 33438 0.999332
33338 SX 33437 0.000223
33338 SX 33440 0.000223
33338 SX 33439 0.000223
33338 RZPI 33338 1.000000
33338 RZ3PI 33336 1.000000
33338 RZPIHalf 33299 1.000000
33338 S 33300 1.000000
33338 X 33322 0.999332
33338 X 33338 0.000223
33338 X 33336 0.000223
33338 X 33324 0.000223
33383 SX 33395 0.999332
33383 SX 33306 0.000223
33383 SX 33308 0.000223
33383 SX 33396 0.000223
33383 RZPI 33383 1.000000
33383 RZ3PI 33386 1.000000
33383 RZPIHalf 33437 1.000000
33383 S 33440 1.000000
33383 X 33384 0.999332
33383 X 33383 0.000223
33383 X 33386 0.000223
33383 X 33385 0.000223
33384 SX 33306 0.999332
33384 SX 33395 0.000223
33384 SX 33396 0.000223
33384 SX 33308 0.000223
33384 RZPI 33384 1.000000
33384 RZ3PI 33385 1.000000
33384 RZPIHalf 33439 1.000000
33384 S 33438 1.000000
33384 X 33383 0.999332
33384 X 33384 0.000223
33384 X 33385 0.000223
33384 X 33386 0.000223
33385 SX 33396 0.999332
33385 SX 33308 0.000223
33385 SX 33306 0.000223
33385 SX 33395 0.000223
33385 RZPI 33385 1.000000
33385 RZ3PI 33384 1.000000
33385 RZPIHalf 33438 1.000000
33385 S 33439 1.000000
33385 X 33386 0.999332
33385 X 33385 0.000223
33385 X 33384 0.000223
33385 X 33383 0.000223
33386 SX 33308 0.999332
33386 SX 33396 0.000223
33386 SX 33395 0.000223
33386 SX 33306 0.000223
33386 RZPI 33386 1.000000
33386 RZ3PI 33383 1.000000
33386 RZPIHalf 33440 1.000000
33386 S 33437 1.000000
33386 X 33385 0.999332
33386 X 33386 0.000223
33386 X 33383 0.000223
33386 X 33384 0.000223
33395 SX 33384 0.999332
33395 SX 33383 0.000223
33395 SX 33386 0.000223
33395 SX 33385 0.000223
33395 RZPI 33395 1.000000
33395 RZ3PI 33396 1.000000
33395 RZPIHalf 33313 1.000000
33395 S 33314 1.000000
33395 X 33306 0.999332
33395 X 33395 0.000223
33395 X 33396 0.000223
33395 X 33308 0.000223
33396 SX 33386 0.999332
33396 SX 33385 0.000223
33396 SX 33384 0.000223
33396 SX 33383 0.000223
33396 RZPI 33396 1.000000
33396 RZ3PI 33395 1.000000
33396 RZPIHalf 33314 1.000000
33396 S 33313 1.000000
33396 X 33308 0.999332
33396 X 33396 0.000223
33396 X 33395 0.000223
33396 X 33306 0.000223
33437 SX 33338 0.999332
33437 SX 33322 0.000223
33437 SX 33324 0.000223
33437 SX 33336 0.000223
33437 RZPI 33437 1.000000
33437 RZ3PI 33440 1.000000
33437 RZPIHalf 33386 1.000000
33437 S 33383 1.000000
33437 X 33438 0.999332
33437 X 33437 0.000223
33437 X 33440 0.000223
33437 X 33439 0.000223
33438 SX 33322 0.999332
33438 SX 33338 0.000223
33438 SX 33336 0.000223
33438 SX 33324 0.000223
33438 RZPI 33438 1.000000
33438 RZ3PI 33439 1.000000
33438 RZPIHalf 33384 1.000000
33438 S 33385 1.000000
33438 X 33437 0.999332
33438 X 33438 0.000223
33438 X 33439 0.000223
33438 X 33440 0.000223
33439 SX 33336 0.999332
33439 SX 33324 0.000223
33439 SX 33322 0.000223
33439 SX 33338 0.000223
33439 RZPI 33439 1.000000
33439 RZ3PI 33438 1.000000
33439 RZPIHalf 33385 1.000000
33439 S 33384 1.000000
33439 X 33440 0.999332
33439 X 33439 0.000223
33439 X 33438 0.000223
33439 X 33437 0.000223
33440 SX 33324 0.999332
33440 SX 33336 0.000223
33440 SX 33338 0.000223
33440 SX 33322 0.000223
33440 RZPI 33440 1.000000
33440 RZ3PI 33437 1.000000
33440 RZPIHalf 33383 1.000000
33440 S 33386 1.000000
33440 X 33439 0.999332
33440 X 33440 0.000223
33440 X 33437 0.000223
33440 X 33438 0.000223
ENDPOMDP
