BEGINPOMDP
INITIALSTATE: 12834
STATES: 12928,12937,12938,12834,12835,12840,12841,12842,12843,12846,12848,12850,12979,12980,12981,12982,12855,12856,12864,12866,12878,12880,12925,12926,12927
REWARDS: 12928:0,12937:0,12938:0,12834:0,12835:0,12840:0,12841:0,12842:0,12843:0,12846:0,12848:0,12850:0,12979:0,12980:0,12981:0,12982:0,12855:0,12856:1,12864:0,12866:0,12878:0,12880:0,12925:0,12926:0,12927:0
GAMMA: 12928:0,12937:0,12938:0,12834:0,12835:0,12840:0,12841:0,12842:0,12843:0,12846:0,12848:0,12850:0,12979:0,12980:0,12981:0,12982:0,12855:0,12856:0,12864:0,12866:0,12878:0,12880:0,12925:0,12926:0,12927:0
BEGINACTIONS
SX
RZPI
RZ3PI
RZPIHalf
S
X
ENDACTIONS
12834 INIT_ 12835 1.000000
12835 SX 12840 0.992191
12835 SX 12841 0.002603
12835 SX 12842 0.002603
12835 SX 12843 0.002603
12835 RZPI 12835 1.000000
12835 RZ3PI 12846 1.000000
12835 RZPIHalf 12848 1.000000
12835 S 12850 1.000000
12835 X 12855 0.992191
12835 X 12835 0.002603
12835 X 12846 0.002603
12835 X 12856 0.002603
12840 SX 12855 0.992191
12840 SX 12835 0.002603
12840 SX 12846 0.002603
12840 SX 12856 0.002603
12840 RZPI 12840 1.000000
12840 RZ3PI 12843 1.000000
12840 RZPIHalf 12864 1.000000
12840 S 12866 1.000000
12840 X 12841 0.992191
12840 X 12840 0.002603
12840 X 12843 0.002603
12840 X 12842 0.002603
12841 SX 12835 0.992191
12841 SX 12855 0.002603
12841 SX 12856 0.002603
12841 SX 12846 0.002603
12841 RZPI 12841 1.000000
12841 RZ3PI 12842 1.000000
12841 RZPIHalf 12878 1.000000
12841 S 12880 1.000000
12841 X 12840 0.992191
12841 X 12841 0.002603
12841 X 12842 0.002603
12841 X 12843 0.002603
12842 SX 12856 0.992191
12842 SX 12846 0.002603
12842 SX 12835 0.002603
12842 SX 12855 0.002603
12842 RZPI 12842 1.000000
12842 RZ3PI 12841 1.000000
12842 RZPIHalf 12880 1.000000
12842 S 12878 1.000000
12842 X 12843 0.992191
12842 X 12842 0.002603
12842 X 12841 0.002603
12842 X 12840 0.002603
12843 SX 12846 0.992191
12843 SX 12856 0.002603
12843 SX 12855 0.002603
12843 SX 12835 0.002603
12843 RZPI 12843 1.000000
12843 RZ3PI 12840 1.000000
12843 RZPIHalf 12866 1.000000
12843 S 12864 1.000000
12843 X 12842 0.992191
12843 X 12843 0.002603
12843 X 12840 0.002603
12843 X 12841 0.002603
12846 SX 12842 0.992191
12846 SX 12843 0.002603
12846 SX 12840 0.002603
12846 SX 12841 0.002603
12846 RZPI 12846 1.000000
12846 RZ3PI 12835 1.000000
12846 RZPIHalf 12850 1.000000
12846 S 12848 1.000000
12846 X 12856 0.992191
12846 X 12846 0.002603
12846 X 12835 0.002603
12846 X 12855 0.002603
12848 SX 12925 0.992191
12848 SX 12926 0.002603
12848 SX 12927 0.002603
12848 SX 12928 0.002603
12848 RZPI 12848 1.000000
12848 RZ3PI 12850 1.000000
12848 RZPIHalf 12846 1.000000
12848 S 12835 1.000000
12848 X 12937 0.992191
12848 X 12848 0.002603
12848 X 12850 0.002603
12848 X 12938 0.002603
12850 SX 12927 0.992191
12850 SX 12928 0.002603
12850 SX 12925 0.002603
12850 SX 12926 0.002603
12850 RZPI 12850 1.000000
12850 RZ3PI 12848 1.000000
12850 RZPIHalf 12835 1.000000
12850 S 12846 1.000000
12850 X 12938 0.992191
12850 X 12850 0.002603
12850 X 12848 0.002603
12850 X 12937 0.002603
12855 SX 12841 0.992191
12855 SX 12840 0.002603
12855 SX 12843 0.002603
12855 SX 12842 0.002603
12855 RZPI 12855 1.000000
12855 RZ3PI 12856 1.000000
12855 RZPIHalf 12938 1.000000
12855 S 12937 1.000000
12855 X 12835 0.992191
12855 X 12855 0.002603
12855 X 12856 0.002603
12855 X 12846 0.002603
12856 SX 12843 0.992191
12856 SX 12842 0.002603
12856 SX 12841 0.002603
12856 SX 12840 0.002603
12856 RZPI 12856 1.000000
12856 RZ3PI 12855 1.000000
12856 RZPIHalf 12937 1.000000
12856 S 12938 1.000000
12856 X 12846 0.992191
12856 X 12856 0.002603
12856 X 12855 0.002603
12856 X 12835 0.002603
12864 SX 12979 0.992191
12864 SX 12980 0.002603
12864 SX 12981 0.002603
12864 SX 12982 0.002603
12864 RZPI 12864 1.000000
12864 RZ3PI 12866 1.000000
12864 RZPIHalf 12843 1.000000
12864 S 12840 1.000000
12864 X 12880 0.992191
12864 X 12864 0.002603
12864 X 12866 0.002603
12864 X 12878 0.002603
12866 SX 12981 0.992191
12866 SX 12982 0.002603
12866 SX 12979 0.002603
12866 SX 12980 0.002603
12866 RZPI 12866 1.000000
12866 RZ3PI 12864 1.000000
12866 RZPIHalf 12840 1.000000
12866 S 12843 1.000000
12866 X 12878 0.992191
12866 X 12866 0.002603
12866 X 12864 0.002603
12866 X 12880 0.002603
12878 SX 12982 0.992191
12878 SX 12981 0.002603
12878 SX 12980 0.002603
12878 SX 12979 0.002603
12878 RZPI 12878 1.000000
12878 RZ3PI 12880 1.000000
12878 RZPIHalf 12842 1.000000
12878 S 12841 1.000000
12878 X 12866 0.992191
12878 X 12878 0.002603
12878 X 12880 0.002603
12878 X 12864 0.002603
12880 SX 12980 0.992191
12880 SX 12979 0.002603
12880 SX 12982 0.002603
12880 SX 12981 0.002603
12880 RZPI 12880 1.000000
12880 RZ3PI 12878 1.000000
12880 RZPIHalf 12841 1.000000
12880 S 12842 1.000000
12880 X 12864 0.992191
12880 X 12880 0.002603
12880 X 12878 0.002603
12880 X 12866 0.002603
12925 SX 12937 0.992191
12925 SX 12848 0.002603
12925 SX 12850 0.002603
12925 SX 12938 0.002603
12925 RZPI 12925 1.000000
12925 RZ3PI 12928 1.000000
12925 RZPIHalf 12979 1.000000
12925 S 12982 1.000000
12925 X 12926 0.992191
12925 X 12925 0.002603
12925 X 12928 0.002603
12925 X 12927 0.002603
12926 SX 12848 0.992191
12926 SX 12937 0.002603
12926 SX 12938 0.002603
12926 SX 12850 0.002603
12926 RZPI 12926 1.000000
12926 RZ3PI 12927 1.000000
12926 RZPIHalf 12981 1.000000
12926 S 12980 1.000000
12926 X 12925 0.992191
12926 X 12926 0.002603
12926 X 12927 0.002603
12926 X 12928 0.002603
12927 SX 12938 0.992191
12927 SX 12850 0.002603
12927 SX 12848 0.002603
12927 SX 12937 0.002603
12927 RZPI 12927 1.000000
12927 RZ3PI 12926 1.000000
12927 RZPIHalf 12980 1.000000
12927 S 12981 1.000000
12927 X 12928 0.992191
12927 X 12927 0.002603
12927 X 12926 0.002603
12927 X 12925 0.002603
12928 SX 12850 0.992191
12928 SX 12938 0.002603
12928 SX 12937 0.002603
12928 SX 12848 0.002603
12928 RZPI 12928 1.000000
12928 RZ3PI 12925 1.000000
12928 RZPIHalf 12982 1.000000
12928 S 12979 1.000000
12928 X 12927 0.992191
12928 X 12928 0.002603
12928 X 12925 0.002603
12928 X 12926 0.002603
12937 SX 12926 0.992191
12937 SX 12925 0.002603
12937 SX 12928 0.002603
12937 SX 12927 0.002603
12937 RZPI 12937 1.000000
12937 RZ3PI 12938 1.000000
12937 RZPIHalf 12855 1.000000
12937 S 12856 1.000000
12937 X 12848 0.992191
12937 X 12937 0.002603
12937 X 12938 0.002603
12937 X 12850 0.002603
12938 SX 12928 0.992191
12938 SX 12927 0.002603
12938 SX 12926 0.002603
12938 SX 12925 0.002603
12938 RZPI 12938 1.000000
12938 RZ3PI 12937 1.000000
12938 RZPIHalf 12856 1.000000
12938 S 12855 1.000000
12938 X 12850 0.992191
12938 X 12938 0.002603
12938 X 12937 0.002603
12938 X 12848 0.002603
12979 SX 12880 0.992191
12979 SX 12864 0.002603
12979 SX 12866 0.002603
12979 SX 12878 0.002603
12979 RZPI 12979 1.000000
12979 RZ3PI 12982 1.000000
12979 RZPIHalf 12928 1.000000
12979 S 12925 1.000000
12979 X 12980 0.992191
12979 X 12979 0.002603
12979 X 12982 0.002603
12979 X 12981 0.002603
12980 SX 12864 0.992191
12980 SX 12880 0.002603
12980 SX 12878 0.002603
12980 SX 12866 0.002603
12980 RZPI 12980 1.000000
12980 RZ3PI 12981 1.000000
12980 RZPIHalf 12926 1.000000
12980 S 12927 1.000000
12980 X 12979 0.992191
12980 X 12980 0.002603
12980 X 12981 0.002603
12980 X 12982 0.002603
12981 SX 12878 0.992191
12981 SX 12866 0.002603
12981 SX 12864 0.002603
12981 SX 12880 0.002603
12981 RZPI 12981 1.000000
12981 RZ3PI 12980 1.000000
12981 RZPIHalf 12927 1.000000
12981 S 12926 1.000000
12981 X 12982 0.992191
12981 X 12981 0.002603
12981 X 12980 0.002603
12981 X 12979 0.002603
12982 SX 12866 0.992191
12982 SX 12878 0.002603
12982 SX 12880 0.002603
12982 SX 12864 0.002603
12982 RZPI 12982 1.000000
12982 RZ3PI 12979 1.000000
12982 RZPIHalf 12925 1.000000
12982 S 12928 1.000000
12982 X 12981 0.992191
12982 X 12982 0.002603
12982 X 12979 0.002603
12982 X 12980 0.002603
ENDPOMDP
