BEGINPOMDP
INITIALSTATE: 12521
STATES: 12551,12553,12565,12567,12612,12613,12614,12615,12624,12625,12521,12522,12527,12528,12529,12530,12533,12535,12537,12666,12667,12668,12669,12542,12543
REWARDS: 12551:0,12553:0,12565:0,12567:0,12612:0,12613:0,12614:0,12615:0,12624:0,12625:0,12521:0,12522:0,12527:0,12528:0,12529:0,12530:0,12533:0,12535:0,12537:0,12666:0,12667:0,12668:0,12669:0,12542:0,12543:1
GAMMA: 12551:0,12553:0,12565:0,12567:0,12612:0,12613:0,12614:0,12615:0,12624:0,12625:0,12521:0,12522:0,12527:0,12528:0,12529:0,12530:0,12533:0,12535:0,12537:0,12666:0,12667:0,12668:0,12669:0,12542:0,12543:0
BEGINACTIONS
SX
RZPI
RZ3PI
RZPIHalf
S
X
ENDACTIONS
12521 INIT_ 12522 1.000000
12522 SX 12527 0.999620
12522 SX 12528 0.000127
12522 SX 12529 0.000127
12522 SX 12530 0.000127
12522 RZPI 12522 1.000000
12522 RZ3PI 12533 1.000000
12522 RZPIHalf 12535 1.000000
12522 S 12537 1.000000
12522 X 12542 0.999620
12522 X 12522 0.000127
12522 X 12533 0.000127
12522 X 12543 0.000127
12527 SX 12542 0.999620
12527 SX 12522 0.000127
12527 SX 12533 0.000127
12527 SX 12543 0.000127
12527 RZPI 12527 1.000000
12527 RZ3PI 12530 1.000000
12527 RZPIHalf 12551 1.000000
12527 S 12553 1.000000
12527 X 12528 0.999620
12527 X 12527 0.000127
12527 X 12530 0.000127
12527 X 12529 0.000127
12528 SX 12522 0.999620
12528 SX 12542 0.000127
12528 SX 12543 0.000127
12528 SX 12533 0.000127
12528 RZPI 12528 1.000000
12528 RZ3PI 12529 1.000000
12528 RZPIHalf 12565 1.000000
12528 S 12567 1.000000
12528 X 12527 0.999620
12528 X 12528 0.000127
12528 X 12529 0.000127
12528 X 12530 0.000127
12529 SX 12543 0.999620
12529 SX 12533 0.000127
12529 SX 12522 0.000127
12529 SX 12542 0.000127
12529 RZPI 12529 1.000000
12529 RZ3PI 12528 1.000000
12529 RZPIHalf 12567 1.000000
12529 S 12565 1.000000
12529 X 12530 0.999620
12529 X 12529 0.000127
12529 X 12528 0.000127
12529 X 12527 0.000127
12530 SX 12533 0.999620
12530 SX 12543 0.000127
12530 SX 12542 0.000127
12530 SX 12522 0.000127
12530 RZPI 12530 1.000000
12530 RZ3PI 12527 1.000000
12530 RZPIHalf 12553 1.000000
12530 S 12551 1.000000
12530 X 12529 0.999620
12530 X 12530 0.000127
12530 X 12527 0.000127
12530 X 12528 0.000127
12533 SX 12529 0.999620
12533 SX 12530 0.000127
12533 SX 12527 0.000127
12533 SX 12528 0.000127
12533 RZPI 12533 1.000000
12533 RZ3PI 12522 1.000000
12533 RZPIHalf 12537 1.000000
12533 S 12535 1.000000
12533 X 12543 0.999620
12533 X 12533 0.000127
12533 X 12522 0.000127
12533 X 12542 0.000127
12535 SX 12612 0.999620
12535 SX 12613 0.000127
12535 SX 12614 0.000127
12535 SX 12615 0.000127
12535 RZPI 12535 1.000000
12535 RZ3PI 12537 1.000000
12535 RZPIHalf 12533 1.000000
12535 S 12522 1.000000
12535 X 12624 0.999620
12535 X 12535 0.000127
12535 X 12537 0.000127
12535 X 12625 0.000127
12537 SX 12614 0.999620
12537 SX 12615 0.000127
12537 SX 12612 0.000127
12537 SX 12613 0.000127
12537 RZPI 12537 1.000000
12537 RZ3PI 12535 1.000000
12537 RZPIHalf 12522 1.000000
12537 S 12533 1.000000
12537 X 12625 0.999620
12537 X 12537 0.000127
12537 X 12535 0.000127
12537 X 12624 0.000127
12542 SX 12528 0.999620
12542 SX 12527 0.000127
12542 SX 12530 0.000127
12542 SX 12529 0.000127
12542 RZPI 12542 1.000000
12542 RZ3PI 12543 1.000000
12542 RZPIHalf 12625 1.000000
12542 S 12624 1.000000
12542 X 12522 0.999620
12542 X 12542 0.000127
12542 X 12543 0.000127
12542 X 12533 0.000127
12543 SX 12530 0.999620
12543 SX 12529 0.000127
12543 SX 12528 0.000127
12543 SX 12527 0.000127
12543 RZPI 12543 1.000000
12543 RZ3PI 12542 1.000000
12543 RZPIHalf 12624 1.000000
12543 S 12625 1.000000
12543 X 12533 0.999620
12543 X 12543 0.000127
12543 X 12542 0.000127
12543 X 12522 0.000127
12551 SX 12666 0.999620
12551 SX 12667 0.000127
12551 SX 12668 0.000127
12551 SX 12669 0.000127
12551 RZPI 12551 1.000000
12551 RZ3PI 12553 1.000000
12551 RZPIHalf 12530 1.000000
12551 S 12527 1.000000
12551 X 12567 0.999620
12551 X 12551 0.000127
12551 X 12553 0.000127
12551 X 12565 0.000127
12553 SX 12668 0.999620
12553 SX 12669 0.000127
12553 SX 12666 0.000127
12553 SX 12667 0.000127
12553 RZPI 12553 1.000000
12553 RZ3PI 12551 1.000000
12553 RZPIHalf 12527 1.000000
12553 S 12530 1.000000
12553 X 12565 0.999620
12553 X 12553 0.000127
12553 X 12551 0.000127
12553 X 12567 0.000127
12565 SX 12669 0.999620
12565 SX 12668 0.000127
12565 SX 12667 0.000127
12565 SX 12666 0.000127
12565 RZPI 12565 1.000000
12565 RZ3PI 12567 1.000000
12565 RZPIHalf 12529 1.000000
12565 S 12528 1.000000
12565 X 12553 0.999620
12565 X 12565 0.000127
12565 X 12567 0.000127
12565 X 12551 0.000127
12567 SX 12667 0.999620
12567 SX 12666 0.000127
12567 SX 12669 0.000127
12567 SX 12668 0.000127
12567 RZPI 12567 1.000000
12567 RZ3PI 12565 1.000000
12567 RZPIHalf 12528 1.000000
12567 S 12529 1.000000
12567 X 12551 0.999620
12567 X 12567 0.000127
12567 X 12565 0.000127
12567 X 12553 0.000127
12612 SX 12624 0.999620
12612 SX 12535 0.000127
12612 SX 12537 0.000127
12612 SX 12625 0.000127
12612 RZPI 12612 1.000000
12612 RZ3PI 12615 1.000000
12612 RZPIHalf 12666 1.000000
12612 S 12669 1.000000
12612 X 12613 0.999620
12612 X 12612 0.000127
12612 X 12615 0.000127
12612 X 12614 0.000127
12613 SX 12535 0.999620
12613 SX 12624 0.000127
12613 SX 12625 0.000127
12613 SX 12537 0.000127
12613 RZPI 12613 1.000000
12613 RZ3PI 12614 1.000000
12613 RZPIHalf 12668 1.000000
12613 S 12667 1.000000
12613 X 12612 0.999620
12613 X 12613 0.000127
12613 X 12614 0.000127
12613 X 12615 0.000127
12614 SX 12625 0.999620
12614 SX 12537 0.000127
12614 SX 12535 0.000127
12614 SX 12624 0.000127
12614 RZPI 12614 1.000000
12614 RZ3PI 12613 1.000000
12614 RZPIHalf 12667 1.000000
12614 S 12668 1.000000
12614 X 12615 0.999620
12614 X 12614 0.000127
12614 X 12613 0.000127
12614 X 12612 0.000127
12615 SX 12537 0.999620
12615 SX 12625 0.000127
12615 SX 12624 0.000127
12615 SX 12535 0.000127
12615 RZPI 12615 1.000000
12615 RZ3PI 12612 1.000000
12615 RZPIHalf 12669 1.000000
12615 S 12666 1.000000
12615 X 12614 0.999620
12615 X 12615 0.000127
12615 X 12612 0.000127
12615 X 12613 0.000127
12624 SX 12613 0.999620
12624 SX 12612 0.000127
12624 SX 12615 0.000127
12624 SX 12614 0.000127
12624 RZPI 12624 1.000000
12624 RZ3PI 12625 1.000000
12624 RZPIHalf 12542 1.000000
12624 S 12543 1.000000
12624 X 12535 0.999620
12624 X 12624 0.000127
12624 X 12625 0.000127
12624 X 12537 0.000127
12625 SX 12615 0.999620
12625 SX 12614 0.000127
12625 SX 12613 0.000127
12625 SX 12612 0.000127
12625 RZPI 12625 1.000000
12625 RZ3PI 12624 1.000000
12625 RZPIHalf 12543 1.000000
12625 S 12542 1.000000
12625 X 12537 0.999620
12625 X 12625 0.000127
12625 X 12624 0.000127
12625 X 12535 0.000127
12666 SX 12567 0.999620
12666 SX 12551 0.000127
12666 SX 12553 0.000127
12666 SX 12565 0.000127
12666 RZPI 12666 1.000000
12666 RZ3PI 12669 1.000000
12666 RZPIHalf 12615 1.000000
12666 S 12612 1.000000
12666 X 12667 0.999620
12666 X 12666 0.000127
12666 X 12669 0.000127
12666 X 12668 0.000127
12667 SX 12551 0.999620
12667 SX 12567 0.000127
12667 SX 12565 0.000127
12667 SX 12553 0.000127
12667 RZPI 12667 1.000000
12667 RZ3PI 12668 1.000000
12667 RZPIHalf 12613 1.000000
12667 S 12614 1.000000
12667 X 12666 0.999620
12667 X 12667 0.000127
12667 X 12668 0.000127
12667 X 12669 0.000127
12668 SX 12565 0.999620
12668 SX 12553 0.000127
12668 SX 12551 0.000127
12668 SX 12567 0.000127
12668 RZPI 12668 1.000000
12668 RZ3PI 12667 1.000000
12668 RZPIHalf 12614 1.000000
12668 S 12613 1.000000
12668 X 12669 0.999620
12668 X 12668 0.000127
12668 X 12667 0.000127
12668 X 12666 0.000127
12669 SX 12553 0.999620
12669 SX 12565 0.000127
12669 SX 12567 0.000127
12669 SX 12551 0.000127
12669 RZPI 12669 1.000000
12669 RZ3PI 12666 1.000000
12669 RZPIHalf 12612 1.000000
12669 S 12615 1.000000
12669 X 12668 0.999620
12669 X 12669 0.000127
12669 X 12666 0.000127
12669 X 12667 0.000127
ENDPOMDP
