BEGINPOMDP
INITIALSTATE: 1741
STATES: 2067,1813,2069,1814,1823,1824,1828,1829,1861,1862,1741,1742,1870,1746,1747,1875,1874,1751,1753,1883,1755,1884,1759,1760,1889,1888,1767,1769,1773,1774
REWARDS: 2067:0,1813:0,2069:0,1814:0,1823:0,1824:0,1828:0,1829:0,1861:0,1862:0,1741:0,1742:0,1870:0,1746:0,1747:0,1875:0,1874:0,1751:0,1753:0,1883:0,1755:0,1884:0,1759:0,1760:1,1889:0,1888:0,1767:0,1769:0,1773:0,1774:0
GAMMA: 2067:0,1813:0,2069:0,1814:0,1823:0,1824:0,1828:0,1829:0,1861:0,1862:0,1741:0,1742:0,1870:0,1746:0,1747:0,1875:0,1874:0,1751:0,1753:0,1883:0,1755:0,1884:0,1759:0,1760:0,1889:0,1888:0,1767:0,1769:0,1773:0,1774:0
BEGINACTIONS
SX
RZPI
RZ3PI
RZPIHalf
S
X
ENDACTIONS
1741 INIT_ 1742 1.000000
1741 SX 1861 0.997524
1741 SX 1862 0.002200
1741 SX 1741 0.000276
1741 RZPI 1741 1.000000
1741 RZ3PI 1741 1.000000
1741 RZPIHalf 1741 1.000000
1741 S 1741 1.000000
1741 X 1870 0.999724
1741 X 1741 0.000276
1742 SX 1746 0.997524
1742 SX 1747 0.002200
1742 RZPI 1742 1.000000
1742 RZ3PI 1751 1.000000
1742 RZPIHalf 1753 1.000000
1742 S 1755 1.000000
1742 X 1759 0.997524
1742 X 1760 0.002200
1742 X 1741 0.000276
1746 SX 1759 0.997524
1746 SX 1760 0.002200
1746 SX 1741 0.000276
1746 RZPI 1746 1.000000
1746 RZ3PI 1747 1.000000
1746 RZPIHalf 1767 1.000000
1746 S 1769 1.000000
1746 X 1773 0.997524
1746 X 1774 0.002200
1747 SX 1751 0.997524
1747 SX 1742 0.002200
1747 RZPI 1747 1.000000
1747 RZ3PI 1746 1.000000
1747 RZPIHalf 1769 1.000000
1747 S 1767 1.000000
1747 X 1774 0.997524
1747 X 1773 0.002200
1751 SX 1774 0.997524
1751 SX 1773 0.002200
1751 RZPI 1751 1.000000
1751 RZ3PI 1742 1.000000
1751 RZPIHalf 1755 1.000000
1751 S 1753 1.000000
1751 X 1760 0.997524
1751 X 1759 0.002200
1751 X 1741 0.000276
1753 SX 1813 0.997524
1753 SX 1814 0.002200
1753 RZPI 1753 1.000000
1753 RZ3PI 1755 1.000000
1753 RZPIHalf 1751 1.000000
1753 S 1742 1.000000
1753 X 1823 0.997524
1753 X 1824 0.002200
1753 X 1741 0.000276
1755 SX 1828 0.997524
1755 SX 1829 0.002200
1755 RZPI 1755 1.000000
1755 RZ3PI 1753 1.000000
1755 RZPIHalf 1742 1.000000
1755 S 1751 1.000000
1755 X 1824 0.997524
1755 X 1823 0.002200
1755 X 1741 0.000276
1759 SX 1773 0.997524
1759 SX 1774 0.002200
1759 RZPI 1759 1.000000
1759 RZ3PI 1760 1.000000
1759 RZPIHalf 1824 1.000000
1759 S 1823 1.000000
1759 X 1742 0.997524
1759 X 1751 0.002200
1760 SX 1747 0.997524
1760 SX 1746 0.002200
1760 RZPI 1760 1.000000
1760 RZ3PI 1759 1.000000
1760 RZPIHalf 1823 1.000000
1760 S 1824 1.000000
1760 X 1751 0.997524
1760 X 1742 0.002200
1767 SX 1874 0.997524
1767 SX 1875 0.002200
1767 RZPI 1767 1.000000
1767 RZ3PI 1769 1.000000
1767 RZPIHalf 1747 1.000000
1767 S 1746 1.000000
1767 X 1883 0.997524
1767 X 1884 0.002200
1769 SX 1888 0.997524
1769 SX 1889 0.002200
1769 RZPI 1769 1.000000
1769 RZ3PI 1767 1.000000
1769 RZPIHalf 1746 1.000000
1769 S 1747 1.000000
1769 X 1884 0.997524
1769 X 1883 0.002200
1773 SX 1742 0.997524
1773 SX 1751 0.002200
1773 SX 1741 0.000276
1773 RZPI 1773 1.000000
1773 RZ3PI 1774 1.000000
1773 RZPIHalf 1884 1.000000
1773 S 1883 1.000000
1773 X 1746 0.997524
1773 X 1747 0.002200
1774 SX 1760 0.997524
1774 SX 1759 0.002200
1774 RZPI 1774 1.000000
1774 RZ3PI 1773 1.000000
1774 RZPIHalf 1883 1.000000
1774 S 1884 1.000000
1774 X 1747 0.997524
1774 X 1746 0.002200
1813 SX 1823 0.997524
1813 SX 1824 0.002200
1813 SX 1741 0.000276
1813 RZPI 1813 1.000000
1813 RZ3PI 1814 1.000000
1813 RZPIHalf 1874 1.000000
1813 S 1875 1.000000
1813 X 1829 0.997524
1813 X 1828 0.002200
1814 SX 1755 0.997524
1814 SX 1753 0.002200
1814 RZPI 1814 1.000000
1814 RZ3PI 1813 1.000000
1814 RZPIHalf 1875 1.000000
1814 S 1874 1.000000
1814 X 1828 0.997524
1814 X 1829 0.002200
1823 SX 1829 0.997524
1823 SX 1828 0.002200
1823 RZPI 1823 1.000000
1823 RZ3PI 1824 1.000000
1823 RZPIHalf 1759 1.000000
1823 S 1760 1.000000
1823 X 1753 0.997524
1823 X 1755 0.002200
1823 X 1741 0.000276
1824 SX 1814 0.997524
1824 SX 1813 0.002200
1824 RZPI 1824 1.000000
1824 RZ3PI 1823 1.000000
1824 RZPIHalf 1760 1.000000
1824 S 1759 1.000000
1824 X 1755 0.997524
1824 X 1753 0.002200
1828 SX 1824 0.997524
1828 SX 1823 0.002200
1828 RZPI 1828 1.000000
1828 RZ3PI 1829 1.000000
1828 RZPIHalf 1889 1.000000
1828 S 1888 1.000000
1828 X 1814 0.997524
1828 X 1813 0.002200
1829 SX 1753 0.997524
1829 SX 1755 0.002200
1829 SX 1741 0.000276
1829 RZPI 1829 1.000000
1829 RZ3PI 1828 1.000000
1829 RZPIHalf 1888 1.000000
1829 S 1889 1.000000
1829 X 1813 0.997524
1829 X 1814 0.002200
1861 SX 1870 0.999724
1861 SX 1741 0.000276
1861 RZPI 1861 1.000000
1861 RZ3PI 1862 1.000000
1861 RZPIHalf 2067 1.000000
1861 S 2069 1.000000
1861 X 1862 0.997524
1861 X 1861 0.002200
1861 X 1741 0.000276
1862 SX 1741 1.000000
1862 RZPI 1862 1.000000
1862 RZ3PI 1861 1.000000
1862 RZPIHalf 2069 1.000000
1862 S 2067 1.000000
1862 X 1861 0.997524
1862 X 1862 0.002200
1862 X 1741 0.000276
1870 SX 1862 0.997524
1870 SX 1861 0.002200
1870 SX 1741 0.000276
1870 RZPI 1870 1.000000
1870 RZ3PI 1870 1.000000
1870 RZPIHalf 1870 1.000000
1870 S 1870 1.000000
1870 X 1741 1.000000
1874 SX 1883 0.997524
1874 SX 1884 0.002200
1874 RZPI 1874 1.000000
1874 RZ3PI 1875 1.000000
1874 RZPIHalf 1814 1.000000
1874 S 1813 1.000000
1874 X 1889 0.997524
1874 X 1888 0.002200
1875 SX 1769 0.997524
1875 SX 1767 0.002200
1875 RZPI 1875 1.000000
1875 RZ3PI 1874 1.000000
1875 RZPIHalf 1813 1.000000
1875 S 1814 1.000000
1875 X 1888 0.997524
1875 X 1889 0.002200
1883 SX 1889 0.997524
1883 SX 1888 0.002200
1883 RZPI 1883 1.000000
1883 RZ3PI 1884 1.000000
1883 RZPIHalf 1773 1.000000
1883 S 1774 1.000000
1883 X 1767 0.997524
1883 X 1769 0.002200
1884 SX 1875 0.997524
1884 SX 1874 0.002200
1884 RZPI 1884 1.000000
1884 RZ3PI 1883 1.000000
1884 RZPIHalf 1774 1.000000
1884 S 1773 1.000000
1884 X 1769 0.997524
1884 X 1767 0.002200
1888 SX 1884 0.997524
1888 SX 1883 0.002200
1888 RZPI 1888 1.000000
1888 RZ3PI 1889 1.000000
1888 RZPIHalf 1828 1.000000
1888 S 1829 1.000000
1888 X 1875 0.997524
1888 X 1874 0.002200
1889 SX 1767 0.997524
1889 SX 1769 0.002200
1889 RZPI 1889 1.000000
1889 RZ3PI 1888 1.000000
1889 RZPIHalf 1829 1.000000
1889 S 1828 1.000000
1889 X 1874 0.997524
1889 X 1875 0.002200
2067 SX 2067 0.997524
2067 SX 2069 0.002200
2067 SX 1741 0.000276
2067 RZPI 2067 1.000000
2067 RZ3PI 2069 1.000000
2067 RZPIHalf 1862 1.000000
2067 S 1861 1.000000
2067 X 2067 0.997524
2067 X 2069 0.002200
2067 X 1741 0.000276
2069 SX 2069 0.997524
2069 SX 2067 0.002200
2069 SX 1741 0.000276
2069 RZPI 2069 1.000000
2069 RZ3PI 2067 1.000000
2069 RZPIHalf 1861 1.000000
2069 S 1862 1.000000
2069 X 2069 0.997524
2069 X 2067 0.002200
2069 X 1741 0.000276
ENDPOMDP
