BEGINPOMDP
INITIALSTATE: 253373
STATES: 254336,254338,253753,253754,253373,253374,253633,253634,253636,253637,253387,253388,253771,253390,253391,253519,253521,253395,253816,253397,253399,253655,253656,253412,253413,253430,253815,253432,253817,253818
REWARDS: 254336:0,254338:0,253753:0,253754:0,253373:0,253374:0,253633:0,253634:0,253636:0,253637:0,253387:0,253388:0,253771:0,253390:0,253391:0,253519:0,253521:0,253395:0,253816:0,253397:0,253399:0,253655:0,253656:0,253412:0,253413:1,253430:0,253815:0,253432:0,253817:0,253818:0
GAMMA: 254336:0,254338:0,253753:0,253754:0,253373:0,253374:0,253633:0,253634:0,253636:0,253637:0,253387:0,253388:0,253771:0,253390:0,253391:0,253519:0,253521:0,253395:0,253816:0,253397:0,253399:0,253655:0,253656:0,253412:0,253413:0,253430:0,253815:0,253432:0,253817:0,253818:0
BEGINACTIONS
SX
RZPI
RZ3PI
RZPIHalf
S
X
ENDACTIONS
253373 INIT_ 253374 1.000000
253373 SX 253753 0.999331
253373 SX 253754 0.000464
253373 SX 253373 0.000206
253373 RZPI 253373 1.000000
253373 RZ3PI 253373 1.000000
253373 RZPIHalf 253373 1.000000
253373 S 253373 1.000000
253373 X 253771 0.999714
253373 X 253373 0.000286
253374 SX 253387 0.999290
253374 SX 253388 0.000423
253374 SX 253390 0.000040
253374 SX 253391 0.000040
253374 RZPI 253374 1.000000
253374 RZ3PI 253395 1.000000
253374 RZPIHalf 253397 1.000000
253374 S 253399 1.000000
253374 X 253412 0.999290
253374 X 253413 0.000423
253374 X 253373 0.000206
253374 X 253374 0.000040
253374 X 253395 0.000040
253387 SX 253412 0.999290
253387 SX 253413 0.000423
253387 SX 253373 0.000206
253387 SX 253374 0.000040
253387 SX 253395 0.000040
253387 RZPI 253387 1.000000
253387 RZ3PI 253388 1.000000
253387 RZPIHalf 253430 1.000000
253387 S 253432 1.000000
253387 X 253390 0.999290
253387 X 253391 0.000423
253387 X 253387 0.000040
253387 X 253388 0.000040
253388 SX 253395 0.999290
253388 SX 253374 0.000423
253388 SX 253413 0.000040
253388 SX 253412 0.000040
253388 SX 253373 0.000000
253388 RZPI 253388 1.000000
253388 RZ3PI 253387 1.000000
253388 RZPIHalf 253432 1.000000
253388 S 253430 1.000000
253388 X 253391 0.999290
253388 X 253390 0.000423
253388 X 253388 0.000040
253388 X 253387 0.000040
253390 SX 253374 0.999290
253390 SX 253395 0.000423
253390 SX 253373 0.000206
253390 SX 253412 0.000040
253390 SX 253413 0.000040
253390 RZPI 253390 1.000000
253390 RZ3PI 253391 1.000000
253390 RZPIHalf 253519 1.000000
253390 S 253521 1.000000
253390 X 253387 0.999290
253390 X 253388 0.000423
253390 X 253390 0.000040
253390 X 253391 0.000040
253391 SX 253413 0.999290
253391 SX 253412 0.000423
253391 SX 253395 0.000040
253391 SX 253374 0.000040
253391 SX 253373 0.000000
253391 RZPI 253391 1.000000
253391 RZ3PI 253390 1.000000
253391 RZPIHalf 253521 1.000000
253391 S 253519 1.000000
253391 X 253388 0.999290
253391 X 253387 0.000423
253391 X 253391 0.000040
253391 X 253390 0.000040
253395 SX 253391 0.999290
253395 SX 253390 0.000423
253395 SX 253388 0.000040
253395 SX 253387 0.000040
253395 RZPI 253395 1.000000
253395 RZ3PI 253374 1.000000
253395 RZPIHalf 253399 1.000000
253395 S 253397 1.000000
253395 X 253413 0.999290
253395 X 253412 0.000423
253395 X 253395 0.000040
253395 X 253374 0.000040
253395 X 253373 0.000000
253397 SX 253633 0.999290
253397 SX 253634 0.000423
253397 SX 253636 0.000040
253397 SX 253637 0.000040
253397 RZPI 253397 1.000000
253397 RZ3PI 253399 1.000000
253397 RZPIHalf 253395 1.000000
253397 S 253374 1.000000
253397 X 253655 0.999290
253397 X 253656 0.000423
253397 X 253397 0.000040
253397 X 253399 0.000040
253399 SX 253637 0.999290
253399 SX 253636 0.000423
253399 SX 253634 0.000040
253399 SX 253633 0.000040
253399 RZPI 253399 1.000000
253399 RZ3PI 253397 1.000000
253399 RZPIHalf 253374 1.000000
253399 S 253395 1.000000
253399 X 253656 0.999290
253399 X 253655 0.000423
253399 X 253373 0.000206
253399 X 253399 0.000040
253399 X 253397 0.000040
253412 SX 253390 0.999290
253412 SX 253391 0.000423
253412 SX 253387 0.000040
253412 SX 253388 0.000040
253412 RZPI 253412 1.000000
253412 RZ3PI 253413 1.000000
253412 RZPIHalf 253656 1.000000
253412 S 253655 1.000000
253412 X 253374 0.999290
253412 X 253395 0.000423
253412 X 253373 0.000206
253412 X 253412 0.000040
253412 X 253413 0.000040
253413 SX 253388 0.999290
253413 SX 253387 0.000423
253413 SX 253391 0.000040
253413 SX 253390 0.000040
253413 RZPI 253413 1.000000
253413 RZ3PI 253412 1.000000
253413 RZPIHalf 253655 1.000000
253413 S 253656 1.000000
253413 X 253395 0.999290
253413 X 253374 0.000423
253413 X 253373 0.000206
253413 X 253413 0.000040
253413 X 253412 0.000040
253430 SX 253815 0.999290
253430 SX 253816 0.000423
253430 SX 253817 0.000040
253430 SX 253818 0.000040
253430 RZPI 253430 1.000000
253430 RZ3PI 253432 1.000000
253430 RZPIHalf 253388 1.000000
253430 S 253387 1.000000
253430 X 253521 0.999290
253430 X 253519 0.000423
253430 X 253430 0.000040
253430 X 253432 0.000040
253432 SX 253818 0.999290
253432 SX 253817 0.000423
253432 SX 253816 0.000040
253432 SX 253815 0.000040
253432 RZPI 253432 1.000000
253432 RZ3PI 253430 1.000000
253432 RZPIHalf 253387 1.000000
253432 S 253388 1.000000
253432 X 253519 0.999290
253432 X 253521 0.000423
253432 X 253432 0.000040
253432 X 253430 0.000040
253519 SX 253816 0.999290
253519 SX 253815 0.000423
253519 SX 253818 0.000040
253519 SX 253817 0.000040
253519 RZPI 253519 1.000000
253519 RZ3PI 253521 1.000000
253519 RZPIHalf 253391 1.000000
253519 S 253390 1.000000
253519 X 253432 0.999290
253519 X 253430 0.000423
253519 X 253519 0.000040
253519 X 253521 0.000040
253521 SX 253817 0.999290
253521 SX 253818 0.000423
253521 SX 253815 0.000040
253521 SX 253816 0.000040
253521 RZPI 253521 1.000000
253521 RZ3PI 253519 1.000000
253521 RZPIHalf 253390 1.000000
253521 S 253391 1.000000
253521 X 253430 0.999290
253521 X 253432 0.000423
253521 X 253521 0.000040
253521 X 253519 0.000040
253633 SX 253655 0.999290
253633 SX 253656 0.000423
253633 SX 253397 0.000040
253633 SX 253399 0.000040
253633 SX 253373 0.000000
253633 RZPI 253633 1.000000
253633 RZ3PI 253634 1.000000
253633 RZPIHalf 253815 1.000000
253633 S 253816 1.000000
253633 X 253636 0.999290
253633 X 253637 0.000423
253633 X 253633 0.000040
253633 X 253634 0.000040
253634 SX 253399 0.999290
253634 SX 253397 0.000423
253634 SX 253373 0.000206
253634 SX 253656 0.000040
253634 SX 253655 0.000040
253634 RZPI 253634 1.000000
253634 RZ3PI 253633 1.000000
253634 RZPIHalf 253816 1.000000
253634 S 253815 1.000000
253634 X 253637 0.999290
253634 X 253636 0.000423
253634 X 253634 0.000040
253634 X 253633 0.000040
253636 SX 253397 0.999290
253636 SX 253399 0.000423
253636 SX 253655 0.000040
253636 SX 253656 0.000040
253636 SX 253373 0.000000
253636 RZPI 253636 1.000000
253636 RZ3PI 253637 1.000000
253636 RZPIHalf 253818 1.000000
253636 S 253817 1.000000
253636 X 253633 0.999290
253636 X 253634 0.000423
253636 X 253636 0.000040
253636 X 253637 0.000040
253637 SX 253656 0.999290
253637 SX 253655 0.000423
253637 SX 253373 0.000206
253637 SX 253399 0.000040
253637 SX 253397 0.000040
253637 RZPI 253637 1.000000
253637 RZ3PI 253636 1.000000
253637 RZPIHalf 253817 1.000000
253637 S 253818 1.000000
253637 X 253634 0.999290
253637 X 253633 0.000423
253637 X 253637 0.000040
253637 X 253636 0.000040
253655 SX 253636 0.999290
253655 SX 253637 0.000423
253655 SX 253633 0.000040
253655 SX 253634 0.000040
253655 RZPI 253655 1.000000
253655 RZ3PI 253656 1.000000
253655 RZPIHalf 253412 1.000000
253655 S 253413 1.000000
253655 X 253397 0.999290
253655 X 253399 0.000423
253655 X 253655 0.000040
253655 X 253656 0.000040
253655 X 253373 0.000000
253656 SX 253634 0.999290
253656 SX 253633 0.000423
253656 SX 253637 0.000040
253656 SX 253636 0.000040
253656 RZPI 253656 1.000000
253656 RZ3PI 253655 1.000000
253656 RZPIHalf 253413 1.000000
253656 S 253412 1.000000
253656 X 253399 0.999290
253656 X 253397 0.000423
253656 X 253656 0.000040
253656 X 253655 0.000040
253656 X 253373 0.000000
253753 SX 253771 0.999714
253753 SX 253373 0.000286
253753 RZPI 253753 1.000000
253753 RZ3PI 253754 1.000000
253753 RZPIHalf 254336 1.000000
253753 S 254338 1.000000
253753 X 253754 0.999331
253753 X 253753 0.000464
253753 X 253373 0.000206
253754 SX 253373 0.999920
253754 SX 253771 0.000080
253754 RZPI 253754 1.000000
253754 RZ3PI 253753 1.000000
253754 RZPIHalf 254338 1.000000
253754 S 254336 1.000000
253754 X 253753 0.999331
253754 X 253754 0.000464
253754 X 253373 0.000206
253771 SX 253754 0.999331
253771 SX 253753 0.000464
253771 SX 253373 0.000206
253771 RZPI 253771 1.000000
253771 RZ3PI 253771 1.000000
253771 RZPIHalf 253771 1.000000
253771 S 253771 1.000000
253771 X 253373 0.999920
253771 X 253771 0.000080
253815 SX 253521 0.999290
253815 SX 253519 0.000423
253815 SX 253430 0.000040
253815 SX 253432 0.000040
253815 RZPI 253815 1.000000
253815 RZ3PI 253816 1.000000
253815 RZPIHalf 253634 1.000000
253815 S 253633 1.000000
253815 X 253817 0.999290
253815 X 253818 0.000423
253815 X 253815 0.000040
253815 X 253816 0.000040
253816 SX 253432 0.999290
253816 SX 253430 0.000423
253816 SX 253519 0.000040
253816 SX 253521 0.000040
253816 RZPI 253816 1.000000
253816 RZ3PI 253815 1.000000
253816 RZPIHalf 253633 1.000000
253816 S 253634 1.000000
253816 X 253818 0.999290
253816 X 253817 0.000423
253816 X 253816 0.000040
253816 X 253815 0.000040
253817 SX 253430 0.999290
253817 SX 253432 0.000423
253817 SX 253521 0.000040
253817 SX 253519 0.000040
253817 RZPI 253817 1.000000
253817 RZ3PI 253818 1.000000
253817 RZPIHalf 253636 1.000000
253817 S 253637 1.000000
253817 X 253815 0.999290
253817 X 253816 0.000423
253817 X 253817 0.000040
253817 X 253818 0.000040
253818 SX 253519 0.999290
253818 SX 253521 0.000423
253818 SX 253432 0.000040
253818 SX 253430 0.000040
253818 RZPI 253818 1.000000
253818 RZ3PI 253817 1.000000
253818 RZPIHalf 253637 1.000000
253818 S 253636 1.000000
253818 X 253816 0.999290
253818 X 253815 0.000423
253818 X 253818 0.000040
253818 X 253817 0.000040
254336 SX 254336 0.999331
254336 SX 254338 0.000464
254336 SX 253373 0.000206
254336 RZPI 254336 1.000000
254336 RZ3PI 254338 1.000000
254336 RZPIHalf 253754 1.000000
254336 S 253753 1.000000
254336 X 254336 0.999331
254336 X 254338 0.000464
254336 X 253373 0.000206
254338 SX 254338 0.999331
254338 SX 254336 0.000464
254338 SX 253373 0.000206
254338 RZPI 254338 1.000000
254338 RZ3PI 254336 1.000000
254338 RZPIHalf 253753 1.000000
254338 S 253754 1.000000
254338 X 254338 0.999331
254338 X 254336 0.000464
254338 X 253373 0.000206
ENDPOMDP
