BEGINPOMDP
INITIALSTATE: 1
STATES: 1,2,262,263,265,266,15,16,18,19,148,150,23,25,27,284,285,40,41,59,444,61,445,446,447
REWARDS: 1:0,2:0,262:0,263:0,265:0,266:0,15:0,16:0,18:0,19:0,148:0,150:0,23:0,25:0,27:0,284:0,285:0,40:0,41:1,59:0,444:0,61:0,445:0,446:0,447:0
GAMMA: 1:0,2:0,262:0,263:0,265:0,266:0,15:0,16:0,18:0,19:0,148:0,150:0,23:0,25:0,27:0,284:0,285:0,40:0,41:0,59:0,444:0,61:0,445:0,446:0,447:0
BEGINACTIONS
SX
RZPI
RZ3PI
RZPIHalf
S
X
ENDACTIONS
1 INIT_ 2 1.000000
2 SX 15 0.999600
2 SX 16 0.000042
2 SX 18 0.000038
2 SX 19 0.000038
2 RZPI 2 1.000000
2 RZ3PI 23 1.000000
2 RZPIHalf 25 1.000000
2 S 27 1.000000
2 X 40 0.999600
2 X 41 0.000042
2 X 2 0.000038
2 X 23 0.000038
15 SX 40 0.999600
15 SX 41 0.000042
15 SX 2 0.000038
15 SX 23 0.000038
15 RZPI 15 1.000000
15 RZ3PI 16 1.000000
15 RZPIHalf 59 1.000000
15 S 61 1.000000
15 X 18 0.999600
15 X 19 0.000042
15 X 15 0.000038
15 X 16 0.000038
16 SX 23 0.999600
16 SX 2 0.000042
16 SX 41 0.000038
16 SX 40 0.000038
16 RZPI 16 1.000000
16 RZ3PI 15 1.000000
16 RZPIHalf 61 1.000000
16 S 59 1.000000
16 X 19 0.999600
16 X 18 0.000042
16 X 16 0.000038
16 X 15 0.000038
18 SX 2 0.999600
18 SX 23 0.000042
18 SX 40 0.000038
18 SX 41 0.000038
18 RZPI 18 1.000000
18 RZ3PI 19 1.000000
18 RZPIHalf 148 1.000000
18 S 150 1.000000
18 X 15 0.999600
18 X 16 0.000042
18 X 18 0.000038
18 X 19 0.000038
19 SX 41 0.999600
19 SX 40 0.000042
19 SX 23 0.000038
19 SX 2 0.000038
19 RZPI 19 1.000000
19 RZ3PI 18 1.000000
19 RZPIHalf 150 1.000000
19 S 148 1.000000
19 X 16 0.999600
19 X 15 0.000042
19 X 19 0.000038
19 X 18 0.000038
23 SX 19 0.999600
23 SX 18 0.000042
23 SX 16 0.000038
23 SX 15 0.000038
23 RZPI 23 1.000000
23 RZ3PI 2 1.000000
23 RZPIHalf 27 1.000000
23 S 25 1.000000
23 X 41 0.999600
23 X 40 0.000042
23 X 23 0.000038
23 X 2 0.000038
25 SX 262 0.999600
25 SX 263 0.000042
25 SX 265 0.000038
25 SX 266 0.000038
25 RZPI 25 1.000000
25 RZ3PI 27 1.000000
25 RZPIHalf 23 1.000000
25 S 2 1.000000
25 X 284 0.999600
25 X 285 0.000042
25 X 25 0.000038
25 X 27 0.000038
27 SX 266 0.999600
27 SX 265 0.000042
27 SX 263 0.000038
27 SX 262 0.000038
27 RZPI 27 1.000000
27 RZ3PI 25 1.000000
27 RZPIHalf 2 1.000000
27 S 23 1.000000
27 X 285 0.999600
27 X 284 0.000042
27 X 27 0.000038
27 X 25 0.000038
40 SX 18 0.999600
40 SX 19 0.000042
40 SX 15 0.000038
40 SX 16 0.000038
40 RZPI 40 1.000000
40 RZ3PI 41 1.000000
40 RZPIHalf 285 1.000000
40 S 284 1.000000
40 X 2 0.999600
40 X 23 0.000042
40 X 40 0.000038
40 X 41 0.000038
41 SX 16 0.999600
41 SX 15 0.000042
41 SX 19 0.000038
41 SX 18 0.000038
41 RZPI 41 1.000000
41 RZ3PI 40 1.000000
41 RZPIHalf 284 1.000000
41 S 285 1.000000
41 X 23 0.999600
41 X 2 0.000042
41 X 41 0.000038
41 X 40 0.000038
59 SX 444 0.999600
59 SX 445 0.000042
59 SX 446 0.000038
59 SX 447 0.000038
59 RZPI 59 1.000000
59 RZ3PI 61 1.000000
59 RZPIHalf 16 1.000000
59 S 15 1.000000
59 X 150 0.999600
59 X 148 0.000042
59 X 59 0.000038
59 X 61 0.000038
61 SX 447 0.999600
61 SX 446 0.000042
61 SX 445 0.000038
61 SX 444 0.000038
61 RZPI 61 1.000000
61 RZ3PI 59 1.000000
61 RZPIHalf 15 1.000000
61 S 16 1.000000
61 X 148 0.999600
61 X 150 0.000042
61 X 61 0.000038
61 X 59 0.000038
148 SX 445 0.999600
148 SX 444 0.000042
148 SX 447 0.000038
148 SX 446 0.000038
148 RZPI 148 1.000000
148 RZ3PI 150 1.000000
148 RZPIHalf 19 1.000000
148 S 18 1.000000
148 X 61 0.999600
148 X 59 0.000042
148 X 148 0.000038
148 X 150 0.000038
150 SX 446 0.999600
150 SX 447 0.000042
150 SX 444 0.000038
150 SX 445 0.000038
150 RZPI 150 1.000000
150 RZ3PI 148 1.000000
150 RZPIHalf 18 1.000000
150 S 19 1.000000
150 X 59 0.999600
150 X 61 0.000042
150 X 150 0.000038
150 X 148 0.000038
262 SX 284 0.999600
262 SX 285 0.000042
262 SX 25 0.000038
262 SX 27 0.000038
262 RZPI 262 1.000000
262 RZ3PI 263 1.000000
262 RZPIHalf 444 1.000000
262 S 445 1.000000
262 X 265 0.999600
262 X 266 0.000042
262 X 262 0.000038
262 X 263 0.000038
263 SX 27 0.999600
263 SX 25 0.000042
263 SX 285 0.000038
263 SX 284 0.000038
263 RZPI 263 1.000000
263 RZ3PI 262 1.000000
263 RZPIHalf 445 1.000000
263 S 444 1.000000
263 X 266 0.999600
263 X 265 0.000042
263 X 263 0.000038
263 X 262 0.000038
265 SX 25 0.999600
265 SX 27 0.000042
265 SX 284 0.000038
265 SX 285 0.000038
265 RZPI 265 1.000000
265 RZ3PI 266 1.000000
265 RZPIHalf 447 1.000000
265 S 446 1.000000
265 X 262 0.999600
265 X 263 0.000042
265 X 265 0.000038
265 X 266 0.000038
266 SX 285 0.999600
266 SX 284 0.000042
266 SX 27 0.000038
266 SX 25 0.000038
266 RZPI 266 1.000000
266 RZ3PI 265 1.000000
266 RZPIHalf 446 1.000000
266 S 447 1.000000
266 X 263 0.999600
266 X 262 0.000042
266 X 266 0.000038
266 X 265 0.000038
284 SX 265 0.999600
284 SX 266 0.000042
284 SX 262 0.000038
284 SX 263 0.000038
284 RZPI 284 1.000000
284 RZ3PI 285 1.000000
284 RZPIHalf 40 1.000000
284 S 41 1.000000
284 X 25 0.999600
284 X 27 0.000042
284 X 284 0.000038
284 X 285 0.000038
285 SX 263 0.999600
285 SX 262 0.000042
285 SX 266 0.000038
285 SX 265 0.000038
285 RZPI 285 1.000000
285 RZ3PI 284 1.000000
285 RZPIHalf 41 1.000000
285 S 40 1.000000
285 X 27 0.999600
285 X 25 0.000042
285 X 285 0.000038
285 X 284 0.000038
444 SX 150 0.999600
444 SX 148 0.000042
444 SX 59 0.000038
444 SX 61 0.000038
444 RZPI 444 1.000000
444 RZ3PI 445 1.000000
444 RZPIHalf 263 1.000000
444 S 262 1.000000
444 X 446 0.999600
444 X 447 0.000042
444 X 444 0.000038
444 X 445 0.000038
445 SX 61 0.999600
445 SX 59 0.000042
445 SX 148 0.000038
445 SX 150 0.000038
445 RZPI 445 1.000000
445 RZ3PI 444 1.000000
445 RZPIHalf 262 1.000000
445 S 263 1.000000
445 X 447 0.999600
445 X 446 0.000042
445 X 445 0.000038
445 X 444 0.000038
446 SX 59 0.999600
446 SX 61 0.000042
446 SX 150 0.000038
446 SX 148 0.000038
446 RZPI 446 1.000000
446 RZ3PI 447 1.000000
446 RZPIHalf 265 1.000000
446 S 266 1.000000
446 X 444 0.999600
446 X 445 0.000042
446 X 446 0.000038
446 X 447 0.000038
447 SX 148 0.999600
447 SX 150 0.000042
447 SX 61 0.000038
447 SX 59 0.000038
447 RZPI 447 1.000000
447 RZ3PI 446 1.000000
447 RZPIHalf 266 1.000000
447 S 265 1.000000
447 X 445 0.999600
447 X 444 0.000042
447 X 447 0.000038
447 X 446 0.000038
ENDPOMDP
