BEGINPOMDP
INITIALSTATE: 358141
STATES: 358146,358147,358274,358275,358151,358153,358155,358283,358159,358160,358288,358287,358296,358168,358297,358170,358301,358174,358175,358302,358213,358214,358223,358224,358228,358229,358499,358501,358141,358142
REWARDS: 358146:0,358147:0,358274:0,358275:0,358151:0,358153:0,358155:0,358283:0,358159:0,358160:1,358288:0,358287:0,358296:0,358168:0,358297:0,358170:0,358301:0,358174:0,358175:0,358302:0,358213:0,358214:0,358223:0,358224:0,358228:0,358229:0,358499:0,358501:0,358141:0,358142:0
GAMMA: 358146:0,358147:0,358274:0,358275:0,358151:0,358153:0,358155:0,358283:0,358159:0,358160:0,358288:0,358287:0,358296:0,358168:0,358297:0,358170:0,358301:0,358174:0,358175:0,358302:0,358213:0,358214:0,358223:0,358224:0,358228:0,358229:0,358499:0,358501:0,358141:0,358142:0
BEGINACTIONS
SX
RZPI
RZ3PI
RZPIHalf
S
X
ENDACTIONS
358141 INIT_ 358142 1.000000
358141 SX 358274 0.999008
358141 SX 358275 0.000764
358141 SX 358141 0.000229
358141 RZPI 358141 1.000000
358141 RZ3PI 358141 1.000000
358141 RZPIHalf 358141 1.000000
358141 S 358141 1.000000
358141 X 358283 0.999771
358141 X 358141 0.000229
358142 SX 358146 0.999008
358142 SX 358147 0.000764
358142 RZPI 358142 1.000000
358142 RZ3PI 358151 1.000000
358142 RZPIHalf 358153 1.000000
358142 S 358155 1.000000
358142 X 358159 0.999008
358142 X 358160 0.000764
358146 SX 358159 0.999008
358146 SX 358160 0.000764
358146 SX 358141 0.000229
358146 RZPI 358146 1.000000
358146 RZ3PI 358147 1.000000
358146 RZPIHalf 358168 1.000000
358146 S 358170 1.000000
358146 X 358174 0.999008
358146 X 358175 0.000764
358147 SX 358151 0.999008
358147 SX 358142 0.000764
358147 RZPI 358147 1.000000
358147 RZ3PI 358146 1.000000
358147 RZPIHalf 358170 1.000000
358147 S 358168 1.000000
358147 X 358175 0.999008
358147 X 358174 0.000764
358151 SX 358175 0.999008
358151 SX 358174 0.000764
358151 RZPI 358151 1.000000
358151 RZ3PI 358142 1.000000
358151 RZPIHalf 358155 1.000000
358151 S 358153 1.000000
358151 X 358160 0.999008
358151 X 358159 0.000764
358151 X 358141 0.000229
358153 SX 358213 0.999008
358153 SX 358214 0.000764
358153 RZPI 358153 1.000000
358153 RZ3PI 358155 1.000000
358153 RZPIHalf 358151 1.000000
358153 S 358142 1.000000
358153 X 358223 0.999008
358153 X 358224 0.000764
358155 SX 358228 0.999008
358155 SX 358229 0.000764
358155 RZPI 358155 1.000000
358155 RZ3PI 358153 1.000000
358155 RZPIHalf 358142 1.000000
358155 S 358151 1.000000
358155 X 358224 0.999008
358155 X 358223 0.000764
358159 SX 358174 0.999008
358159 SX 358175 0.000764
358159 RZPI 358159 1.000000
358159 RZ3PI 358160 1.000000
358159 RZPIHalf 358224 1.000000
358159 S 358223 1.000000
358159 X 358142 0.999008
358159 X 358151 0.000764
358160 SX 358147 0.999008
358160 SX 358146 0.000764
358160 RZPI 358160 1.000000
358160 RZ3PI 358159 1.000000
358160 RZPIHalf 358223 1.000000
358160 S 358224 1.000000
358160 X 358151 0.999008
358160 X 358142 0.000764
358168 SX 358287 0.999008
358168 SX 358288 0.000764
358168 RZPI 358168 1.000000
358168 RZ3PI 358170 1.000000
358168 RZPIHalf 358147 1.000000
358168 S 358146 1.000000
358168 X 358296 0.999008
358168 X 358297 0.000764
358170 SX 358301 0.999008
358170 SX 358302 0.000764
358170 RZPI 358170 1.000000
358170 RZ3PI 358168 1.000000
358170 RZPIHalf 358146 1.000000
358170 S 358147 1.000000
358170 X 358297 0.999008
358170 X 358296 0.000764
358174 SX 358142 0.999008
358174 SX 358151 0.000764
358174 SX 358141 0.000229
358174 RZPI 358174 1.000000
358174 RZ3PI 358175 1.000000
358174 RZPIHalf 358297 1.000000
358174 S 358296 1.000000
358174 X 358146 0.999008
358174 X 358147 0.000764
358175 SX 358160 0.999008
358175 SX 358159 0.000764
358175 SX 358141 0.000229
358175 RZPI 358175 1.000000
358175 RZ3PI 358174 1.000000
358175 RZPIHalf 358296 1.000000
358175 S 358297 1.000000
358175 X 358147 0.999008
358175 X 358146 0.000764
358213 SX 358223 0.999008
358213 SX 358224 0.000764
358213 RZPI 358213 1.000000
358213 RZ3PI 358214 1.000000
358213 RZPIHalf 358287 1.000000
358213 S 358288 1.000000
358213 X 358229 0.999008
358213 X 358228 0.000764
358214 SX 358155 0.999008
358214 SX 358153 0.000764
358214 RZPI 358214 1.000000
358214 RZ3PI 358213 1.000000
358214 RZPIHalf 358288 1.000000
358214 S 358287 1.000000
358214 X 358228 0.999008
358214 X 358229 0.000764
358223 SX 358229 0.999008
358223 SX 358228 0.000764
358223 RZPI 358223 1.000000
358223 RZ3PI 358224 1.000000
358223 RZPIHalf 358159 1.000000
358223 S 358160 1.000000
358223 X 358153 0.999008
358223 X 358155 0.000764
358223 X 358141 0.000229
358224 SX 358214 0.999008
358224 SX 358213 0.000764
358224 RZPI 358224 1.000000
358224 RZ3PI 358223 1.000000
358224 RZPIHalf 358160 1.000000
358224 S 358159 1.000000
358224 X 358155 0.999008
358224 X 358153 0.000764
358228 SX 358224 0.999008
358228 SX 358223 0.000764
358228 RZPI 358228 1.000000
358228 RZ3PI 358229 1.000000
358228 RZPIHalf 358302 1.000000
358228 S 358301 1.000000
358228 X 358214 0.999008
358228 X 358213 0.000764
358229 SX 358153 0.999008
358229 SX 358155 0.000764
358229 SX 358141 0.000229
358229 RZPI 358229 1.000000
358229 RZ3PI 358228 1.000000
358229 RZPIHalf 358301 1.000000
358229 S 358302 1.000000
358229 X 358213 0.999008
358229 X 358214 0.000764
358274 SX 358283 0.999771
358274 SX 358141 0.000229
358274 RZPI 358274 1.000000
358274 RZ3PI 358275 1.000000
358274 RZPIHalf 358499 1.000000
358274 S 358501 1.000000
358274 X 358275 0.999008
358274 X 358274 0.000764
358274 X 358141 0.000229
358275 SX 358141 1.000000
358275 RZPI 358275 1.000000
358275 RZ3PI 358274 1.000000
358275 RZPIHalf 358501 1.000000
358275 S 358499 1.000000
358275 X 358274 0.999008
358275 X 358275 0.000764
358275 X 358141 0.000229
358283 SX 358275 0.999008
358283 SX 358274 0.000764
358283 SX 358141 0.000229
358283 RZPI 358283 1.000000
358283 RZ3PI 358283 1.000000
358283 RZPIHalf 358283 1.000000
358283 S 358283 1.000000
358283 X 358141 1.000000
358287 SX 358296 0.999008
358287 SX 358297 0.000764
358287 RZPI 358287 1.000000
358287 RZ3PI 358288 1.000000
358287 RZPIHalf 358214 1.000000
358287 S 358213 1.000000
358287 X 358302 0.999008
358287 X 358301 0.000764
358288 SX 358170 0.999008
358288 SX 358168 0.000764
358288 RZPI 358288 1.000000
358288 RZ3PI 358287 1.000000
358288 RZPIHalf 358213 1.000000
358288 S 358214 1.000000
358288 X 358301 0.999008
358288 X 358302 0.000764
358296 SX 358302 0.999008
358296 SX 358301 0.000764
358296 RZPI 358296 1.000000
358296 RZ3PI 358297 1.000000
358296 RZPIHalf 358174 1.000000
358296 S 358175 1.000000
358296 X 358168 0.999008
358296 X 358170 0.000764
358297 SX 358288 0.999008
358297 SX 358287 0.000764
358297 RZPI 358297 1.000000
358297 RZ3PI 358296 1.000000
358297 RZPIHalf 358175 1.000000
358297 S 358174 1.000000
358297 X 358170 0.999008
358297 X 358168 0.000764
358301 SX 358297 0.999008
358301 SX 358296 0.000764
358301 RZPI 358301 1.000000
358301 RZ3PI 358302 1.000000
358301 RZPIHalf 358228 1.000000
358301 S 358229 1.000000
358301 X 358288 0.999008
358301 X 358287 0.000764
358302 SX 358168 0.999008
358302 SX 358170 0.000764
358302 RZPI 358302 1.000000
358302 RZ3PI 358301 1.000000
358302 RZPIHalf 358229 1.000000
358302 S 358228 1.000000
358302 X 358287 0.999008
358302 X 358288 0.000764
358499 SX 358499 0.999008
358499 SX 358501 0.000764
358499 SX 358141 0.000229
358499 RZPI 358499 1.000000
358499 RZ3PI 358501 1.000000
358499 RZPIHalf 358275 1.000000
358499 S 358274 1.000000
358499 X 358499 0.999008
358499 X 358501 0.000764
358499 X 358141 0.000229
358501 SX 358501 0.999008
358501 SX 358499 0.000764
358501 SX 358141 0.000229
358501 RZPI 358501 1.000000
358501 RZ3PI 358499 1.000000
358501 RZPIHalf 358274 1.000000
358501 S 358275 1.000000
358501 X 358501 0.999008
358501 X 358499 0.000764
358501 X 358141 0.000229
ENDPOMDP
