BEGINPOMDP
INITIALSTATE: 100488
STATES: 100488,100489,100493,100494,100498,100500,100502,100506,100507,100635,100634,100516,100644,100518,100645,100649,100522,100523,100650,100561,100562,100571,100572,100576,100577
REWARDS: 100488:0,100489:0,100493:0,100494:0,100498:0,100500:0,100502:0,100506:0,100507:1,100635:0,100634:0,100516:0,100644:0,100518:0,100645:0,100649:0,100522:0,100523:0,100650:0,100561:0,100562:0,100571:0,100572:0,100576:0,100577:0
GAMMA: 100488:0,100489:0,100493:0,100494:0,100498:0,100500:0,100502:0,100506:0,100507:0,100635:0,100634:0,100516:0,100644:0,100518:0,100645:0,100649:0,100522:0,100523:0,100650:0,100561:0,100562:0,100571:0,100572:0,100576:0,100577:0
BEGINACTIONS
SX
RZPI
RZ3PI
RZPIHalf
S
X
ENDACTIONS
100488 INIT_ 100489 1.000000
100489 SX 100493 0.995014
100489 SX 100494 0.000702
100489 RZPI 100489 1.000000
100489 RZ3PI 100498 1.000000
100489 RZPIHalf 100500 1.000000
100489 S 100502 1.000000
100489 X 100506 0.995014
100489 X 100507 0.000702
100493 SX 100506 0.995014
100493 SX 100507 0.000702
100493 RZPI 100493 1.000000
100493 RZ3PI 100494 1.000000
100493 RZPIHalf 100516 1.000000
100493 S 100518 1.000000
100493 X 100522 0.995014
100493 X 100523 0.000702
100494 SX 100498 0.995014
100494 SX 100489 0.000702
100494 RZPI 100494 1.000000
100494 RZ3PI 100493 1.000000
100494 RZPIHalf 100518 1.000000
100494 S 100516 1.000000
100494 X 100523 0.995014
100494 X 100522 0.000702
100498 SX 100523 0.995014
100498 SX 100522 0.000702
100498 RZPI 100498 1.000000
100498 RZ3PI 100489 1.000000
100498 RZPIHalf 100502 1.000000
100498 S 100500 1.000000
100498 X 100507 0.995014
100498 X 100506 0.000702
100500 SX 100561 0.995014
100500 SX 100562 0.000702
100500 RZPI 100500 1.000000
100500 RZ3PI 100502 1.000000
100500 RZPIHalf 100498 1.000000
100500 S 100489 1.000000
100500 X 100571 0.995014
100500 X 100572 0.000702
100502 SX 100576 0.995014
100502 SX 100577 0.000702
100502 RZPI 100502 1.000000
100502 RZ3PI 100500 1.000000
100502 RZPIHalf 100489 1.000000
100502 S 100498 1.000000
100502 X 100572 0.995014
100502 X 100571 0.000702
100506 SX 100522 0.995014
100506 SX 100523 0.000702
100506 RZPI 100506 1.000000
100506 RZ3PI 100507 1.000000
100506 RZPIHalf 100572 1.000000
100506 S 100571 1.000000
100506 X 100489 0.995014
100506 X 100498 0.000702
100507 SX 100494 0.995014
100507 SX 100493 0.000702
100507 RZPI 100507 1.000000
100507 RZ3PI 100506 1.000000
100507 RZPIHalf 100571 1.000000
100507 S 100572 1.000000
100507 X 100498 0.995014
100507 X 100489 0.000702
100516 SX 100634 0.995014
100516 SX 100635 0.000702
100516 RZPI 100516 1.000000
100516 RZ3PI 100518 1.000000
100516 RZPIHalf 100494 1.000000
100516 S 100493 1.000000
100516 X 100644 0.995014
100516 X 100645 0.000702
100518 SX 100649 0.995014
100518 SX 100650 0.000702
100518 RZPI 100518 1.000000
100518 RZ3PI 100516 1.000000
100518 RZPIHalf 100493 1.000000
100518 S 100494 1.000000
100518 X 100645 0.995014
100518 X 100644 0.000702
100522 SX 100489 0.995014
100522 SX 100498 0.000702
100522 RZPI 100522 1.000000
100522 RZ3PI 100523 1.000000
100522 RZPIHalf 100645 1.000000
100522 S 100644 1.000000
100522 X 100493 0.995014
100522 X 100494 0.000702
100523 SX 100507 0.995014
100523 SX 100506 0.000702
100523 RZPI 100523 1.000000
100523 RZ3PI 100522 1.000000
100523 RZPIHalf 100644 1.000000
100523 S 100645 1.000000
100523 X 100494 0.995014
100523 X 100493 0.000702
100561 SX 100571 0.995014
100561 SX 100572 0.000702
100561 RZPI 100561 1.000000
100561 RZ3PI 100562 1.000000
100561 RZPIHalf 100634 1.000000
100561 S 100635 1.000000
100561 X 100577 0.995014
100561 X 100576 0.000702
100562 SX 100502 0.995014
100562 SX 100500 0.000702
100562 RZPI 100562 1.000000
100562 RZ3PI 100561 1.000000
100562 RZPIHalf 100635 1.000000
100562 S 100634 1.000000
100562 X 100576 0.995014
100562 X 100577 0.000702
100571 SX 100577 0.995014
100571 SX 100576 0.000702
100571 RZPI 100571 1.000000
100571 RZ3PI 100572 1.000000
100571 RZPIHalf 100506 1.000000
100571 S 100507 1.000000
100571 X 100500 0.995014
100571 X 100502 0.000702
100572 SX 100562 0.995014
100572 SX 100561 0.000702
100572 RZPI 100572 1.000000
100572 RZ3PI 100571 1.000000
100572 RZPIHalf 100507 1.000000
100572 S 100506 1.000000
100572 X 100502 0.995014
100572 X 100500 0.000702
100576 SX 100572 0.995014
100576 SX 100571 0.000702
100576 RZPI 100576 1.000000
100576 RZ3PI 100577 1.000000
100576 RZPIHalf 100650 1.000000
100576 S 100649 1.000000
100576 X 100562 0.995014
100576 X 100561 0.000702
100577 SX 100500 0.995014
100577 SX 100502 0.000702
100577 RZPI 100577 1.000000
100577 RZ3PI 100576 1.000000
100577 RZPIHalf 100649 1.000000
100577 S 100650 1.000000
100577 X 100561 0.995014
100577 X 100562 0.000702
100634 SX 100644 0.995014
100634 SX 100645 0.000702
100634 RZPI 100634 1.000000
100634 RZ3PI 100635 1.000000
100634 RZPIHalf 100562 1.000000
100634 S 100561 1.000000
100634 X 100650 0.995014
100634 X 100649 0.000702
100635 SX 100518 0.995014
100635 SX 100516 0.000702
100635 RZPI 100635 1.000000
100635 RZ3PI 100634 1.000000
100635 RZPIHalf 100561 1.000000
100635 S 100562 1.000000
100635 X 100649 0.995014
100635 X 100650 0.000702
100644 SX 100650 0.995014
100644 SX 100649 0.000702
100644 RZPI 100644 1.000000
100644 RZ3PI 100645 1.000000
100644 RZPIHalf 100522 1.000000
100644 S 100523 1.000000
100644 X 100516 0.995014
100644 X 100518 0.000702
100645 SX 100635 0.995014
100645 SX 100634 0.000702
100645 RZPI 100645 1.000000
100645 RZ3PI 100644 1.000000
100645 RZPIHalf 100523 1.000000
100645 S 100522 1.000000
100645 X 100518 0.995014
100645 X 100516 0.000702
100649 SX 100645 0.995014
100649 SX 100644 0.000702
100649 RZPI 100649 1.000000
100649 RZ3PI 100650 1.000000
100649 RZPIHalf 100576 1.000000
100649 S 100577 1.000000
100649 X 100635 0.995014
100649 X 100634 0.000702
100650 SX 100516 0.995014
100650 SX 100518 0.000702
100650 RZPI 100650 1.000000
100650 RZ3PI 100649 1.000000
100650 RZPIHalf 100577 1.000000
100650 S 100576 1.000000
100650 X 100634 0.995014
100650 X 100635 0.000702
ENDPOMDP
