BEGINPOMDP
INITIALSTATE: 255773
STATES: 255773,255774,256033,256034,256036,256037,255787,255788,255790,255791,255919,255921,255795,255797,256822,255799,256055,256056,256184,256185,256824,255812,255813,256202,255830,256215,255832,256216,256217,256218
REWARDS: 255773:0,255774:0,256033:0,256034:0,256036:0,256037:0,255787:0,255788:0,255790:0,255791:0,255919:0,255921:0,255795:0,255797:0,256822:0,255799:0,256055:0,256056:0,256184:0,256185:0,256824:0,255812:0,255813:1,256202:0,255830:0,256215:0,255832:0,256216:0,256217:0,256218:0
GAMMA: 255773:0,255774:0,256033:0,256034:0,256036:0,256037:0,255787:0,255788:0,255790:0,255791:0,255919:0,255921:0,255795:0,255797:0,256822:0,255799:0,256055:0,256056:0,256184:0,256185:0,256824:0,255812:0,255813:0,256202:0,255830:0,256215:0,255832:0,256216:0,256217:0,256218:0
BEGINACTIONS
SX
RZPI
RZ3PI
RZPIHalf
S
X
ENDACTIONS
255773 INIT_ 255774 1.000000
255773 SX 256184 0.998289
255773 SX 256185 0.001091
255773 SX 255773 0.000620
255773 RZPI 255773 1.000000
255773 RZ3PI 255773 1.000000
255773 RZPIHalf 255773 1.000000
255773 S 255773 1.000000
255773 X 256202 0.998551
255773 X 255773 0.001449
255774 SX 255787 0.997874
255774 SX 255788 0.000676
255774 SX 255790 0.000415
255774 SX 255791 0.000415
255774 RZPI 255774 1.000000
255774 RZ3PI 255795 1.000000
255774 RZPIHalf 255797 1.000000
255774 S 255799 1.000000
255774 X 255812 0.997874
255774 X 255813 0.000676
255774 X 255774 0.000415
255774 X 255795 0.000415
255774 X 255773 0.000001
255787 SX 255812 0.997874
255787 SX 255813 0.000676
255787 SX 255773 0.000620
255787 SX 255774 0.000415
255787 SX 255795 0.000415
255787 RZPI 255787 1.000000
255787 RZ3PI 255788 1.000000
255787 RZPIHalf 255830 1.000000
255787 S 255832 1.000000
255787 X 255790 0.997874
255787 X 255791 0.000676
255787 X 255787 0.000415
255787 X 255788 0.000415
255788 SX 255795 0.997874
255788 SX 255774 0.000676
255788 SX 255773 0.000620
255788 SX 255813 0.000415
255788 SX 255812 0.000415
255788 RZPI 255788 1.000000
255788 RZ3PI 255787 1.000000
255788 RZPIHalf 255832 1.000000
255788 S 255830 1.000000
255788 X 255791 0.997874
255788 X 255790 0.000676
255788 X 255788 0.000415
255788 X 255787 0.000415
255790 SX 255774 0.997874
255790 SX 255795 0.000676
255790 SX 255773 0.000620
255790 SX 255812 0.000415
255790 SX 255813 0.000415
255790 RZPI 255790 1.000000
255790 RZ3PI 255791 1.000000
255790 RZPIHalf 255919 1.000000
255790 S 255921 1.000000
255790 X 255787 0.997874
255790 X 255788 0.000676
255790 X 255790 0.000415
255790 X 255791 0.000415
255791 SX 255813 0.997874
255791 SX 255812 0.000676
255791 SX 255773 0.000620
255791 SX 255795 0.000415
255791 SX 255774 0.000415
255791 RZPI 255791 1.000000
255791 RZ3PI 255790 1.000000
255791 RZPIHalf 255921 1.000000
255791 S 255919 1.000000
255791 X 255788 0.997874
255791 X 255787 0.000676
255791 X 255791 0.000415
255791 X 255790 0.000415
255795 SX 255791 0.997874
255795 SX 255790 0.000676
255795 SX 255788 0.000415
255795 SX 255787 0.000415
255795 RZPI 255795 1.000000
255795 RZ3PI 255774 1.000000
255795 RZPIHalf 255799 1.000000
255795 S 255797 1.000000
255795 X 255813 0.997874
255795 X 255812 0.000676
255795 X 255773 0.000620
255795 X 255795 0.000415
255795 X 255774 0.000415
255797 SX 256033 0.997874
255797 SX 256034 0.000676
255797 SX 256036 0.000415
255797 SX 256037 0.000415
255797 RZPI 255797 1.000000
255797 RZ3PI 255799 1.000000
255797 RZPIHalf 255795 1.000000
255797 S 255774 1.000000
255797 X 256055 0.997874
255797 X 256056 0.000676
255797 X 255773 0.000620
255797 X 255797 0.000415
255797 X 255799 0.000415
255799 SX 256037 0.997874
255799 SX 256036 0.000676
255799 SX 256034 0.000415
255799 SX 256033 0.000415
255799 RZPI 255799 1.000000
255799 RZ3PI 255797 1.000000
255799 RZPIHalf 255774 1.000000
255799 S 255795 1.000000
255799 X 256056 0.997874
255799 X 256055 0.000676
255799 X 255799 0.000415
255799 X 255797 0.000415
255799 X 255773 0.000000
255812 SX 255790 0.997874
255812 SX 255791 0.000676
255812 SX 255787 0.000415
255812 SX 255788 0.000415
255812 RZPI 255812 1.000000
255812 RZ3PI 255813 1.000000
255812 RZPIHalf 256056 1.000000
255812 S 256055 1.000000
255812 X 255774 0.997874
255812 X 255795 0.000676
255812 X 255812 0.000415
255812 X 255813 0.000415
255812 X 255773 0.000001
255813 SX 255788 0.997874
255813 SX 255787 0.000676
255813 SX 255791 0.000415
255813 SX 255790 0.000415
255813 RZPI 255813 1.000000
255813 RZ3PI 255812 1.000000
255813 RZPIHalf 256055 1.000000
255813 S 256056 1.000000
255813 X 255795 0.997874
255813 X 255774 0.000676
255813 X 255813 0.000415
255813 X 255812 0.000415
255830 SX 256215 0.997874
255830 SX 256216 0.000676
255830 SX 256217 0.000415
255830 SX 256218 0.000415
255830 RZPI 255830 1.000000
255830 RZ3PI 255832 1.000000
255830 RZPIHalf 255788 1.000000
255830 S 255787 1.000000
255830 X 255921 0.997874
255830 X 255919 0.000676
255830 X 255830 0.000415
255830 X 255832 0.000415
255832 SX 256218 0.997874
255832 SX 256217 0.000676
255832 SX 256216 0.000415
255832 SX 256215 0.000415
255832 RZPI 255832 1.000000
255832 RZ3PI 255830 1.000000
255832 RZPIHalf 255787 1.000000
255832 S 255788 1.000000
255832 X 255919 0.997874
255832 X 255921 0.000676
255832 X 255832 0.000415
255832 X 255830 0.000415
255919 SX 256216 0.997874
255919 SX 256215 0.000676
255919 SX 256218 0.000415
255919 SX 256217 0.000415
255919 RZPI 255919 1.000000
255919 RZ3PI 255921 1.000000
255919 RZPIHalf 255791 1.000000
255919 S 255790 1.000000
255919 X 255832 0.997874
255919 X 255830 0.000676
255919 X 255919 0.000415
255919 X 255921 0.000415
255921 SX 256217 0.997874
255921 SX 256218 0.000676
255921 SX 256215 0.000415
255921 SX 256216 0.000415
255921 RZPI 255921 1.000000
255921 RZ3PI 255919 1.000000
255921 RZPIHalf 255790 1.000000
255921 S 255791 1.000000
255921 X 255830 0.997874
255921 X 255832 0.000676
255921 X 255921 0.000415
255921 X 255919 0.000415
256033 SX 256055 0.997874
256033 SX 256056 0.000676
256033 SX 255773 0.000620
256033 SX 255797 0.000415
256033 SX 255799 0.000415
256033 RZPI 256033 1.000000
256033 RZ3PI 256034 1.000000
256033 RZPIHalf 256215 1.000000
256033 S 256216 1.000000
256033 X 256036 0.997874
256033 X 256037 0.000676
256033 X 256033 0.000415
256033 X 256034 0.000415
256034 SX 255799 0.997874
256034 SX 255797 0.000676
256034 SX 255773 0.000620
256034 SX 256056 0.000415
256034 SX 256055 0.000415
256034 RZPI 256034 1.000000
256034 RZ3PI 256033 1.000000
256034 RZPIHalf 256216 1.000000
256034 S 256215 1.000000
256034 X 256037 0.997874
256034 X 256036 0.000676
256034 X 256034 0.000415
256034 X 256033 0.000415
256036 SX 255797 0.997874
256036 SX 255799 0.000676
256036 SX 256055 0.000415
256036 SX 256056 0.000415
256036 SX 255773 0.000001
256036 RZPI 256036 1.000000
256036 RZ3PI 256037 1.000000
256036 RZPIHalf 256218 1.000000
256036 S 256217 1.000000
256036 X 256033 0.997874
256036 X 256034 0.000676
256036 X 256036 0.000415
256036 X 256037 0.000415
256037 SX 256056 0.997874
256037 SX 256055 0.000676
256037 SX 255773 0.000620
256037 SX 255799 0.000415
256037 SX 255797 0.000415
256037 RZPI 256037 1.000000
256037 RZ3PI 256036 1.000000
256037 RZPIHalf 256217 1.000000
256037 S 256218 1.000000
256037 X 256034 0.997874
256037 X 256033 0.000676
256037 X 256037 0.000415
256037 X 256036 0.000415
256055 SX 256036 0.997874
256055 SX 256037 0.000676
256055 SX 256033 0.000415
256055 SX 256034 0.000415
256055 RZPI 256055 1.000000
256055 RZ3PI 256056 1.000000
256055 RZPIHalf 255812 1.000000
256055 S 255813 1.000000
256055 X 255797 0.997874
256055 X 255799 0.000676
256055 X 255773 0.000620
256055 X 256055 0.000415
256055 X 256056 0.000415
256056 SX 256034 0.997874
256056 SX 256033 0.000676
256056 SX 256037 0.000415
256056 SX 256036 0.000415
256056 RZPI 256056 1.000000
256056 RZ3PI 256055 1.000000
256056 RZPIHalf 255813 1.000000
256056 S 255812 1.000000
256056 X 255799 0.997874
256056 X 255797 0.000676
256056 X 255773 0.000620
256056 X 256056 0.000415
256056 X 256055 0.000415
256184 SX 256202 0.998551
256184 SX 255773 0.001449
256184 RZPI 256184 1.000000
256184 RZ3PI 256185 1.000000
256184 RZPIHalf 256822 1.000000
256184 S 256824 1.000000
256184 X 256185 0.998289
256184 X 256184 0.001091
256184 X 255773 0.000620
256185 SX 255773 0.999171
256185 SX 256202 0.000829
256185 RZPI 256185 1.000000
256185 RZ3PI 256184 1.000000
256185 RZPIHalf 256824 1.000000
256185 S 256822 1.000000
256185 X 256184 0.998289
256185 X 256185 0.001091
256185 X 255773 0.000620
256202 SX 256185 0.998289
256202 SX 256184 0.001091
256202 SX 255773 0.000620
256202 RZPI 256202 1.000000
256202 RZ3PI 256202 1.000000
256202 RZPIHalf 256202 1.000000
256202 S 256202 1.000000
256202 X 255773 0.999171
256202 X 256202 0.000829
256215 SX 255921 0.997874
256215 SX 255919 0.000676
256215 SX 255830 0.000415
256215 SX 255832 0.000415
256215 RZPI 256215 1.000000
256215 RZ3PI 256216 1.000000
256215 RZPIHalf 256034 1.000000
256215 S 256033 1.000000
256215 X 256217 0.997874
256215 X 256218 0.000676
256215 X 256215 0.000415
256215 X 256216 0.000415
256216 SX 255832 0.997874
256216 SX 255830 0.000676
256216 SX 255919 0.000415
256216 SX 255921 0.000415
256216 RZPI 256216 1.000000
256216 RZ3PI 256215 1.000000
256216 RZPIHalf 256033 1.000000
256216 S 256034 1.000000
256216 X 256218 0.997874
256216 X 256217 0.000676
256216 X 256216 0.000415
256216 X 256215 0.000415
256217 SX 255830 0.997874
256217 SX 255832 0.000676
256217 SX 255921 0.000415
256217 SX 255919 0.000415
256217 RZPI 256217 1.000000
256217 RZ3PI 256218 1.000000
256217 RZPIHalf 256036 1.000000
256217 S 256037 1.000000
256217 X 256215 0.997874
256217 X 256216 0.000676
256217 X 256217 0.000415
256217 X 256218 0.000415
256218 SX 255919 0.997874
256218 SX 255921 0.000676
256218 SX 255832 0.000415
256218 SX 255830 0.000415
256218 RZPI 256218 1.000000
256218 RZ3PI 256217 1.000000
256218 RZPIHalf 256037 1.000000
256218 S 256036 1.000000
256218 X 256216 0.997874
256218 X 256215 0.000676
256218 X 256218 0.000415
256218 X 256217 0.000415
256822 SX 256822 0.998289
256822 SX 256824 0.001091
256822 SX 255773 0.000620
256822 RZPI 256822 1.000000
256822 RZ3PI 256824 1.000000
256822 RZPIHalf 256185 1.000000
256822 S 256184 1.000000
256822 X 256822 0.998289
256822 X 256824 0.001091
256822 X 255773 0.000620
256824 SX 256824 0.998289
256824 SX 256822 0.001091
256824 SX 255773 0.000620
256824 RZPI 256824 1.000000
256824 RZ3PI 256822 1.000000
256824 RZPIHalf 256184 1.000000
256824 S 256185 1.000000
256824 X 256824 0.998289
256824 X 256822 0.001091
256824 X 255773 0.000620
ENDPOMDP
