BEGINPOMDP
INITIALSTATE: 360541
STATES: 360580,360581,360970,360598,360983,360600,360984,360985,360986,360541,360542,360823,360801,360802,360804,360805,360952,360555,360556,360558,360559,360687,360689,360563,360565,361590,360567,360824,360953,361592
REWARDS: 360580:0,360581:1,360970:0,360598:0,360983:0,360600:0,360984:0,360985:0,360986:0,360541:0,360542:0,360823:0,360801:0,360802:0,360804:0,360805:0,360952:0,360555:0,360556:0,360558:0,360559:0,360687:0,360689:0,360563:0,360565:0,361590:0,360567:0,360824:0,360953:0,361592:0
GAMMA: 360580:0,360581:0,360970:0,360598:0,360983:0,360600:0,360984:0,360985:0,360986:0,360541:0,360542:0,360823:0,360801:0,360802:0,360804:0,360805:0,360952:0,360555:0,360556:0,360558:0,360559:0,360687:0,360689:0,360563:0,360565:0,361590:0,360567:0,360824:0,360953:0,361592:0
BEGINACTIONS
SX
RZPI
RZ3PI
RZPIHalf
S
X
ENDACTIONS
360541 INIT_ 360542 1.000000
360541 SX 360952 0.997881
360541 SX 360953 0.002024
360541 SX 360541 0.000095
360541 RZPI 360541 1.000000
360541 RZ3PI 360541 1.000000
360541 RZPIHalf 360541 1.000000
360541 S 360541 1.000000
360541 X 360970 0.997906
360541 X 360541 0.002094
360542 SX 360555 0.996882
360542 SX 360556 0.001024
360542 SX 360558 0.000999
360542 SX 360559 0.000999
360542 RZPI 360542 1.000000
360542 RZ3PI 360563 1.000000
360542 RZPIHalf 360565 1.000000
360542 S 360567 1.000000
360542 X 360580 0.996882
360542 X 360581 0.001024
360542 X 360542 0.000999
360542 X 360563 0.000999
360542 X 360541 0.000000
360555 SX 360580 0.996882
360555 SX 360581 0.001024
360555 SX 360541 0.000095
360555 SX 360542 0.000999
360555 SX 360563 0.000999
360555 RZPI 360555 1.000000
360555 RZ3PI 360556 1.000000
360555 RZPIHalf 360598 1.000000
360555 S 360600 1.000000
360555 X 360558 0.996882
360555 X 360559 0.001024
360555 X 360555 0.000999
360555 X 360556 0.000999
360556 SX 360563 0.996882
360556 SX 360542 0.001024
360556 SX 360541 0.000095
360556 SX 360581 0.000999
360556 SX 360580 0.000999
360556 RZPI 360556 1.000000
360556 RZ3PI 360555 1.000000
360556 RZPIHalf 360600 1.000000
360556 S 360598 1.000000
360556 X 360559 0.996882
360556 X 360558 0.001024
360556 X 360556 0.000999
360556 X 360555 0.000999
360558 SX 360542 0.996882
360558 SX 360563 0.001024
360558 SX 360580 0.000999
360558 SX 360581 0.000999
360558 SX 360541 0.000000
360558 RZPI 360558 1.000000
360558 RZ3PI 360559 1.000000
360558 RZPIHalf 360687 1.000000
360558 S 360689 1.000000
360558 X 360555 0.996882
360558 X 360556 0.001024
360558 X 360558 0.000999
360558 X 360559 0.000999
360559 SX 360581 0.996882
360559 SX 360580 0.001024
360559 SX 360563 0.000999
360559 SX 360542 0.000999
360559 SX 360541 0.000000
360559 RZPI 360559 1.000000
360559 RZ3PI 360558 1.000000
360559 RZPIHalf 360689 1.000000
360559 S 360687 1.000000
360559 X 360556 0.996882
360559 X 360555 0.001024
360559 X 360559 0.000999
360559 X 360558 0.000999
360563 SX 360559 0.996882
360563 SX 360558 0.001024
360563 SX 360556 0.000999
360563 SX 360555 0.000999
360563 RZPI 360563 1.000000
360563 RZ3PI 360542 1.000000
360563 RZPIHalf 360567 1.000000
360563 S 360565 1.000000
360563 X 360581 0.996882
360563 X 360580 0.001024
360563 X 360563 0.000999
360563 X 360542 0.000999
360563 X 360541 0.000000
360565 SX 360801 0.996882
360565 SX 360802 0.001024
360565 SX 360804 0.000999
360565 SX 360805 0.000999
360565 RZPI 360565 1.000000
360565 RZ3PI 360567 1.000000
360565 RZPIHalf 360563 1.000000
360565 S 360542 1.000000
360565 X 360823 0.996882
360565 X 360824 0.001024
360565 X 360565 0.000999
360565 X 360567 0.000999
360565 X 360541 0.000000
360567 SX 360805 0.996882
360567 SX 360804 0.001024
360567 SX 360802 0.000999
360567 SX 360801 0.000999
360567 RZPI 360567 1.000000
360567 RZ3PI 360565 1.000000
360567 RZPIHalf 360542 1.000000
360567 S 360563 1.000000
360567 X 360824 0.996882
360567 X 360823 0.001024
360567 X 360541 0.000095
360567 X 360567 0.000999
360567 X 360565 0.000999
360580 SX 360558 0.996882
360580 SX 360559 0.001024
360580 SX 360555 0.000999
360580 SX 360556 0.000999
360580 RZPI 360580 1.000000
360580 RZ3PI 360581 1.000000
360580 RZPIHalf 360824 1.000000
360580 S 360823 1.000000
360580 X 360542 0.996882
360580 X 360563 0.001024
360580 X 360580 0.000999
360580 X 360581 0.000999
360580 X 360541 0.000000
360581 SX 360556 0.996882
360581 SX 360555 0.001024
360581 SX 360559 0.000999
360581 SX 360558 0.000999
360581 RZPI 360581 1.000000
360581 RZ3PI 360580 1.000000
360581 RZPIHalf 360823 1.000000
360581 S 360824 1.000000
360581 X 360563 0.996882
360581 X 360542 0.001024
360581 X 360541 0.000095
360581 X 360581 0.000999
360581 X 360580 0.000999
360598 SX 360983 0.996882
360598 SX 360984 0.001024
360598 SX 360985 0.000999
360598 SX 360986 0.000999
360598 RZPI 360598 1.000000
360598 RZ3PI 360600 1.000000
360598 RZPIHalf 360556 1.000000
360598 S 360555 1.000000
360598 X 360689 0.996882
360598 X 360687 0.001024
360598 X 360598 0.000999
360598 X 360600 0.000999
360600 SX 360986 0.996882
360600 SX 360985 0.001024
360600 SX 360984 0.000999
360600 SX 360983 0.000999
360600 RZPI 360600 1.000000
360600 RZ3PI 360598 1.000000
360600 RZPIHalf 360555 1.000000
360600 S 360556 1.000000
360600 X 360687 0.996882
360600 X 360689 0.001024
360600 X 360600 0.000999
360600 X 360598 0.000999
360687 SX 360984 0.996882
360687 SX 360983 0.001024
360687 SX 360986 0.000999
360687 SX 360985 0.000999
360687 RZPI 360687 1.000000
360687 RZ3PI 360689 1.000000
360687 RZPIHalf 360559 1.000000
360687 S 360558 1.000000
360687 X 360600 0.996882
360687 X 360598 0.001024
360687 X 360687 0.000999
360687 X 360689 0.000999
360689 SX 360985 0.996882
360689 SX 360986 0.001024
360689 SX 360983 0.000999
360689 SX 360984 0.000999
360689 RZPI 360689 1.000000
360689 RZ3PI 360687 1.000000
360689 RZPIHalf 360558 1.000000
360689 S 360559 1.000000
360689 X 360598 0.996882
360689 X 360600 0.001024
360689 X 360689 0.000999
360689 X 360687 0.000999
360801 SX 360823 0.996882
360801 SX 360824 0.001024
360801 SX 360565 0.000999
360801 SX 360567 0.000999
360801 RZPI 360801 1.000000
360801 RZ3PI 360802 1.000000
360801 RZPIHalf 360983 1.000000
360801 S 360984 1.000000
360801 X 360804 0.996882
360801 X 360805 0.001024
360801 X 360801 0.000999
360801 X 360802 0.000999
360802 SX 360567 0.996882
360802 SX 360565 0.001024
360802 SX 360824 0.000999
360802 SX 360823 0.000999
360802 SX 360541 0.000000
360802 RZPI 360802 1.000000
360802 RZ3PI 360801 1.000000
360802 RZPIHalf 360984 1.000000
360802 S 360983 1.000000
360802 X 360805 0.996882
360802 X 360804 0.001024
360802 X 360802 0.000999
360802 X 360801 0.000999
360804 SX 360565 0.996882
360804 SX 360567 0.001024
360804 SX 360541 0.000095
360804 SX 360823 0.000999
360804 SX 360824 0.000999
360804 RZPI 360804 1.000000
360804 RZ3PI 360805 1.000000
360804 RZPIHalf 360986 1.000000
360804 S 360985 1.000000
360804 X 360801 0.996882
360804 X 360802 0.001024
360804 X 360804 0.000999
360804 X 360805 0.000999
360805 SX 360824 0.996882
360805 SX 360823 0.001024
360805 SX 360567 0.000999
360805 SX 360565 0.000999
360805 RZPI 360805 1.000000
360805 RZ3PI 360804 1.000000
360805 RZPIHalf 360985 1.000000
360805 S 360986 1.000000
360805 X 360802 0.996882
360805 X 360801 0.001024
360805 X 360805 0.000999
360805 X 360804 0.000999
360823 SX 360804 0.996882
360823 SX 360805 0.001024
360823 SX 360801 0.000999
360823 SX 360802 0.000999
360823 RZPI 360823 1.000000
360823 RZ3PI 360824 1.000000
360823 RZPIHalf 360580 1.000000
360823 S 360581 1.000000
360823 X 360565 0.996882
360823 X 360567 0.001024
360823 X 360823 0.000999
360823 X 360824 0.000999
360823 X 360541 0.000000
360824 SX 360802 0.996882
360824 SX 360801 0.001024
360824 SX 360805 0.000999
360824 SX 360804 0.000999
360824 RZPI 360824 1.000000
360824 RZ3PI 360823 1.000000
360824 RZPIHalf 360581 1.000000
360824 S 360580 1.000000
360824 X 360567 0.996882
360824 X 360565 0.001024
360824 X 360824 0.000999
360824 X 360823 0.000999
360824 X 360541 0.000000
360952 SX 360970 0.997906
360952 SX 360541 0.002094
360952 RZPI 360952 1.000000
360952 RZ3PI 360953 1.000000
360952 RZPIHalf 361590 1.000000
360952 S 361592 1.000000
360952 X 360953 0.997881
360952 X 360952 0.002024
360952 X 360541 0.000095
360953 SX 360541 0.998001
360953 SX 360970 0.001999
360953 RZPI 360953 1.000000
360953 RZ3PI 360952 1.000000
360953 RZPIHalf 361592 1.000000
360953 S 361590 1.000000
360953 X 360952 0.997881
360953 X 360953 0.002024
360953 X 360541 0.000095
360970 SX 360953 0.997881
360970 SX 360952 0.002024
360970 SX 360541 0.000095
360970 RZPI 360970 1.000000
360970 RZ3PI 360970 1.000000
360970 RZPIHalf 360970 1.000000
360970 S 360970 1.000000
360970 X 360541 0.998001
360970 X 360970 0.001999
360983 SX 360689 0.996882
360983 SX 360687 0.001024
360983 SX 360598 0.000999
360983 SX 360600 0.000999
360983 RZPI 360983 1.000000
360983 RZ3PI 360984 1.000000
360983 RZPIHalf 360802 1.000000
360983 S 360801 1.000000
360983 X 360985 0.996882
360983 X 360986 0.001024
360983 X 360983 0.000999
360983 X 360984 0.000999
360984 SX 360600 0.996882
360984 SX 360598 0.001024
360984 SX 360687 0.000999
360984 SX 360689 0.000999
360984 RZPI 360984 1.000000
360984 RZ3PI 360983 1.000000
360984 RZPIHalf 360801 1.000000
360984 S 360802 1.000000
360984 X 360986 0.996882
360984 X 360985 0.001024
360984 X 360984 0.000999
360984 X 360983 0.000999
360985 SX 360598 0.996882
360985 SX 360600 0.001024
360985 SX 360689 0.000999
360985 SX 360687 0.000999
360985 RZPI 360985 1.000000
360985 RZ3PI 360986 1.000000
360985 RZPIHalf 360804 1.000000
360985 S 360805 1.000000
360985 X 360983 0.996882
360985 X 360984 0.001024
360985 X 360985 0.000999
360985 X 360986 0.000999
360986 SX 360687 0.996882
360986 SX 360689 0.001024
360986 SX 360600 0.000999
360986 SX 360598 0.000999
360986 RZPI 360986 1.000000
360986 RZ3PI 360985 1.000000
360986 RZPIHalf 360805 1.000000
360986 S 360804 1.000000
360986 X 360984 0.996882
360986 X 360983 0.001024
360986 X 360986 0.000999
360986 X 360985 0.000999
361590 SX 361590 0.997881
361590 SX 361592 0.002024
361590 SX 360541 0.000095
361590 RZPI 361590 1.000000
361590 RZ3PI 361592 1.000000
361590 RZPIHalf 360953 1.000000
361590 S 360952 1.000000
361590 X 361590 0.997881
361590 X 361592 0.002024
361590 X 360541 0.000095
361592 SX 361592 0.997881
361592 SX 361590 0.002024
361592 SX 360541 0.000095
361592 RZPI 361592 1.000000
361592 RZ3PI 361590 1.000000
361592 RZPIHalf 360952 1.000000
361592 S 360953 1.000000
361592 X 361592 0.997881
361592 X 361590 0.002024
361592 X 360541 0.000095
ENDPOMDP
