BEGINPOMDP
INITIALSTATE: 1742
STATES: 1799,1801,1972,1973,1975,1976,1994,1995,1742,1743,1756,1757,1759,1760,1889,1763,1891,1765,1767,2154,2155,2156,2157,1780,1781
REWARDS: 1799:0,1801:0,1972:0,1973:0,1975:0,1976:0,1994:0,1995:0,1742:0,1743:0,1756:0,1757:0,1759:0,1760:0,1889:0,1763:0,1891:0,1765:0,1767:0,2154:0,2155:0,2156:0,2157:0,1780:0,1781:1
GAMMA: 1799:0,1801:0,1972:0,1973:0,1975:0,1976:0,1994:0,1995:0,1742:0,1743:0,1756:0,1757:0,1759:0,1760:0,1889:0,1763:0,1891:0,1765:0,1767:0,2154:0,2155:0,2156:0,2157:0,1780:0,1781:0
BEGINACTIONS
SX
RZPI
RZ3PI
RZPIHalf
S
X
ENDACTIONS
1742 INIT_ 1743 1.000000
1743 SX 1756 0.981925
1743 SX 1757 0.016740
1743 SX 1759 0.000564
1743 SX 1760 0.000564
1743 RZPI 1743 1.000000
1743 RZ3PI 1763 1.000000
1743 RZPIHalf 1765 1.000000
1743 S 1767 1.000000
1743 X 1780 0.981925
1743 X 1781 0.016740
1743 X 1743 0.000564
1743 X 1763 0.000564
1756 SX 1780 0.981925
1756 SX 1781 0.016740
1756 SX 1743 0.000564
1756 SX 1763 0.000564
1756 RZPI 1756 1.000000
1756 RZ3PI 1757 1.000000
1756 RZPIHalf 1799 1.000000
1756 S 1801 1.000000
1756 X 1759 0.981925
1756 X 1760 0.016740
1756 X 1756 0.000564
1756 X 1757 0.000564
1757 SX 1763 0.981925
1757 SX 1743 0.016740
1757 SX 1781 0.000564
1757 SX 1780 0.000564
1757 RZPI 1757 1.000000
1757 RZ3PI 1756 1.000000
1757 RZPIHalf 1801 1.000000
1757 S 1799 1.000000
1757 X 1760 0.981925
1757 X 1759 0.016740
1757 X 1757 0.000564
1757 X 1756 0.000564
1759 SX 1743 0.981925
1759 SX 1763 0.016740
1759 SX 1780 0.000564
1759 SX 1781 0.000564
1759 RZPI 1759 1.000000
1759 RZ3PI 1760 1.000000
1759 RZPIHalf 1889 1.000000
1759 S 1891 1.000000
1759 X 1756 0.981925
1759 X 1757 0.016740
1759 X 1759 0.000564
1759 X 1760 0.000564
1760 SX 1781 0.981925
1760 SX 1780 0.016740
1760 SX 1763 0.000564
1760 SX 1743 0.000564
1760 RZPI 1760 1.000000
1760 RZ3PI 1759 1.000000
1760 RZPIHalf 1891 1.000000
1760 S 1889 1.000000
1760 X 1757 0.981925
1760 X 1756 0.016740
1760 X 1760 0.000564
1760 X 1759 0.000564
1763 SX 1760 0.981925
1763 SX 1759 0.016740
1763 SX 1757 0.000564
1763 SX 1756 0.000564
1763 RZPI 1763 1.000000
1763 RZ3PI 1743 1.000000
1763 RZPIHalf 1767 1.000000
1763 S 1765 1.000000
1763 X 1781 0.981925
1763 X 1780 0.016740
1763 X 1763 0.000564
1763 X 1743 0.000564
1765 SX 1972 0.981925
1765 SX 1973 0.016740
1765 SX 1975 0.000564
1765 SX 1976 0.000564
1765 RZPI 1765 1.000000
1765 RZ3PI 1767 1.000000
1765 RZPIHalf 1763 1.000000
1765 S 1743 1.000000
1765 X 1994 0.981925
1765 X 1995 0.016740
1765 X 1765 0.000564
1765 X 1767 0.000564
1767 SX 1976 0.981925
1767 SX 1975 0.016740
1767 SX 1973 0.000564
1767 SX 1972 0.000564
1767 RZPI 1767 1.000000
1767 RZ3PI 1765 1.000000
1767 RZPIHalf 1743 1.000000
1767 S 1763 1.000000
1767 X 1995 0.981925
1767 X 1994 0.016740
1767 X 1767 0.000564
1767 X 1765 0.000564
1780 SX 1759 0.981925
1780 SX 1760 0.016740
1780 SX 1756 0.000564
1780 SX 1757 0.000564
1780 RZPI 1780 1.000000
1780 RZ3PI 1781 1.000000
1780 RZPIHalf 1995 1.000000
1780 S 1994 1.000000
1780 X 1743 0.981925
1780 X 1763 0.016740
1780 X 1780 0.000564
1780 X 1781 0.000564
1781 SX 1757 0.981925
1781 SX 1756 0.016740
1781 SX 1760 0.000564
1781 SX 1759 0.000564
1781 RZPI 1781 1.000000
1781 RZ3PI 1780 1.000000
1781 RZPIHalf 1994 1.000000
1781 S 1995 1.000000
1781 X 1763 0.981925
1781 X 1743 0.016740
1781 X 1781 0.000564
1781 X 1780 0.000564
1799 SX 2154 0.981925
1799 SX 2155 0.016740
1799 SX 2156 0.000564
1799 SX 2157 0.000564
1799 RZPI 1799 1.000000
1799 RZ3PI 1801 1.000000
1799 RZPIHalf 1757 1.000000
1799 S 1756 1.000000
1799 X 1891 0.981925
1799 X 1889 0.016740
1799 X 1799 0.000564
1799 X 1801 0.000564
1801 SX 2157 0.981925
1801 SX 2156 0.016740
1801 SX 2155 0.000564
1801 SX 2154 0.000564
1801 RZPI 1801 1.000000
1801 RZ3PI 1799 1.000000
1801 RZPIHalf 1756 1.000000
1801 S 1757 1.000000
1801 X 1889 0.981925
1801 X 1891 0.016740
1801 X 1801 0.000564
1801 X 1799 0.000564
1889 SX 2155 0.981925
1889 SX 2154 0.016740
1889 SX 2157 0.000564
1889 SX 2156 0.000564
1889 RZPI 1889 1.000000
1889 RZ3PI 1891 1.000000
1889 RZPIHalf 1760 1.000000
1889 S 1759 1.000000
1889 X 1801 0.981925
1889 X 1799 0.016740
1889 X 1889 0.000564
1889 X 1891 0.000564
1891 SX 2156 0.981925
1891 SX 2157 0.016740
1891 SX 2154 0.000564
1891 SX 2155 0.000564
1891 RZPI 1891 1.000000
1891 RZ3PI 1889 1.000000
1891 RZPIHalf 1759 1.000000
1891 S 1760 1.000000
1891 X 1799 0.981925
1891 X 1801 0.016740
1891 X 1891 0.000564
1891 X 1889 0.000564
1972 SX 1994 0.981925
1972 SX 1995 0.016740
1972 SX 1765 0.000564
1972 SX 1767 0.000564
1972 RZPI 1972 1.000000
1972 RZ3PI 1973 1.000000
1972 RZPIHalf 2154 1.000000
1972 S 2155 1.000000
1972 X 1975 0.981925
1972 X 1976 0.016740
1972 X 1972 0.000564
1972 X 1973 0.000564
1973 SX 1767 0.981925
1973 SX 1765 0.016740
1973 SX 1995 0.000564
1973 SX 1994 0.000564
1973 RZPI 1973 1.000000
1973 RZ3PI 1972 1.000000
1973 RZPIHalf 2155 1.000000
1973 S 2154 1.000000
1973 X 1976 0.981925
1973 X 1975 0.016740
1973 X 1973 0.000564
1973 X 1972 0.000564
1975 SX 1765 0.981925
1975 SX 1767 0.016740
1975 SX 1994 0.000564
1975 SX 1995 0.000564
1975 RZPI 1975 1.000000
1975 RZ3PI 1976 1.000000
1975 RZPIHalf 2157 1.000000
1975 S 2156 1.000000
1975 X 1972 0.981925
1975 X 1973 0.016740
1975 X 1975 0.000564
1975 X 1976 0.000564
1976 SX 1995 0.981925
1976 SX 1994 0.016740
1976 SX 1767 0.000564
1976 SX 1765 0.000564
1976 RZPI 1976 1.000000
1976 RZ3PI 1975 1.000000
1976 RZPIHalf 2156 1.000000
1976 S 2157 1.000000
1976 X 1973 0.981925
1976 X 1972 0.016740
1976 X 1976 0.000564
1976 X 1975 0.000564
1994 SX 1975 0.981925
1994 SX 1976 0.016740
1994 SX 1972 0.000564
1994 SX 1973 0.000564
1994 RZPI 1994 1.000000
1994 RZ3PI 1995 1.000000
1994 RZPIHalf 1780 1.000000
1994 S 1781 1.000000
1994 X 1765 0.981925
1994 X 1767 0.016740
1994 X 1994 0.000564
1994 X 1995 0.000564
1995 SX 1973 0.981925
1995 SX 1972 0.016740
1995 SX 1976 0.000564
1995 SX 1975 0.000564
1995 RZPI 1995 1.000000
1995 RZ3PI 1994 1.000000
1995 RZPIHalf 1781 1.000000
1995 S 1780 1.000000
1995 X 1767 0.981925
1995 X 1765 0.016740
1995 X 1995 0.000564
1995 X 1994 0.000564
2154 SX 1891 0.981925
2154 SX 1889 0.016740
2154 SX 1799 0.000564
2154 SX 1801 0.000564
2154 RZPI 2154 1.000000
2154 RZ3PI 2155 1.000000
2154 RZPIHalf 1973 1.000000
2154 S 1972 1.000000
2154 X 2156 0.981925
2154 X 2157 0.016740
2154 X 2154 0.000564
2154 X 2155 0.000564
2155 SX 1801 0.981925
2155 SX 1799 0.016740
2155 SX 1889 0.000564
2155 SX 1891 0.000564
2155 RZPI 2155 1.000000
2155 RZ3PI 2154 1.000000
2155 RZPIHalf 1972 1.000000
2155 S 1973 1.000000
2155 X 2157 0.981925
2155 X 2156 0.016740
2155 X 2155 0.000564
2155 X 2154 0.000564
2156 SX 1799 0.981925
2156 SX 1801 0.016740
2156 SX 1891 0.000564
2156 SX 1889 0.000564
2156 RZPI 2156 1.000000
2156 RZ3PI 2157 1.000000
2156 RZPIHalf 1975 1.000000
2156 S 1976 1.000000
2156 X 2154 0.981925
2156 X 2155 0.016740
2156 X 2156 0.000564
2156 X 2157 0.000564
2157 SX 1889 0.981925
2157 SX 1891 0.016740
2157 SX 1801 0.000564
2157 SX 1799 0.000564
2157 RZPI 2157 1.000000
2157 RZ3PI 2156 1.000000
2157 RZPIHalf 1976 1.000000
2157 S 1975 1.000000
2157 X 2155 0.981925
2157 X 2154 0.016740
2157 X 2157 0.000564
2157 X 2156 0.000564
ENDPOMDP
