BEGINPOMDP
INITIALSTATE: 20897
STATES: 21000,21001,20897,20898,20903,20904,20905,20906,20909,20911,20913,21042,21043,21044,21045,20918,20919,20927,20929,20941,20943,20988,20989,20990,20991
REWARDS: 21000:0,21001:0,20897:0,20898:0,20903:0,20904:0,20905:0,20906:0,20909:0,20911:0,20913:0,21042:0,21043:0,21044:0,21045:0,20918:0,20919:1,20927:0,20929:0,20941:0,20943:0,20988:0,20989:0,20990:0,20991:0
GAMMA: 21000:0,21001:0,20897:0,20898:0,20903:0,20904:0,20905:0,20906:0,20909:0,20911:0,20913:0,21042:0,21043:0,21044:0,21045:0,20918:0,20919:0,20927:0,20929:0,20941:0,20943:0,20988:0,20989:0,20990:0,20991:0
BEGINACTIONS
SX
RZPI
RZ3PI
RZPIHalf
S
X
ENDACTIONS
20897 INIT_ 20898 1.000000
20898 SX 20903 0.999655
20898 SX 20904 0.000115
20898 SX 20905 0.000115
20898 SX 20906 0.000115
20898 RZPI 20898 1.000000
20898 RZ3PI 20909 1.000000
20898 RZPIHalf 20911 1.000000
20898 S 20913 1.000000
20898 X 20918 0.999655
20898 X 20898 0.000115
20898 X 20909 0.000115
20898 X 20919 0.000115
20903 SX 20918 0.999655
20903 SX 20898 0.000115
20903 SX 20909 0.000115
20903 SX 20919 0.000115
20903 RZPI 20903 1.000000
20903 RZ3PI 20906 1.000000
20903 RZPIHalf 20927 1.000000
20903 S 20929 1.000000
20903 X 20904 0.999655
20903 X 20903 0.000115
20903 X 20906 0.000115
20903 X 20905 0.000115
20904 SX 20898 0.999655
20904 SX 20918 0.000115
20904 SX 20919 0.000115
20904 SX 20909 0.000115
20904 RZPI 20904 1.000000
20904 RZ3PI 20905 1.000000
20904 RZPIHalf 20941 1.000000
20904 S 20943 1.000000
20904 X 20903 0.999655
20904 X 20904 0.000115
20904 X 20905 0.000115
20904 X 20906 0.000115
20905 SX 20919 0.999655
20905 SX 20909 0.000115
20905 SX 20898 0.000115
20905 SX 20918 0.000115
20905 RZPI 20905 1.000000
20905 RZ3PI 20904 1.000000
20905 RZPIHalf 20943 1.000000
20905 S 20941 1.000000
20905 X 20906 0.999655
20905 X 20905 0.000115
20905 X 20904 0.000115
20905 X 20903 0.000115
20906 SX 20909 0.999655
20906 SX 20919 0.000115
20906 SX 20918 0.000115
20906 SX 20898 0.000115
20906 RZPI 20906 1.000000
20906 RZ3PI 20903 1.000000
20906 RZPIHalf 20929 1.000000
20906 S 20927 1.000000
20906 X 20905 0.999655
20906 X 20906 0.000115
20906 X 20903 0.000115
20906 X 20904 0.000115
20909 SX 20905 0.999655
20909 SX 20906 0.000115
20909 SX 20903 0.000115
20909 SX 20904 0.000115
20909 RZPI 20909 1.000000
20909 RZ3PI 20898 1.000000
20909 RZPIHalf 20913 1.000000
20909 S 20911 1.000000
20909 X 20919 0.999655
20909 X 20909 0.000115
20909 X 20898 0.000115
20909 X 20918 0.000115
20911 SX 20988 0.999655
20911 SX 20989 0.000115
20911 SX 20990 0.000115
20911 SX 20991 0.000115
20911 RZPI 20911 1.000000
20911 RZ3PI 20913 1.000000
20911 RZPIHalf 20909 1.000000
20911 S 20898 1.000000
20911 X 21000 0.999655
20911 X 20911 0.000115
20911 X 20913 0.000115
20911 X 21001 0.000115
20913 SX 20990 0.999655
20913 SX 20991 0.000115
20913 SX 20988 0.000115
20913 SX 20989 0.000115
20913 RZPI 20913 1.000000
20913 RZ3PI 20911 1.000000
20913 RZPIHalf 20898 1.000000
20913 S 20909 1.000000
20913 X 21001 0.999655
20913 X 20913 0.000115
20913 X 20911 0.000115
20913 X 21000 0.000115
20918 SX 20904 0.999655
20918 SX 20903 0.000115
20918 SX 20906 0.000115
20918 SX 20905 0.000115
20918 RZPI 20918 1.000000
20918 RZ3PI 20919 1.000000
20918 RZPIHalf 21001 1.000000
20918 S 21000 1.000000
20918 X 20898 0.999655
20918 X 20918 0.000115
20918 X 20919 0.000115
20918 X 20909 0.000115
20919 SX 20906 0.999655
20919 SX 20905 0.000115
20919 SX 20904 0.000115
20919 SX 20903 0.000115
20919 RZPI 20919 1.000000
20919 RZ3PI 20918 1.000000
20919 RZPIHalf 21000 1.000000
20919 S 21001 1.000000
20919 X 20909 0.999655
20919 X 20919 0.000115
20919 X 20918 0.000115
20919 X 20898 0.000115
20927 SX 21042 0.999655
20927 SX 21043 0.000115
20927 SX 21044 0.000115
20927 SX 21045 0.000115
20927 RZPI 20927 1.000000
20927 RZ3PI 20929 1.000000
20927 RZPIHalf 20906 1.000000
20927 S 20903 1.000000
20927 X 20943 0.999655
20927 X 20927 0.000115
20927 X 20929 0.000115
20927 X 20941 0.000115
20929 SX 21044 0.999655
20929 SX 21045 0.000115
20929 SX 21042 0.000115
20929 SX 21043 0.000115
20929 RZPI 20929 1.000000
20929 RZ3PI 20927 1.000000
20929 RZPIHalf 20903 1.000000
20929 S 20906 1.000000
20929 X 20941 0.999655
20929 X 20929 0.000115
20929 X 20927 0.000115
20929 X 20943 0.000115
20941 SX 21045 0.999655
20941 SX 21044 0.000115
20941 SX 21043 0.000115
20941 SX 21042 0.000115
20941 RZPI 20941 1.000000
20941 RZ3PI 20943 1.000000
20941 RZPIHalf 20905 1.000000
20941 S 20904 1.000000
20941 X 20929 0.999655
20941 X 20941 0.000115
20941 X 20943 0.000115
20941 X 20927 0.000115
20943 SX 21043 0.999655
20943 SX 21042 0.000115
20943 SX 21045 0.000115
20943 SX 21044 0.000115
20943 RZPI 20943 1.000000
20943 RZ3PI 20941 1.000000
20943 RZPIHalf 20904 1.000000
20943 S 20905 1.000000
20943 X 20927 0.999655
20943 X 20943 0.000115
20943 X 20941 0.000115
20943 X 20929 0.000115
20988 SX 21000 0.999655
20988 SX 20911 0.000115
20988 SX 20913 0.000115
20988 SX 21001 0.000115
20988 RZPI 20988 1.000000
20988 RZ3PI 20991 1.000000
20988 RZPIHalf 21042 1.000000
20988 S 21045 1.000000
20988 X 20989 0.999655
20988 X 20988 0.000115
20988 X 20991 0.000115
20988 X 20990 0.000115
20989 SX 20911 0.999655
20989 SX 21000 0.000115
20989 SX 21001 0.000115
20989 SX 20913 0.000115
20989 RZPI 20989 1.000000
20989 RZ3PI 20990 1.000000
20989 RZPIHalf 21044 1.000000
20989 S 21043 1.000000
20989 X 20988 0.999655
20989 X 20989 0.000115
20989 X 20990 0.000115
20989 X 20991 0.000115
20990 SX 21001 0.999655
20990 SX 20913 0.000115
20990 SX 20911 0.000115
20990 SX 21000 0.000115
20990 RZPI 20990 1.000000
20990 RZ3PI 20989 1.000000
20990 RZPIHalf 21043 1.000000
20990 S 21044 1.000000
20990 X 20991 0.999655
20990 X 20990 0.000115
20990 X 20989 0.000115
20990 X 20988 0.000115
20991 SX 20913 0.999655
20991 SX 21001 0.000115
20991 SX 21000 0.000115
20991 SX 20911 0.000115
20991 RZPI 20991 1.000000
20991 RZ3PI 20988 1.000000
20991 RZPIHalf 21045 1.000000
20991 S 21042 1.000000
20991 X 20990 0.999655
20991 X 20991 0.000115
20991 X 20988 0.000115
20991 X 20989 0.000115
21000 SX 20989 0.999655
21000 SX 20988 0.000115
21000 SX 20991 0.000115
21000 SX 20990 0.000115
21000 RZPI 21000 1.000000
21000 RZ3PI 21001 1.000000
21000 RZPIHalf 20918 1.000000
21000 S 20919 1.000000
21000 X 20911 0.999655
21000 X 21000 0.000115
21000 X 21001 0.000115
21000 X 20913 0.000115
21001 SX 20991 0.999655
21001 SX 20990 0.000115
21001 SX 20989 0.000115
21001 SX 20988 0.000115
21001 RZPI 21001 1.000000
21001 RZ3PI 21000 1.000000
21001 RZPIHalf 20919 1.000000
21001 S 20918 1.000000
21001 X 20913 0.999655
21001 X 21001 0.000115
21001 X 21000 0.000115
21001 X 20911 0.000115
21042 SX 20943 0.999655
21042 SX 20927 0.000115
21042 SX 20929 0.000115
21042 SX 20941 0.000115
21042 RZPI 21042 1.000000
21042 RZ3PI 21045 1.000000
21042 RZPIHalf 20991 1.000000
21042 S 20988 1.000000
21042 X 21043 0.999655
21042 X 21042 0.000115
21042 X 21045 0.000115
21042 X 21044 0.000115
21043 SX 20927 0.999655
21043 SX 20943 0.000115
21043 SX 20941 0.000115
21043 SX 20929 0.000115
21043 RZPI 21043 1.000000
21043 RZ3PI 21044 1.000000
21043 RZPIHalf 20989 1.000000
21043 S 20990 1.000000
21043 X 21042 0.999655
21043 X 21043 0.000115
21043 X 21044 0.000115
21043 X 21045 0.000115
21044 SX 20941 0.999655
21044 SX 20929 0.000115
21044 SX 20927 0.000115
21044 SX 20943 0.000115
21044 RZPI 21044 1.000000
21044 RZ3PI 21043 1.000000
21044 RZPIHalf 20990 1.000000
21044 S 20989 1.000000
21044 X 21045 0.999655
21044 X 21044 0.000115
21044 X 21043 0.000115
21044 X 21042 0.000115
21045 SX 20929 0.999655
21045 SX 20941 0.000115
21045 SX 20943 0.000115
21045 SX 20927 0.000115
21045 RZPI 21045 1.000000
21045 RZ3PI 21042 1.000000
21045 RZPIHalf 20988 1.000000
21045 S 20991 1.000000
21045 X 21044 0.999655
21045 X 21045 0.000115
21045 X 21042 0.000115
21045 X 21043 0.000115
ENDPOMDP
