BEGINPOMDP
INITIALSTATE: 19019
STATES: 19110,19111,19112,19113,19122,19123,19019,19020,19025,19026,19027,19028,19031,19033,19035,19164,19165,19166,19167,19040,19041,19049,19051,19063,19065
REWARDS: 19110:0,19111:0,19112:0,19113:0,19122:0,19123:0,19019:0,19020:0,19025:0,19026:0,19027:0,19028:0,19031:0,19033:0,19035:0,19164:0,19165:0,19166:0,19167:0,19040:0,19041:1,19049:0,19051:0,19063:0,19065:0
GAMMA: 19110:0,19111:0,19112:0,19113:0,19122:0,19123:0,19019:0,19020:0,19025:0,19026:0,19027:0,19028:0,19031:0,19033:0,19035:0,19164:0,19165:0,19166:0,19167:0,19040:0,19041:0,19049:0,19051:0,19063:0,19065:0
BEGINACTIONS
SX
RZPI
RZ3PI
RZPIHalf
S
X
ENDACTIONS
19019 INIT_ 19020 1.000000
19020 SX 19025 0.999767
19020 SX 19026 0.000078
19020 SX 19027 0.000078
19020 SX 19028 0.000078
19020 RZPI 19020 1.000000
19020 RZ3PI 19031 1.000000
19020 RZPIHalf 19033 1.000000
19020 S 19035 1.000000
19020 X 19040 0.999767
19020 X 19020 0.000078
19020 X 19031 0.000078
19020 X 19041 0.000078
19025 SX 19040 0.999767
19025 SX 19020 0.000078
19025 SX 19031 0.000078
19025 SX 19041 0.000078
19025 RZPI 19025 1.000000
19025 RZ3PI 19028 1.000000
19025 RZPIHalf 19049 1.000000
19025 S 19051 1.000000
19025 X 19026 0.999767
19025 X 19025 0.000078
19025 X 19028 0.000078
19025 X 19027 0.000078
19026 SX 19020 0.999767
19026 SX 19040 0.000078
19026 SX 19041 0.000078
19026 SX 19031 0.000078
19026 RZPI 19026 1.000000
19026 RZ3PI 19027 1.000000
19026 RZPIHalf 19063 1.000000
19026 S 19065 1.000000
19026 X 19025 0.999767
19026 X 19026 0.000078
19026 X 19027 0.000078
19026 X 19028 0.000078
19027 SX 19041 0.999767
19027 SX 19031 0.000078
19027 SX 19020 0.000078
19027 SX 19040 0.000078
19027 RZPI 19027 1.000000
19027 RZ3PI 19026 1.000000
19027 RZPIHalf 19065 1.000000
19027 S 19063 1.000000
19027 X 19028 0.999767
19027 X 19027 0.000078
19027 X 19026 0.000078
19027 X 19025 0.000078
19028 SX 19031 0.999767
19028 SX 19041 0.000078
19028 SX 19040 0.000078
19028 SX 19020 0.000078
19028 RZPI 19028 1.000000
19028 RZ3PI 19025 1.000000
19028 RZPIHalf 19051 1.000000
19028 S 19049 1.000000
19028 X 19027 0.999767
19028 X 19028 0.000078
19028 X 19025 0.000078
19028 X 19026 0.000078
19031 SX 19027 0.999767
19031 SX 19028 0.000078
19031 SX 19025 0.000078
19031 SX 19026 0.000078
19031 RZPI 19031 1.000000
19031 RZ3PI 19020 1.000000
19031 RZPIHalf 19035 1.000000
19031 S 19033 1.000000
19031 X 19041 0.999767
19031 X 19031 0.000078
19031 X 19020 0.000078
19031 X 19040 0.000078
19033 SX 19110 0.999767
19033 SX 19111 0.000078
19033 SX 19112 0.000078
19033 SX 19113 0.000078
19033 RZPI 19033 1.000000
19033 RZ3PI 19035 1.000000
19033 RZPIHalf 19031 1.000000
19033 S 19020 1.000000
19033 X 19122 0.999767
19033 X 19033 0.000078
19033 X 19035 0.000078
19033 X 19123 0.000078
19035 SX 19112 0.999767
19035 SX 19113 0.000078
19035 SX 19110 0.000078
19035 SX 19111 0.000078
19035 RZPI 19035 1.000000
19035 RZ3PI 19033 1.000000
19035 RZPIHalf 19020 1.000000
19035 S 19031 1.000000
19035 X 19123 0.999767
19035 X 19035 0.000078
19035 X 19033 0.000078
19035 X 19122 0.000078
19040 SX 19026 0.999767
19040 SX 19025 0.000078
19040 SX 19028 0.000078
19040 SX 19027 0.000078
19040 RZPI 19040 1.000000
19040 RZ3PI 19041 1.000000
19040 RZPIHalf 19123 1.000000
19040 S 19122 1.000000
19040 X 19020 0.999767
19040 X 19040 0.000078
19040 X 19041 0.000078
19040 X 19031 0.000078
19041 SX 19028 0.999767
19041 SX 19027 0.000078
19041 SX 19026 0.000078
19041 SX 19025 0.000078
19041 RZPI 19041 1.000000
19041 RZ3PI 19040 1.000000
19041 RZPIHalf 19122 1.000000
19041 S 19123 1.000000
19041 X 19031 0.999767
19041 X 19041 0.000078
19041 X 19040 0.000078
19041 X 19020 0.000078
19049 SX 19164 0.999767
19049 SX 19165 0.000078
19049 SX 19166 0.000078
19049 SX 19167 0.000078
19049 RZPI 19049 1.000000
19049 RZ3PI 19051 1.000000
19049 RZPIHalf 19028 1.000000
19049 S 19025 1.000000
19049 X 19065 0.999767
19049 X 19049 0.000078
19049 X 19051 0.000078
19049 X 19063 0.000078
19051 SX 19166 0.999767
19051 SX 19167 0.000078
19051 SX 19164 0.000078
19051 SX 19165 0.000078
19051 RZPI 19051 1.000000
19051 RZ3PI 19049 1.000000
19051 RZPIHalf 19025 1.000000
19051 S 19028 1.000000
19051 X 19063 0.999767
19051 X 19051 0.000078
19051 X 19049 0.000078
19051 X 19065 0.000078
19063 SX 19167 0.999767
19063 SX 19166 0.000078
19063 SX 19165 0.000078
19063 SX 19164 0.000078
19063 RZPI 19063 1.000000
19063 RZ3PI 19065 1.000000
19063 RZPIHalf 19027 1.000000
19063 S 19026 1.000000
19063 X 19051 0.999767
19063 X 19063 0.000078
19063 X 19065 0.000078
19063 X 19049 0.000078
19065 SX 19165 0.999767
19065 SX 19164 0.000078
19065 SX 19167 0.000078
19065 SX 19166 0.000078
19065 RZPI 19065 1.000000
19065 RZ3PI 19063 1.000000
19065 RZPIHalf 19026 1.000000
19065 S 19027 1.000000
19065 X 19049 0.999767
19065 X 19065 0.000078
19065 X 19063 0.000078
19065 X 19051 0.000078
19110 SX 19122 0.999767
19110 SX 19033 0.000078
19110 SX 19035 0.000078
19110 SX 19123 0.000078
19110 RZPI 19110 1.000000
19110 RZ3PI 19113 1.000000
19110 RZPIHalf 19164 1.000000
19110 S 19167 1.000000
19110 X 19111 0.999767
19110 X 19110 0.000078
19110 X 19113 0.000078
19110 X 19112 0.000078
19111 SX 19033 0.999767
19111 SX 19122 0.000078
19111 SX 19123 0.000078
19111 SX 19035 0.000078
19111 RZPI 19111 1.000000
19111 RZ3PI 19112 1.000000
19111 RZPIHalf 19166 1.000000
19111 S 19165 1.000000
19111 X 19110 0.999767
19111 X 19111 0.000078
19111 X 19112 0.000078
19111 X 19113 0.000078
19112 SX 19123 0.999767
19112 SX 19035 0.000078
19112 SX 19033 0.000078
19112 SX 19122 0.000078
19112 RZPI 19112 1.000000
19112 RZ3PI 19111 1.000000
19112 RZPIHalf 19165 1.000000
19112 S 19166 1.000000
19112 X 19113 0.999767
19112 X 19112 0.000078
19112 X 19111 0.000078
19112 X 19110 0.000078
19113 SX 19035 0.999767
19113 SX 19123 0.000078
19113 SX 19122 0.000078
19113 SX 19033 0.000078
19113 RZPI 19113 1.000000
19113 RZ3PI 19110 1.000000
19113 RZPIHalf 19167 1.000000
19113 S 19164 1.000000
19113 X 19112 0.999767
19113 X 19113 0.000078
19113 X 19110 0.000078
19113 X 19111 0.000078
19122 SX 19111 0.999767
19122 SX 19110 0.000078
19122 SX 19113 0.000078
19122 SX 19112 0.000078
19122 RZPI 19122 1.000000
19122 RZ3PI 19123 1.000000
19122 RZPIHalf 19040 1.000000
19122 S 19041 1.000000
19122 X 19033 0.999767
19122 X 19122 0.000078
19122 X 19123 0.000078
19122 X 19035 0.000078
19123 SX 19113 0.999767
19123 SX 19112 0.000078
19123 SX 19111 0.000078
19123 SX 19110 0.000078
19123 RZPI 19123 1.000000
19123 RZ3PI 19122 1.000000
19123 RZPIHalf 19041 1.000000
19123 S 19040 1.000000
19123 X 19035 0.999767
19123 X 19123 0.000078
19123 X 19122 0.000078
19123 X 19033 0.000078
19164 SX 19065 0.999767
19164 SX 19049 0.000078
19164 SX 19051 0.000078
19164 SX 19063 0.000078
19164 RZPI 19164 1.000000
19164 RZ3PI 19167 1.000000
19164 RZPIHalf 19113 1.000000
19164 S 19110 1.000000
19164 X 19165 0.999767
19164 X 19164 0.000078
19164 X 19167 0.000078
19164 X 19166 0.000078
19165 SX 19049 0.999767
19165 SX 19065 0.000078
19165 SX 19063 0.000078
19165 SX 19051 0.000078
19165 RZPI 19165 1.000000
19165 RZ3PI 19166 1.000000
19165 RZPIHalf 19111 1.000000
19165 S 19112 1.000000
19165 X 19164 0.999767
19165 X 19165 0.000078
19165 X 19166 0.000078
19165 X 19167 0.000078
19166 SX 19063 0.999767
19166 SX 19051 0.000078
19166 SX 19049 0.000078
19166 SX 19065 0.000078
19166 RZPI 19166 1.000000
19166 RZ3PI 19165 1.000000
19166 RZPIHalf 19112 1.000000
19166 S 19111 1.000000
19166 X 19167 0.999767
19166 X 19166 0.000078
19166 X 19165 0.000078
19166 X 19164 0.000078
19167 SX 19051 0.999767
19167 SX 19063 0.000078
19167 SX 19065 0.000078
19167 SX 19049 0.000078
19167 RZPI 19167 1.000000
19167 RZ3PI 19164 1.000000
19167 RZPIHalf 19110 1.000000
19167 S 19113 1.000000
19167 X 19166 0.999767
19167 X 19167 0.000078
19167 X 19164 0.000078
19167 X 19165 0.000078
ENDPOMDP
