BEGINPOMDP
INITIALSTATE: 15338
STATES: 15360,15368,15370,15382,15384,15429,15430,15431,15432,15441,15442,15338,15339,15344,15345,15346,15347,15350,15352,15354,15483,15484,15485,15486,15359
REWARDS: 15360:1,15368:0,15370:0,15382:0,15384:0,15429:0,15430:0,15431:0,15432:0,15441:0,15442:0,15338:0,15339:0,15344:0,15345:0,15346:0,15347:0,15350:0,15352:0,15354:0,15483:0,15484:0,15485:0,15486:0,15359:0
GAMMA: 15360:0,15368:0,15370:0,15382:0,15384:0,15429:0,15430:0,15431:0,15432:0,15441:0,15442:0,15338:0,15339:0,15344:0,15345:0,15346:0,15347:0,15350:0,15352:0,15354:0,15483:0,15484:0,15485:0,15486:0,15359:0
BEGINACTIONS
SX
RZPI
RZ3PI
RZPIHalf
S
X
ENDACTIONS
15338 INIT_ 15339 1.000000
15339 SX 15344 0.998467
15339 SX 15345 0.000511
15339 SX 15346 0.000511
15339 SX 15347 0.000511
15339 RZPI 15339 1.000000
15339 RZ3PI 15350 1.000000
15339 RZPIHalf 15352 1.000000
15339 S 15354 1.000000
15339 X 15359 0.998467
15339 X 15339 0.000511
15339 X 15350 0.000511
15339 X 15360 0.000511
15344 SX 15359 0.998467
15344 SX 15339 0.000511
15344 SX 15350 0.000511
15344 SX 15360 0.000511
15344 RZPI 15344 1.000000
15344 RZ3PI 15347 1.000000
15344 RZPIHalf 15368 1.000000
15344 S 15370 1.000000
15344 X 15345 0.998467
15344 X 15344 0.000511
15344 X 15347 0.000511
15344 X 15346 0.000511
15345 SX 15339 0.998467
15345 SX 15359 0.000511
15345 SX 15360 0.000511
15345 SX 15350 0.000511
15345 RZPI 15345 1.000000
15345 RZ3PI 15346 1.000000
15345 RZPIHalf 15382 1.000000
15345 S 15384 1.000000
15345 X 15344 0.998467
15345 X 15345 0.000511
15345 X 15346 0.000511
15345 X 15347 0.000511
15346 SX 15360 0.998467
15346 SX 15350 0.000511
15346 SX 15339 0.000511
15346 SX 15359 0.000511
15346 RZPI 15346 1.000000
15346 RZ3PI 15345 1.000000
15346 RZPIHalf 15384 1.000000
15346 S 15382 1.000000
15346 X 15347 0.998467
15346 X 15346 0.000511
15346 X 15345 0.000511
15346 X 15344 0.000511
15347 SX 15350 0.998467
15347 SX 15360 0.000511
15347 SX 15359 0.000511
15347 SX 15339 0.000511
15347 RZPI 15347 1.000000
15347 RZ3PI 15344 1.000000
15347 RZPIHalf 15370 1.000000
15347 S 15368 1.000000
15347 X 15346 0.998467
15347 X 15347 0.000511
15347 X 15344 0.000511
15347 X 15345 0.000511
15350 SX 15346 0.998467
15350 SX 15347 0.000511
15350 SX 15344 0.000511
15350 SX 15345 0.000511
15350 RZPI 15350 1.000000
15350 RZ3PI 15339 1.000000
15350 RZPIHalf 15354 1.000000
15350 S 15352 1.000000
15350 X 15360 0.998467
15350 X 15350 0.000511
15350 X 15339 0.000511
15350 X 15359 0.000511
15352 SX 15429 0.998467
15352 SX 15430 0.000511
15352 SX 15431 0.000511
15352 SX 15432 0.000511
15352 RZPI 15352 1.000000
15352 RZ3PI 15354 1.000000
15352 RZPIHalf 15350 1.000000
15352 S 15339 1.000000
15352 X 15441 0.998467
15352 X 15352 0.000511
15352 X 15354 0.000511
15352 X 15442 0.000511
15354 SX 15431 0.998467
15354 SX 15432 0.000511
15354 SX 15429 0.000511
15354 SX 15430 0.000511
15354 RZPI 15354 1.000000
15354 RZ3PI 15352 1.000000
15354 RZPIHalf 15339 1.000000
15354 S 15350 1.000000
15354 X 15442 0.998467
15354 X 15354 0.000511
15354 X 15352 0.000511
15354 X 15441 0.000511
15359 SX 15345 0.998467
15359 SX 15344 0.000511
15359 SX 15347 0.000511
15359 SX 15346 0.000511
15359 RZPI 15359 1.000000
15359 RZ3PI 15360 1.000000
15359 RZPIHalf 15442 1.000000
15359 S 15441 1.000000
15359 X 15339 0.998467
15359 X 15359 0.000511
15359 X 15360 0.000511
15359 X 15350 0.000511
15360 SX 15347 0.998467
15360 SX 15346 0.000511
15360 SX 15345 0.000511
15360 SX 15344 0.000511
15360 RZPI 15360 1.000000
15360 RZ3PI 15359 1.000000
15360 RZPIHalf 15441 1.000000
15360 S 15442 1.000000
15360 X 15350 0.998467
15360 X 15360 0.000511
15360 X 15359 0.000511
15360 X 15339 0.000511
15368 SX 15483 0.998467
15368 SX 15484 0.000511
15368 SX 15485 0.000511
15368 SX 15486 0.000511
15368 RZPI 15368 1.000000
15368 RZ3PI 15370 1.000000
15368 RZPIHalf 15347 1.000000
15368 S 15344 1.000000
15368 X 15384 0.998467
15368 X 15368 0.000511
15368 X 15370 0.000511
15368 X 15382 0.000511
15370 SX 15485 0.998467
15370 SX 15486 0.000511
15370 SX 15483 0.000511
15370 SX 15484 0.000511
15370 RZPI 15370 1.000000
15370 RZ3PI 15368 1.000000
15370 RZPIHalf 15344 1.000000
15370 S 15347 1.000000
15370 X 15382 0.998467
15370 X 15370 0.000511
15370 X 15368 0.000511
15370 X 15384 0.000511
15382 SX 15486 0.998467
15382 SX 15485 0.000511
15382 SX 15484 0.000511
15382 SX 15483 0.000511
15382 RZPI 15382 1.000000
15382 RZ3PI 15384 1.000000
15382 RZPIHalf 15346 1.000000
15382 S 15345 1.000000
15382 X 15370 0.998467
15382 X 15382 0.000511
15382 X 15384 0.000511
15382 X 15368 0.000511
15384 SX 15484 0.998467
15384 SX 15483 0.000511
15384 SX 15486 0.000511
15384 SX 15485 0.000511
15384 RZPI 15384 1.000000
15384 RZ3PI 15382 1.000000
15384 RZPIHalf 15345 1.000000
15384 S 15346 1.000000
15384 X 15368 0.998467
15384 X 15384 0.000511
15384 X 15382 0.000511
15384 X 15370 0.000511
15429 SX 15441 0.998467
15429 SX 15352 0.000511
15429 SX 15354 0.000511
15429 SX 15442 0.000511
15429 RZPI 15429 1.000000
15429 RZ3PI 15432 1.000000
15429 RZPIHalf 15483 1.000000
15429 S 15486 1.000000
15429 X 15430 0.998467
15429 X 15429 0.000511
15429 X 15432 0.000511
15429 X 15431 0.000511
15430 SX 15352 0.998467
15430 SX 15441 0.000511
15430 SX 15442 0.000511
15430 SX 15354 0.000511
15430 RZPI 15430 1.000000
15430 RZ3PI 15431 1.000000
15430 RZPIHalf 15485 1.000000
15430 S 15484 1.000000
15430 X 15429 0.998467
15430 X 15430 0.000511
15430 X 15431 0.000511
15430 X 15432 0.000511
15431 SX 15442 0.998467
15431 SX 15354 0.000511
15431 SX 15352 0.000511
15431 SX 15441 0.000511
15431 RZPI 15431 1.000000
15431 RZ3PI 15430 1.000000
15431 RZPIHalf 15484 1.000000
15431 S 15485 1.000000
15431 X 15432 0.998467
15431 X 15431 0.000511
15431 X 15430 0.000511
15431 X 15429 0.000511
15432 SX 15354 0.998467
15432 SX 15442 0.000511
15432 SX 15441 0.000511
15432 SX 15352 0.000511
15432 RZPI 15432 1.000000
15432 RZ3PI 15429 1.000000
15432 RZPIHalf 15486 1.000000
15432 S 15483 1.000000
15432 X 15431 0.998467
15432 X 15432 0.000511
15432 X 15429 0.000511
15432 X 15430 0.000511
15441 SX 15430 0.998467
15441 SX 15429 0.000511
15441 SX 15432 0.000511
15441 SX 15431 0.000511
15441 RZPI 15441 1.000000
15441 RZ3PI 15442 1.000000
15441 RZPIHalf 15359 1.000000
15441 S 15360 1.000000
15441 X 15352 0.998467
15441 X 15441 0.000511
15441 X 15442 0.000511
15441 X 15354 0.000511
15442 SX 15432 0.998467
15442 SX 15431 0.000511
15442 SX 15430 0.000511
15442 SX 15429 0.000511
15442 RZPI 15442 1.000000
15442 RZ3PI 15441 1.000000
15442 RZPIHalf 15360 1.000000
15442 S 15359 1.000000
15442 X 15354 0.998467
15442 X 15442 0.000511
15442 X 15441 0.000511
15442 X 15352 0.000511
15483 SX 15384 0.998467
15483 SX 15368 0.000511
15483 SX 15370 0.000511
15483 SX 15382 0.000511
15483 RZPI 15483 1.000000
15483 RZ3PI 15486 1.000000
15483 RZPIHalf 15432 1.000000
15483 S 15429 1.000000
15483 X 15484 0.998467
15483 X 15483 0.000511
15483 X 15486 0.000511
15483 X 15485 0.000511
15484 SX 15368 0.998467
15484 SX 15384 0.000511
15484 SX 15382 0.000511
15484 SX 15370 0.000511
15484 RZPI 15484 1.000000
15484 RZ3PI 15485 1.000000
15484 RZPIHalf 15430 1.000000
15484 S 15431 1.000000
15484 X 15483 0.998467
15484 X 15484 0.000511
15484 X 15485 0.000511
15484 X 15486 0.000511
15485 SX 15382 0.998467
15485 SX 15370 0.000511
15485 SX 15368 0.000511
15485 SX 15384 0.000511
15485 RZPI 15485 1.000000
15485 RZ3PI 15484 1.000000
15485 RZPIHalf 15431 1.000000
15485 S 15430 1.000000
15485 X 15486 0.998467
15485 X 15485 0.000511
15485 X 15484 0.000511
15485 X 15483 0.000511
15486 SX 15370 0.998467
15486 SX 15382 0.000511
15486 SX 15384 0.000511
15486 SX 15368 0.000511
15486 RZPI 15486 1.000000
15486 RZ3PI 15483 1.000000
15486 RZPIHalf 15429 1.000000
15486 S 15432 1.000000
15486 X 15485 0.998467
15486 X 15486 0.000511
15486 X 15483 0.000511
15486 X 15484 0.000511
ENDPOMDP
