BEGINPOMDP
INITIALSTATE: 21836
STATES: 21927,21928,21929,21930,21939,21940,21836,21837,21842,21843,21844,21845,21848,21850,21852,21981,21982,21983,21984,21857,21858,21866,21868,21880,21882
REWARDS: 21927:0,21928:0,21929:0,21930:0,21939:0,21940:0,21836:0,21837:0,21842:0,21843:0,21844:0,21845:0,21848:0,21850:0,21852:0,21981:0,21982:0,21983:0,21984:0,21857:0,21858:1,21866:0,21868:0,21880:0,21882:0
GAMMA: 21927:0,21928:0,21929:0,21930:0,21939:0,21940:0,21836:0,21837:0,21842:0,21843:0,21844:0,21845:0,21848:0,21850:0,21852:0,21981:0,21982:0,21983:0,21984:0,21857:0,21858:0,21866:0,21868:0,21880:0,21882:0
BEGINACTIONS
SX
RZPI
RZ3PI
RZPIHalf
S
X
ENDACTIONS
21836 INIT_ 21837 1.000000
21837 SX 21842 0.999613
21837 SX 21843 0.000129
21837 SX 21844 0.000129
21837 SX 21845 0.000129
21837 RZPI 21837 1.000000
21837 RZ3PI 21848 1.000000
21837 RZPIHalf 21850 1.000000
21837 S 21852 1.000000
21837 X 21857 0.999613
21837 X 21837 0.000129
21837 X 21848 0.000129
21837 X 21858 0.000129
21842 SX 21857 0.999613
21842 SX 21837 0.000129
21842 SX 21848 0.000129
21842 SX 21858 0.000129
21842 RZPI 21842 1.000000
21842 RZ3PI 21845 1.000000
21842 RZPIHalf 21866 1.000000
21842 S 21868 1.000000
21842 X 21843 0.999613
21842 X 21842 0.000129
21842 X 21845 0.000129
21842 X 21844 0.000129
21843 SX 21837 0.999613
21843 SX 21857 0.000129
21843 SX 21858 0.000129
21843 SX 21848 0.000129
21843 RZPI 21843 1.000000
21843 RZ3PI 21844 1.000000
21843 RZPIHalf 21880 1.000000
21843 S 21882 1.000000
21843 X 21842 0.999613
21843 X 21843 0.000129
21843 X 21844 0.000129
21843 X 21845 0.000129
21844 SX 21858 0.999613
21844 SX 21848 0.000129
21844 SX 21837 0.000129
21844 SX 21857 0.000129
21844 RZPI 21844 1.000000
21844 RZ3PI 21843 1.000000
21844 RZPIHalf 21882 1.000000
21844 S 21880 1.000000
21844 X 21845 0.999613
21844 X 21844 0.000129
21844 X 21843 0.000129
21844 X 21842 0.000129
21845 SX 21848 0.999613
21845 SX 21858 0.000129
21845 SX 21857 0.000129
21845 SX 21837 0.000129
21845 RZPI 21845 1.000000
21845 RZ3PI 21842 1.000000
21845 RZPIHalf 21868 1.000000
21845 S 21866 1.000000
21845 X 21844 0.999613
21845 X 21845 0.000129
21845 X 21842 0.000129
21845 X 21843 0.000129
21848 SX 21844 0.999613
21848 SX 21845 0.000129
21848 SX 21842 0.000129
21848 SX 21843 0.000129
21848 RZPI 21848 1.000000
21848 RZ3PI 21837 1.000000
21848 RZPIHalf 21852 1.000000
21848 S 21850 1.000000
21848 X 21858 0.999613
21848 X 21848 0.000129
21848 X 21837 0.000129
21848 X 21857 0.000129
21850 SX 21927 0.999613
21850 SX 21928 0.000129
21850 SX 21929 0.000129
21850 SX 21930 0.000129
21850 RZPI 21850 1.000000
21850 RZ3PI 21852 1.000000
21850 RZPIHalf 21848 1.000000
21850 S 21837 1.000000
21850 X 21939 0.999613
21850 X 21850 0.000129
21850 X 21852 0.000129
21850 X 21940 0.000129
21852 SX 21929 0.999613
21852 SX 21930 0.000129
21852 SX 21927 0.000129
21852 SX 21928 0.000129
21852 RZPI 21852 1.000000
21852 RZ3PI 21850 1.000000
21852 RZPIHalf 21837 1.000000
21852 S 21848 1.000000
21852 X 21940 0.999613
21852 X 21852 0.000129
21852 X 21850 0.000129
21852 X 21939 0.000129
21857 SX 21843 0.999613
21857 SX 21842 0.000129
21857 SX 21845 0.000129
21857 SX 21844 0.000129
21857 RZPI 21857 1.000000
21857 RZ3PI 21858 1.000000
21857 RZPIHalf 21940 1.000000
21857 S 21939 1.000000
21857 X 21837 0.999613
21857 X 21857 0.000129
21857 X 21858 0.000129
21857 X 21848 0.000129
21858 SX 21845 0.999613
21858 SX 21844 0.000129
21858 SX 21843 0.000129
21858 SX 21842 0.000129
21858 RZPI 21858 1.000000
21858 RZ3PI 21857 1.000000
21858 RZPIHalf 21939 1.000000
21858 S 21940 1.000000
21858 X 21848 0.999613
21858 X 21858 0.000129
21858 X 21857 0.000129
21858 X 21837 0.000129
21866 SX 21981 0.999613
21866 SX 21982 0.000129
21866 SX 21983 0.000129
21866 SX 21984 0.000129
21866 RZPI 21866 1.000000
21866 RZ3PI 21868 1.000000
21866 RZPIHalf 21845 1.000000
21866 S 21842 1.000000
21866 X 21882 0.999613
21866 X 21866 0.000129
21866 X 21868 0.000129
21866 X 21880 0.000129
21868 SX 21983 0.999613
21868 SX 21984 0.000129
21868 SX 21981 0.000129
21868 SX 21982 0.000129
21868 RZPI 21868 1.000000
21868 RZ3PI 21866 1.000000
21868 RZPIHalf 21842 1.000000
21868 S 21845 1.000000
21868 X 21880 0.999613
21868 X 21868 0.000129
21868 X 21866 0.000129
21868 X 21882 0.000129
21880 SX 21984 0.999613
21880 SX 21983 0.000129
21880 SX 21982 0.000129
21880 SX 21981 0.000129
21880 RZPI 21880 1.000000
21880 RZ3PI 21882 1.000000
21880 RZPIHalf 21844 1.000000
21880 S 21843 1.000000
21880 X 21868 0.999613
21880 X 21880 0.000129
21880 X 21882 0.000129
21880 X 21866 0.000129
21882 SX 21982 0.999613
21882 SX 21981 0.000129
21882 SX 21984 0.000129
21882 SX 21983 0.000129
21882 RZPI 21882 1.000000
21882 RZ3PI 21880 1.000000
21882 RZPIHalf 21843 1.000000
21882 S 21844 1.000000
21882 X 21866 0.999613
21882 X 21882 0.000129
21882 X 21880 0.000129
21882 X 21868 0.000129
21927 SX 21939 0.999613
21927 SX 21850 0.000129
21927 SX 21852 0.000129
21927 SX 21940 0.000129
21927 RZPI 21927 1.000000
21927 RZ3PI 21930 1.000000
21927 RZPIHalf 21981 1.000000
21927 S 21984 1.000000
21927 X 21928 0.999613
21927 X 21927 0.000129
21927 X 21930 0.000129
21927 X 21929 0.000129
21928 SX 21850 0.999613
21928 SX 21939 0.000129
21928 SX 21940 0.000129
21928 SX 21852 0.000129
21928 RZPI 21928 1.000000
21928 RZ3PI 21929 1.000000
21928 RZPIHalf 21983 1.000000
21928 S 21982 1.000000
21928 X 21927 0.999613
21928 X 21928 0.000129
21928 X 21929 0.000129
21928 X 21930 0.000129
21929 SX 21940 0.999613
21929 SX 21852 0.000129
21929 SX 21850 0.000129
21929 SX 21939 0.000129
21929 RZPI 21929 1.000000
21929 RZ3PI 21928 1.000000
21929 RZPIHalf 21982 1.000000
21929 S 21983 1.000000
21929 X 21930 0.999613
21929 X 21929 0.000129
21929 X 21928 0.000129
21929 X 21927 0.000129
21930 SX 21852 0.999613
21930 SX 21940 0.000129
21930 SX 21939 0.000129
21930 SX 21850 0.000129
21930 RZPI 21930 1.000000
21930 RZ3PI 21927 1.000000
21930 RZPIHalf 21984 1.000000
21930 S 21981 1.000000
21930 X 21929 0.999613
21930 X 21930 0.000129
21930 X 21927 0.000129
21930 X 21928 0.000129
21939 SX 21928 0.999613
21939 SX 21927 0.000129
21939 SX 21930 0.000129
21939 SX 21929 0.000129
21939 RZPI 21939 1.000000
21939 RZ3PI 21940 1.000000
21939 RZPIHalf 21857 1.000000
21939 S 21858 1.000000
21939 X 21850 0.999613
21939 X 21939 0.000129
21939 X 21940 0.000129
21939 X 21852 0.000129
21940 SX 21930 0.999613
21940 SX 21929 0.000129
21940 SX 21928 0.000129
21940 SX 21927 0.000129
21940 RZPI 21940 1.000000
21940 RZ3PI 21939 1.000000
21940 RZPIHalf 21858 1.000000
21940 S 21857 1.000000
21940 X 21852 0.999613
21940 X 21940 0.000129
21940 X 21939 0.000129
21940 X 21850 0.000129
21981 SX 21882 0.999613
21981 SX 21866 0.000129
21981 SX 21868 0.000129
21981 SX 21880 0.000129
21981 RZPI 21981 1.000000
21981 RZ3PI 21984 1.000000
21981 RZPIHalf 21930 1.000000
21981 S 21927 1.000000
21981 X 21982 0.999613
21981 X 21981 0.000129
21981 X 21984 0.000129
21981 X 21983 0.000129
21982 SX 21866 0.999613
21982 SX 21882 0.000129
21982 SX 21880 0.000129
21982 SX 21868 0.000129
21982 RZPI 21982 1.000000
21982 RZ3PI 21983 1.000000
21982 RZPIHalf 21928 1.000000
21982 S 21929 1.000000
21982 X 21981 0.999613
21982 X 21982 0.000129
21982 X 21983 0.000129
21982 X 21984 0.000129
21983 SX 21880 0.999613
21983 SX 21868 0.000129
21983 SX 21866 0.000129
21983 SX 21882 0.000129
21983 RZPI 21983 1.000000
21983 RZ3PI 21982 1.000000
21983 RZPIHalf 21929 1.000000
21983 S 21928 1.000000
21983 X 21984 0.999613
21983 X 21983 0.000129
21983 X 21982 0.000129
21983 X 21981 0.000129
21984 SX 21868 0.999613
21984 SX 21880 0.000129
21984 SX 21882 0.000129
21984 SX 21866 0.000129
21984 RZPI 21984 1.000000
21984 RZ3PI 21981 1.000000
21984 RZPIHalf 21927 1.000000
21984 S 21930 1.000000
21984 X 21983 0.999613
21984 X 21984 0.000129
21984 X 21981 0.000129
21984 X 21982 0.000129
ENDPOMDP
