BEGINPOMDP
INITIALSTATE: 17792
STATES: 17792,17793,17798,17799,17800,17801,17804,17806,17808,17937,17938,17939,17940,17813,17814,17822,17824,17836,17838,17883,17884,17885,17886,17895,17896
REWARDS: 17792:0,17793:0,17798:0,17799:0,17800:0,17801:0,17804:0,17806:0,17808:0,17937:0,17938:0,17939:0,17940:0,17813:0,17814:1,17822:0,17824:0,17836:0,17838:0,17883:0,17884:0,17885:0,17886:0,17895:0,17896:0
GAMMA: 17792:0,17793:0,17798:0,17799:0,17800:0,17801:0,17804:0,17806:0,17808:0,17937:0,17938:0,17939:0,17940:0,17813:0,17814:0,17822:0,17824:0,17836:0,17838:0,17883:0,17884:0,17885:0,17886:0,17895:0,17896:0
BEGINACTIONS
SX
RZPI
RZ3PI
RZPIHalf
S
X
ENDACTIONS
17792 INIT_ 17793 1.000000
17793 SX 17798 0.998982
17793 SX 17799 0.000339
17793 SX 17800 0.000339
17793 SX 17801 0.000339
17793 RZPI 17793 1.000000
17793 RZ3PI 17804 1.000000
17793 RZPIHalf 17806 1.000000
17793 S 17808 1.000000
17793 X 17813 0.998982
17793 X 17793 0.000339
17793 X 17804 0.000339
17793 X 17814 0.000339
17798 SX 17813 0.998982
17798 SX 17793 0.000339
17798 SX 17804 0.000339
17798 SX 17814 0.000339
17798 RZPI 17798 1.000000
17798 RZ3PI 17801 1.000000
17798 RZPIHalf 17822 1.000000
17798 S 17824 1.000000
17798 X 17799 0.998982
17798 X 17798 0.000339
17798 X 17801 0.000339
17798 X 17800 0.000339
17799 SX 17793 0.998982
17799 SX 17813 0.000339
17799 SX 17814 0.000339
17799 SX 17804 0.000339
17799 RZPI 17799 1.000000
17799 RZ3PI 17800 1.000000
17799 RZPIHalf 17836 1.000000
17799 S 17838 1.000000
17799 X 17798 0.998982
17799 X 17799 0.000339
17799 X 17800 0.000339
17799 X 17801 0.000339
17800 SX 17814 0.998982
17800 SX 17804 0.000339
17800 SX 17793 0.000339
17800 SX 17813 0.000339
17800 RZPI 17800 1.000000
17800 RZ3PI 17799 1.000000
17800 RZPIHalf 17838 1.000000
17800 S 17836 1.000000
17800 X 17801 0.998982
17800 X 17800 0.000339
17800 X 17799 0.000339
17800 X 17798 0.000339
17801 SX 17804 0.998982
17801 SX 17814 0.000339
17801 SX 17813 0.000339
17801 SX 17793 0.000339
17801 RZPI 17801 1.000000
17801 RZ3PI 17798 1.000000
17801 RZPIHalf 17824 1.000000
17801 S 17822 1.000000
17801 X 17800 0.998982
17801 X 17801 0.000339
17801 X 17798 0.000339
17801 X 17799 0.000339
17804 SX 17800 0.998982
17804 SX 17801 0.000339
17804 SX 17798 0.000339
17804 SX 17799 0.000339
17804 RZPI 17804 1.000000
17804 RZ3PI 17793 1.000000
17804 RZPIHalf 17808 1.000000
17804 S 17806 1.000000
17804 X 17814 0.998982
17804 X 17804 0.000339
17804 X 17793 0.000339
17804 X 17813 0.000339
17806 SX 17883 0.998982
17806 SX 17884 0.000339
17806 SX 17885 0.000339
17806 SX 17886 0.000339
17806 RZPI 17806 1.000000
17806 RZ3PI 17808 1.000000
17806 RZPIHalf 17804 1.000000
17806 S 17793 1.000000
17806 X 17895 0.998982
17806 X 17806 0.000339
17806 X 17808 0.000339
17806 X 17896 0.000339
17808 SX 17885 0.998982
17808 SX 17886 0.000339
17808 SX 17883 0.000339
17808 SX 17884 0.000339
17808 RZPI 17808 1.000000
17808 RZ3PI 17806 1.000000
17808 RZPIHalf 17793 1.000000
17808 S 17804 1.000000
17808 X 17896 0.998982
17808 X 17808 0.000339
17808 X 17806 0.000339
17808 X 17895 0.000339
17813 SX 17799 0.998982
17813 SX 17798 0.000339
17813 SX 17801 0.000339
17813 SX 17800 0.000339
17813 RZPI 17813 1.000000
17813 RZ3PI 17814 1.000000
17813 RZPIHalf 17896 1.000000
17813 S 17895 1.000000
17813 X 17793 0.998982
17813 X 17813 0.000339
17813 X 17814 0.000339
17813 X 17804 0.000339
17814 SX 17801 0.998982
17814 SX 17800 0.000339
17814 SX 17799 0.000339
17814 SX 17798 0.000339
17814 RZPI 17814 1.000000
17814 RZ3PI 17813 1.000000
17814 RZPIHalf 17895 1.000000
17814 S 17896 1.000000
17814 X 17804 0.998982
17814 X 17814 0.000339
17814 X 17813 0.000339
17814 X 17793 0.000339
17822 SX 17937 0.998982
17822 SX 17938 0.000339
17822 SX 17939 0.000339
17822 SX 17940 0.000339
17822 RZPI 17822 1.000000
17822 RZ3PI 17824 1.000000
17822 RZPIHalf 17801 1.000000
17822 S 17798 1.000000
17822 X 17838 0.998982
17822 X 17822 0.000339
17822 X 17824 0.000339
17822 X 17836 0.000339
17824 SX 17939 0.998982
17824 SX 17940 0.000339
17824 SX 17937 0.000339
17824 SX 17938 0.000339
17824 RZPI 17824 1.000000
17824 RZ3PI 17822 1.000000
17824 RZPIHalf 17798 1.000000
17824 S 17801 1.000000
17824 X 17836 0.998982
17824 X 17824 0.000339
17824 X 17822 0.000339
17824 X 17838 0.000339
17836 SX 17940 0.998982
17836 SX 17939 0.000339
17836 SX 17938 0.000339
17836 SX 17937 0.000339
17836 RZPI 17836 1.000000
17836 RZ3PI 17838 1.000000
17836 RZPIHalf 17800 1.000000
17836 S 17799 1.000000
17836 X 17824 0.998982
17836 X 17836 0.000339
17836 X 17838 0.000339
17836 X 17822 0.000339
17838 SX 17938 0.998982
17838 SX 17937 0.000339
17838 SX 17940 0.000339
17838 SX 17939 0.000339
17838 RZPI 17838 1.000000
17838 RZ3PI 17836 1.000000
17838 RZPIHalf 17799 1.000000
17838 S 17800 1.000000
17838 X 17822 0.998982
17838 X 17838 0.000339
17838 X 17836 0.000339
17838 X 17824 0.000339
17883 SX 17895 0.998982
17883 SX 17806 0.000339
17883 SX 17808 0.000339
17883 SX 17896 0.000339
17883 RZPI 17883 1.000000
17883 RZ3PI 17886 1.000000
17883 RZPIHalf 17937 1.000000
17883 S 17940 1.000000
17883 X 17884 0.998982
17883 X 17883 0.000339
17883 X 17886 0.000339
17883 X 17885 0.000339
17884 SX 17806 0.998982
17884 SX 17895 0.000339
17884 SX 17896 0.000339
17884 SX 17808 0.000339
17884 RZPI 17884 1.000000
17884 RZ3PI 17885 1.000000
17884 RZPIHalf 17939 1.000000
17884 S 17938 1.000000
17884 X 17883 0.998982
17884 X 17884 0.000339
17884 X 17885 0.000339
17884 X 17886 0.000339
17885 SX 17896 0.998982
17885 SX 17808 0.000339
17885 SX 17806 0.000339
17885 SX 17895 0.000339
17885 RZPI 17885 1.000000
17885 RZ3PI 17884 1.000000
17885 RZPIHalf 17938 1.000000
17885 S 17939 1.000000
17885 X 17886 0.998982
17885 X 17885 0.000339
17885 X 17884 0.000339
17885 X 17883 0.000339
17886 SX 17808 0.998982
17886 SX 17896 0.000339
17886 SX 17895 0.000339
17886 SX 17806 0.000339
17886 RZPI 17886 1.000000
17886 RZ3PI 17883 1.000000
17886 RZPIHalf 17940 1.000000
17886 S 17937 1.000000
17886 X 17885 0.998982
17886 X 17886 0.000339
17886 X 17883 0.000339
17886 X 17884 0.000339
17895 SX 17884 0.998982
17895 SX 17883 0.000339
17895 SX 17886 0.000339
17895 SX 17885 0.000339
17895 RZPI 17895 1.000000
17895 RZ3PI 17896 1.000000
17895 RZPIHalf 17813 1.000000
17895 S 17814 1.000000
17895 X 17806 0.998982
17895 X 17895 0.000339
17895 X 17896 0.000339
17895 X 17808 0.000339
17896 SX 17886 0.998982
17896 SX 17885 0.000339
17896 SX 17884 0.000339
17896 SX 17883 0.000339
17896 RZPI 17896 1.000000
17896 RZ3PI 17895 1.000000
17896 RZPIHalf 17814 1.000000
17896 S 17813 1.000000
17896 X 17808 0.998982
17896 X 17896 0.000339
17896 X 17895 0.000339
17896 X 17806 0.000339
17937 SX 17838 0.998982
17937 SX 17822 0.000339
17937 SX 17824 0.000339
17937 SX 17836 0.000339
17937 RZPI 17937 1.000000
17937 RZ3PI 17940 1.000000
17937 RZPIHalf 17886 1.000000
17937 S 17883 1.000000
17937 X 17938 0.998982
17937 X 17937 0.000339
17937 X 17940 0.000339
17937 X 17939 0.000339
17938 SX 17822 0.998982
17938 SX 17838 0.000339
17938 SX 17836 0.000339
17938 SX 17824 0.000339
17938 RZPI 17938 1.000000
17938 RZ3PI 17939 1.000000
17938 RZPIHalf 17884 1.000000
17938 S 17885 1.000000
17938 X 17937 0.998982
17938 X 17938 0.000339
17938 X 17939 0.000339
17938 X 17940 0.000339
17939 SX 17836 0.998982
17939 SX 17824 0.000339
17939 SX 17822 0.000339
17939 SX 17838 0.000339
17939 RZPI 17939 1.000000
17939 RZ3PI 17938 1.000000
17939 RZPIHalf 17885 1.000000
17939 S 17884 1.000000
17939 X 17940 0.998982
17939 X 17939 0.000339
17939 X 17938 0.000339
17939 X 17937 0.000339
17940 SX 17824 0.998982
17940 SX 17836 0.000339
17940 SX 17838 0.000339
17940 SX 17822 0.000339
17940 RZPI 17940 1.000000
17940 RZ3PI 17937 1.000000
17940 RZPIHalf 17883 1.000000
17940 S 17886 1.000000
17940 X 17939 0.998982
17940 X 17940 0.000339
17940 X 17937 0.000339
17940 X 17938 0.000339
ENDPOMDP
