BEGINPOMDP
INITIALSTATE: 14086
STATES: 14086,14087,14092,14093,14094,14095,14098,14100,14102,14231,14232,14233,14234,14107,14108,14116,14118,14130,14132,14177,14178,14179,14180,14189,14190
REWARDS: 14086:0,14087:0,14092:0,14093:0,14094:0,14095:0,14098:0,14100:0,14102:0,14231:0,14232:0,14233:0,14234:0,14107:0,14108:1,14116:0,14118:0,14130:0,14132:0,14177:0,14178:0,14179:0,14180:0,14189:0,14190:0
GAMMA: 14086:0,14087:0,14092:0,14093:0,14094:0,14095:0,14098:0,14100:0,14102:0,14231:0,14232:0,14233:0,14234:0,14107:0,14108:0,14116:0,14118:0,14130:0,14132:0,14177:0,14178:0,14179:0,14180:0,14189:0,14190:0
BEGINACTIONS
SX
RZPI
RZ3PI
RZPIHalf
S
X
ENDACTIONS
14086 INIT_ 14087 1.000000
14087 SX 14092 0.998327
14087 SX 14093 0.000558
14087 SX 14094 0.000558
14087 SX 14095 0.000558
14087 RZPI 14087 1.000000
14087 RZ3PI 14098 1.000000
14087 RZPIHalf 14100 1.000000
14087 S 14102 1.000000
14087 X 14107 0.998327
14087 X 14087 0.000558
14087 X 14098 0.000558
14087 X 14108 0.000558
14092 SX 14107 0.998327
14092 SX 14087 0.000558
14092 SX 14098 0.000558
14092 SX 14108 0.000558
14092 RZPI 14092 1.000000
14092 RZ3PI 14095 1.000000
14092 RZPIHalf 14116 1.000000
14092 S 14118 1.000000
14092 X 14093 0.998327
14092 X 14092 0.000558
14092 X 14095 0.000558
14092 X 14094 0.000558
14093 SX 14087 0.998327
14093 SX 14107 0.000558
14093 SX 14108 0.000558
14093 SX 14098 0.000558
14093 RZPI 14093 1.000000
14093 RZ3PI 14094 1.000000
14093 RZPIHalf 14130 1.000000
14093 S 14132 1.000000
14093 X 14092 0.998327
14093 X 14093 0.000558
14093 X 14094 0.000558
14093 X 14095 0.000558
14094 SX 14108 0.998327
14094 SX 14098 0.000558
14094 SX 14087 0.000558
14094 SX 14107 0.000558
14094 RZPI 14094 1.000000
14094 RZ3PI 14093 1.000000
14094 RZPIHalf 14132 1.000000
14094 S 14130 1.000000
14094 X 14095 0.998327
14094 X 14094 0.000558
14094 X 14093 0.000558
14094 X 14092 0.000558
14095 SX 14098 0.998327
14095 SX 14108 0.000558
14095 SX 14107 0.000558
14095 SX 14087 0.000558
14095 RZPI 14095 1.000000
14095 RZ3PI 14092 1.000000
14095 RZPIHalf 14118 1.000000
14095 S 14116 1.000000
14095 X 14094 0.998327
14095 X 14095 0.000558
14095 X 14092 0.000558
14095 X 14093 0.000558
14098 SX 14094 0.998327
14098 SX 14095 0.000558
14098 SX 14092 0.000558
14098 SX 14093 0.000558
14098 RZPI 14098 1.000000
14098 RZ3PI 14087 1.000000
14098 RZPIHalf 14102 1.000000
14098 S 14100 1.000000
14098 X 14108 0.998327
14098 X 14098 0.000558
14098 X 14087 0.000558
14098 X 14107 0.000558
14100 SX 14177 0.998327
14100 SX 14178 0.000558
14100 SX 14179 0.000558
14100 SX 14180 0.000558
14100 RZPI 14100 1.000000
14100 RZ3PI 14102 1.000000
14100 RZPIHalf 14098 1.000000
14100 S 14087 1.000000
14100 X 14189 0.998327
14100 X 14100 0.000558
14100 X 14102 0.000558
14100 X 14190 0.000558
14102 SX 14179 0.998327
14102 SX 14180 0.000558
14102 SX 14177 0.000558
14102 SX 14178 0.000558
14102 RZPI 14102 1.000000
14102 RZ3PI 14100 1.000000
14102 RZPIHalf 14087 1.000000
14102 S 14098 1.000000
14102 X 14190 0.998327
14102 X 14102 0.000558
14102 X 14100 0.000558
14102 X 14189 0.000558
14107 SX 14093 0.998327
14107 SX 14092 0.000558
14107 SX 14095 0.000558
14107 SX 14094 0.000558
14107 RZPI 14107 1.000000
14107 RZ3PI 14108 1.000000
14107 RZPIHalf 14190 1.000000
14107 S 14189 1.000000
14107 X 14087 0.998327
14107 X 14107 0.000558
14107 X 14108 0.000558
14107 X 14098 0.000558
14108 SX 14095 0.998327
14108 SX 14094 0.000558
14108 SX 14093 0.000558
14108 SX 14092 0.000558
14108 RZPI 14108 1.000000
14108 RZ3PI 14107 1.000000
14108 RZPIHalf 14189 1.000000
14108 S 14190 1.000000
14108 X 14098 0.998327
14108 X 14108 0.000558
14108 X 14107 0.000558
14108 X 14087 0.000558
14116 SX 14231 0.998327
14116 SX 14232 0.000558
14116 SX 14233 0.000558
14116 SX 14234 0.000558
14116 RZPI 14116 1.000000
14116 RZ3PI 14118 1.000000
14116 RZPIHalf 14095 1.000000
14116 S 14092 1.000000
14116 X 14132 0.998327
14116 X 14116 0.000558
14116 X 14118 0.000558
14116 X 14130 0.000558
14118 SX 14233 0.998327
14118 SX 14234 0.000558
14118 SX 14231 0.000558
14118 SX 14232 0.000558
14118 RZPI 14118 1.000000
14118 RZ3PI 14116 1.000000
14118 RZPIHalf 14092 1.000000
14118 S 14095 1.000000
14118 X 14130 0.998327
14118 X 14118 0.000558
14118 X 14116 0.000558
14118 X 14132 0.000558
14130 SX 14234 0.998327
14130 SX 14233 0.000558
14130 SX 14232 0.000558
14130 SX 14231 0.000558
14130 RZPI 14130 1.000000
14130 RZ3PI 14132 1.000000
14130 RZPIHalf 14094 1.000000
14130 S 14093 1.000000
14130 X 14118 0.998327
14130 X 14130 0.000558
14130 X 14132 0.000558
14130 X 14116 0.000558
14132 SX 14232 0.998327
14132 SX 14231 0.000558
14132 SX 14234 0.000558
14132 SX 14233 0.000558
14132 RZPI 14132 1.000000
14132 RZ3PI 14130 1.000000
14132 RZPIHalf 14093 1.000000
14132 S 14094 1.000000
14132 X 14116 0.998327
14132 X 14132 0.000558
14132 X 14130 0.000558
14132 X 14118 0.000558
14177 SX 14189 0.998327
14177 SX 14100 0.000558
14177 SX 14102 0.000558
14177 SX 14190 0.000558
14177 RZPI 14177 1.000000
14177 RZ3PI 14180 1.000000
14177 RZPIHalf 14231 1.000000
14177 S 14234 1.000000
14177 X 14178 0.998327
14177 X 14177 0.000558
14177 X 14180 0.000558
14177 X 14179 0.000558
14178 SX 14100 0.998327
14178 SX 14189 0.000558
14178 SX 14190 0.000558
14178 SX 14102 0.000558
14178 RZPI 14178 1.000000
14178 RZ3PI 14179 1.000000
14178 RZPIHalf 14233 1.000000
14178 S 14232 1.000000
14178 X 14177 0.998327
14178 X 14178 0.000558
14178 X 14179 0.000558
14178 X 14180 0.000558
14179 SX 14190 0.998327
14179 SX 14102 0.000558
14179 SX 14100 0.000558
14179 SX 14189 0.000558
14179 RZPI 14179 1.000000
14179 RZ3PI 14178 1.000000
14179 RZPIHalf 14232 1.000000
14179 S 14233 1.000000
14179 X 14180 0.998327
14179 X 14179 0.000558
14179 X 14178 0.000558
14179 X 14177 0.000558
14180 SX 14102 0.998327
14180 SX 14190 0.000558
14180 SX 14189 0.000558
14180 SX 14100 0.000558
14180 RZPI 14180 1.000000
14180 RZ3PI 14177 1.000000
14180 RZPIHalf 14234 1.000000
14180 S 14231 1.000000
14180 X 14179 0.998327
14180 X 14180 0.000558
14180 X 14177 0.000558
14180 X 14178 0.000558
14189 SX 14178 0.998327
14189 SX 14177 0.000558
14189 SX 14180 0.000558
14189 SX 14179 0.000558
14189 RZPI 14189 1.000000
14189 RZ3PI 14190 1.000000
14189 RZPIHalf 14107 1.000000
14189 S 14108 1.000000
14189 X 14100 0.998327
14189 X 14189 0.000558
14189 X 14190 0.000558
14189 X 14102 0.000558
14190 SX 14180 0.998327
14190 SX 14179 0.000558
14190 SX 14178 0.000558
14190 SX 14177 0.000558
14190 RZPI 14190 1.000000
14190 RZ3PI 14189 1.000000
14190 RZPIHalf 14108 1.000000
14190 S 14107 1.000000
14190 X 14102 0.998327
14190 X 14190 0.000558
14190 X 14189 0.000558
14190 X 14100 0.000558
14231 SX 14132 0.998327
14231 SX 14116 0.000558
14231 SX 14118 0.000558
14231 SX 14130 0.000558
14231 RZPI 14231 1.000000
14231 RZ3PI 14234 1.000000
14231 RZPIHalf 14180 1.000000
14231 S 14177 1.000000
14231 X 14232 0.998327
14231 X 14231 0.000558
14231 X 14234 0.000558
14231 X 14233 0.000558
14232 SX 14116 0.998327
14232 SX 14132 0.000558
14232 SX 14130 0.000558
14232 SX 14118 0.000558
14232 RZPI 14232 1.000000
14232 RZ3PI 14233 1.000000
14232 RZPIHalf 14178 1.000000
14232 S 14179 1.000000
14232 X 14231 0.998327
14232 X 14232 0.000558
14232 X 14233 0.000558
14232 X 14234 0.000558
14233 SX 14130 0.998327
14233 SX 14118 0.000558
14233 SX 14116 0.000558
14233 SX 14132 0.000558
14233 RZPI 14233 1.000000
14233 RZ3PI 14232 1.000000
14233 RZPIHalf 14179 1.000000
14233 S 14178 1.000000
14233 X 14234 0.998327
14233 X 14233 0.000558
14233 X 14232 0.000558
14233 X 14231 0.000558
14234 SX 14118 0.998327
14234 SX 14130 0.000558
14234 SX 14132 0.000558
14234 SX 14116 0.000558
14234 RZPI 14234 1.000000
14234 RZ3PI 14231 1.000000
14234 RZPIHalf 14177 1.000000
14234 S 14180 1.000000
14234 X 14233 0.998327
14234 X 14234 0.000558
14234 X 14231 0.000558
14234 X 14232 0.000558
ENDPOMDP
