BEGINPOMDP
INITIALSTATE: 19645
STATES: 19736,19737,19738,19739,19748,19749,19645,19646,19651,19652,19653,19654,19657,19659,19661,19790,19791,19792,19793,19666,19667,19675,19677,19689,19691
REWARDS: 19736:0,19737:0,19738:0,19739:0,19748:0,19749:0,19645:0,19646:0,19651:0,19652:0,19653:0,19654:0,19657:0,19659:0,19661:0,19790:0,19791:0,19792:0,19793:0,19666:0,19667:1,19675:0,19677:0,19689:0,19691:0
GAMMA: 19736:0,19737:0,19738:0,19739:0,19748:0,19749:0,19645:0,19646:0,19651:0,19652:0,19653:0,19654:0,19657:0,19659:0,19661:0,19790:0,19791:0,19792:0,19793:0,19666:0,19667:0,19675:0,19677:0,19689:0,19691:0
BEGINACTIONS
SX
RZPI
RZ3PI
RZPIHalf
S
X
ENDACTIONS
19645 INIT_ 19646 1.000000
19646 SX 19651 0.999548
19646 SX 19652 0.000151
19646 SX 19653 0.000151
19646 SX 19654 0.000151
19646 RZPI 19646 1.000000
19646 RZ3PI 19657 1.000000
19646 RZPIHalf 19659 1.000000
19646 S 19661 1.000000
19646 X 19666 0.999548
19646 X 19646 0.000151
19646 X 19657 0.000151
19646 X 19667 0.000151
19651 SX 19666 0.999548
19651 SX 19646 0.000151
19651 SX 19657 0.000151
19651 SX 19667 0.000151
19651 RZPI 19651 1.000000
19651 RZ3PI 19654 1.000000
19651 RZPIHalf 19675 1.000000
19651 S 19677 1.000000
19651 X 19652 0.999548
19651 X 19651 0.000151
19651 X 19654 0.000151
19651 X 19653 0.000151
19652 SX 19646 0.999548
19652 SX 19666 0.000151
19652 SX 19667 0.000151
19652 SX 19657 0.000151
19652 RZPI 19652 1.000000
19652 RZ3PI 19653 1.000000
19652 RZPIHalf 19689 1.000000
19652 S 19691 1.000000
19652 X 19651 0.999548
19652 X 19652 0.000151
19652 X 19653 0.000151
19652 X 19654 0.000151
19653 SX 19667 0.999548
19653 SX 19657 0.000151
19653 SX 19646 0.000151
19653 SX 19666 0.000151
19653 RZPI 19653 1.000000
19653 RZ3PI 19652 1.000000
19653 RZPIHalf 19691 1.000000
19653 S 19689 1.000000
19653 X 19654 0.999548
19653 X 19653 0.000151
19653 X 19652 0.000151
19653 X 19651 0.000151
19654 SX 19657 0.999548
19654 SX 19667 0.000151
19654 SX 19666 0.000151
19654 SX 19646 0.000151
19654 RZPI 19654 1.000000
19654 RZ3PI 19651 1.000000
19654 RZPIHalf 19677 1.000000
19654 S 19675 1.000000
19654 X 19653 0.999548
19654 X 19654 0.000151
19654 X 19651 0.000151
19654 X 19652 0.000151
19657 SX 19653 0.999548
19657 SX 19654 0.000151
19657 SX 19651 0.000151
19657 SX 19652 0.000151
19657 RZPI 19657 1.000000
19657 RZ3PI 19646 1.000000
19657 RZPIHalf 19661 1.000000
19657 S 19659 1.000000
19657 X 19667 0.999548
19657 X 19657 0.000151
19657 X 19646 0.000151
19657 X 19666 0.000151
19659 SX 19736 0.999548
19659 SX 19737 0.000151
19659 SX 19738 0.000151
19659 SX 19739 0.000151
19659 RZPI 19659 1.000000
19659 RZ3PI 19661 1.000000
19659 RZPIHalf 19657 1.000000
19659 S 19646 1.000000
19659 X 19748 0.999548
19659 X 19659 0.000151
19659 X 19661 0.000151
19659 X 19749 0.000151
19661 SX 19738 0.999548
19661 SX 19739 0.000151
19661 SX 19736 0.000151
19661 SX 19737 0.000151
19661 RZPI 19661 1.000000
19661 RZ3PI 19659 1.000000
19661 RZPIHalf 19646 1.000000
19661 S 19657 1.000000
19661 X 19749 0.999548
19661 X 19661 0.000151
19661 X 19659 0.000151
19661 X 19748 0.000151
19666 SX 19652 0.999548
19666 SX 19651 0.000151
19666 SX 19654 0.000151
19666 SX 19653 0.000151
19666 RZPI 19666 1.000000
19666 RZ3PI 19667 1.000000
19666 RZPIHalf 19749 1.000000
19666 S 19748 1.000000
19666 X 19646 0.999548
19666 X 19666 0.000151
19666 X 19667 0.000151
19666 X 19657 0.000151
19667 SX 19654 0.999548
19667 SX 19653 0.000151
19667 SX 19652 0.000151
19667 SX 19651 0.000151
19667 RZPI 19667 1.000000
19667 RZ3PI 19666 1.000000
19667 RZPIHalf 19748 1.000000
19667 S 19749 1.000000
19667 X 19657 0.999548
19667 X 19667 0.000151
19667 X 19666 0.000151
19667 X 19646 0.000151
19675 SX 19790 0.999548
19675 SX 19791 0.000151
19675 SX 19792 0.000151
19675 SX 19793 0.000151
19675 RZPI 19675 1.000000
19675 RZ3PI 19677 1.000000
19675 RZPIHalf 19654 1.000000
19675 S 19651 1.000000
19675 X 19691 0.999548
19675 X 19675 0.000151
19675 X 19677 0.000151
19675 X 19689 0.000151
19677 SX 19792 0.999548
19677 SX 19793 0.000151
19677 SX 19790 0.000151
19677 SX 19791 0.000151
19677 RZPI 19677 1.000000
19677 RZ3PI 19675 1.000000
19677 RZPIHalf 19651 1.000000
19677 S 19654 1.000000
19677 X 19689 0.999548
19677 X 19677 0.000151
19677 X 19675 0.000151
19677 X 19691 0.000151
19689 SX 19793 0.999548
19689 SX 19792 0.000151
19689 SX 19791 0.000151
19689 SX 19790 0.000151
19689 RZPI 19689 1.000000
19689 RZ3PI 19691 1.000000
19689 RZPIHalf 19653 1.000000
19689 S 19652 1.000000
19689 X 19677 0.999548
19689 X 19689 0.000151
19689 X 19691 0.000151
19689 X 19675 0.000151
19691 SX 19791 0.999548
19691 SX 19790 0.000151
19691 SX 19793 0.000151
19691 SX 19792 0.000151
19691 RZPI 19691 1.000000
19691 RZ3PI 19689 1.000000
19691 RZPIHalf 19652 1.000000
19691 S 19653 1.000000
19691 X 19675 0.999548
19691 X 19691 0.000151
19691 X 19689 0.000151
19691 X 19677 0.000151
19736 SX 19748 0.999548
19736 SX 19659 0.000151
19736 SX 19661 0.000151
19736 SX 19749 0.000151
19736 RZPI 19736 1.000000
19736 RZ3PI 19739 1.000000
19736 RZPIHalf 19790 1.000000
19736 S 19793 1.000000
19736 X 19737 0.999548
19736 X 19736 0.000151
19736 X 19739 0.000151
19736 X 19738 0.000151
19737 SX 19659 0.999548
19737 SX 19748 0.000151
19737 SX 19749 0.000151
19737 SX 19661 0.000151
19737 RZPI 19737 1.000000
19737 RZ3PI 19738 1.000000
19737 RZPIHalf 19792 1.000000
19737 S 19791 1.000000
19737 X 19736 0.999548
19737 X 19737 0.000151
19737 X 19738 0.000151
19737 X 19739 0.000151
19738 SX 19749 0.999548
19738 SX 19661 0.000151
19738 SX 19659 0.000151
19738 SX 19748 0.000151
19738 RZPI 19738 1.000000
19738 RZ3PI 19737 1.000000
19738 RZPIHalf 19791 1.000000
19738 S 19792 1.000000
19738 X 19739 0.999548
19738 X 19738 0.000151
19738 X 19737 0.000151
19738 X 19736 0.000151
19739 SX 19661 0.999548
19739 SX 19749 0.000151
19739 SX 19748 0.000151
19739 SX 19659 0.000151
19739 RZPI 19739 1.000000
19739 RZ3PI 19736 1.000000
19739 RZPIHalf 19793 1.000000
19739 S 19790 1.000000
19739 X 19738 0.999548
19739 X 19739 0.000151
19739 X 19736 0.000151
19739 X 19737 0.000151
19748 SX 19737 0.999548
19748 SX 19736 0.000151
19748 SX 19739 0.000151
19748 SX 19738 0.000151
19748 RZPI 19748 1.000000
19748 RZ3PI 19749 1.000000
19748 RZPIHalf 19666 1.000000
19748 S 19667 1.000000
19748 X 19659 0.999548
19748 X 19748 0.000151
19748 X 19749 0.000151
19748 X 19661 0.000151
19749 SX 19739 0.999548
19749 SX 19738 0.000151
19749 SX 19737 0.000151
19749 SX 19736 0.000151
19749 RZPI 19749 1.000000
19749 RZ3PI 19748 1.000000
19749 RZPIHalf 19667 1.000000
19749 S 19666 1.000000
19749 X 19661 0.999548
19749 X 19749 0.000151
19749 X 19748 0.000151
19749 X 19659 0.000151
19790 SX 19691 0.999548
19790 SX 19675 0.000151
19790 SX 19677 0.000151
19790 SX 19689 0.000151
19790 RZPI 19790 1.000000
19790 RZ3PI 19793 1.000000
19790 RZPIHalf 19739 1.000000
19790 S 19736 1.000000
19790 X 19791 0.999548
19790 X 19790 0.000151
19790 X 19793 0.000151
19790 X 19792 0.000151
19791 SX 19675 0.999548
19791 SX 19691 0.000151
19791 SX 19689 0.000151
19791 SX 19677 0.000151
19791 RZPI 19791 1.000000
19791 RZ3PI 19792 1.000000
19791 RZPIHalf 19737 1.000000
19791 S 19738 1.000000
19791 X 19790 0.999548
19791 X 19791 0.000151
19791 X 19792 0.000151
19791 X 19793 0.000151
19792 SX 19689 0.999548
19792 SX 19677 0.000151
19792 SX 19675 0.000151
19792 SX 19691 0.000151
19792 RZPI 19792 1.000000
19792 RZ3PI 19791 1.000000
19792 RZPIHalf 19738 1.000000
19792 S 19737 1.000000
19792 X 19793 0.999548
19792 X 19792 0.000151
19792 X 19791 0.000151
19792 X 19790 0.000151
19793 SX 19677 0.999548
19793 SX 19689 0.000151
19793 SX 19691 0.000151
19793 SX 19675 0.000151
19793 RZPI 19793 1.000000
19793 RZ3PI 19790 1.000000
19793 RZPIHalf 19736 1.000000
19793 S 19739 1.000000
19793 X 19792 0.999548
19793 X 19793 0.000151
19793 X 19790 0.000151
19793 X 19791 0.000151
ENDPOMDP
