BEGINPOMDP
INITIALSTATE: 13147
STATES: 13191,13193,13238,13239,13240,13241,13250,13251,13147,13148,13153,13154,13155,13156,13159,13161,13163,13292,13293,13294,13295,13168,13169,13177,13179
REWARDS: 13191:0,13193:0,13238:0,13239:0,13240:0,13241:0,13250:0,13251:0,13147:0,13148:0,13153:0,13154:0,13155:0,13156:0,13159:0,13161:0,13163:0,13292:0,13293:0,13294:0,13295:0,13168:0,13169:1,13177:0,13179:0
GAMMA: 13191:0,13193:0,13238:0,13239:0,13240:0,13241:0,13250:0,13251:0,13147:0,13148:0,13153:0,13154:0,13155:0,13156:0,13159:0,13161:0,13163:0,13292:0,13293:0,13294:0,13295:0,13168:0,13169:0,13177:0,13179:0
BEGINACTIONS
SX
RZPI
RZ3PI
RZPIHalf
S
X
ENDACTIONS
13147 INIT_ 13148 1.000000
13148 SX 13153 0.999241
13148 SX 13154 0.000253
13148 SX 13155 0.000253
13148 SX 13156 0.000253
13148 RZPI 13148 1.000000
13148 RZ3PI 13159 1.000000
13148 RZPIHalf 13161 1.000000
13148 S 13163 1.000000
13148 X 13168 0.999241
13148 X 13148 0.000253
13148 X 13159 0.000253
13148 X 13169 0.000253
13153 SX 13168 0.999241
13153 SX 13148 0.000253
13153 SX 13159 0.000253
13153 SX 13169 0.000253
13153 RZPI 13153 1.000000
13153 RZ3PI 13156 1.000000
13153 RZPIHalf 13177 1.000000
13153 S 13179 1.000000
13153 X 13154 0.999241
13153 X 13153 0.000253
13153 X 13156 0.000253
13153 X 13155 0.000253
13154 SX 13148 0.999241
13154 SX 13168 0.000253
13154 SX 13169 0.000253
13154 SX 13159 0.000253
13154 RZPI 13154 1.000000
13154 RZ3PI 13155 1.000000
13154 RZPIHalf 13191 1.000000
13154 S 13193 1.000000
13154 X 13153 0.999241
13154 X 13154 0.000253
13154 X 13155 0.000253
13154 X 13156 0.000253
13155 SX 13169 0.999241
13155 SX 13159 0.000253
13155 SX 13148 0.000253
13155 SX 13168 0.000253
13155 RZPI 13155 1.000000
13155 RZ3PI 13154 1.000000
13155 RZPIHalf 13193 1.000000
13155 S 13191 1.000000
13155 X 13156 0.999241
13155 X 13155 0.000253
13155 X 13154 0.000253
13155 X 13153 0.000253
13156 SX 13159 0.999241
13156 SX 13169 0.000253
13156 SX 13168 0.000253
13156 SX 13148 0.000253
13156 RZPI 13156 1.000000
13156 RZ3PI 13153 1.000000
13156 RZPIHalf 13179 1.000000
13156 S 13177 1.000000
13156 X 13155 0.999241
13156 X 13156 0.000253
13156 X 13153 0.000253
13156 X 13154 0.000253
13159 SX 13155 0.999241
13159 SX 13156 0.000253
13159 SX 13153 0.000253
13159 SX 13154 0.000253
13159 RZPI 13159 1.000000
13159 RZ3PI 13148 1.000000
13159 RZPIHalf 13163 1.000000
13159 S 13161 1.000000
13159 X 13169 0.999241
13159 X 13159 0.000253
13159 X 13148 0.000253
13159 X 13168 0.000253
13161 SX 13238 0.999241
13161 SX 13239 0.000253
13161 SX 13240 0.000253
13161 SX 13241 0.000253
13161 RZPI 13161 1.000000
13161 RZ3PI 13163 1.000000
13161 RZPIHalf 13159 1.000000
13161 S 13148 1.000000
13161 X 13250 0.999241
13161 X 13161 0.000253
13161 X 13163 0.000253
13161 X 13251 0.000253
13163 SX 13240 0.999241
13163 SX 13241 0.000253
13163 SX 13238 0.000253
13163 SX 13239 0.000253
13163 RZPI 13163 1.000000
13163 RZ3PI 13161 1.000000
13163 RZPIHalf 13148 1.000000
13163 S 13159 1.000000
13163 X 13251 0.999241
13163 X 13163 0.000253
13163 X 13161 0.000253
13163 X 13250 0.000253
13168 SX 13154 0.999241
13168 SX 13153 0.000253
13168 SX 13156 0.000253
13168 SX 13155 0.000253
13168 RZPI 13168 1.000000
13168 RZ3PI 13169 1.000000
13168 RZPIHalf 13251 1.000000
13168 S 13250 1.000000
13168 X 13148 0.999241
13168 X 13168 0.000253
13168 X 13169 0.000253
13168 X 13159 0.000253
13169 SX 13156 0.999241
13169 SX 13155 0.000253
13169 SX 13154 0.000253
13169 SX 13153 0.000253
13169 RZPI 13169 1.000000
13169 RZ3PI 13168 1.000000
13169 RZPIHalf 13250 1.000000
13169 S 13251 1.000000
13169 X 13159 0.999241
13169 X 13169 0.000253
13169 X 13168 0.000253
13169 X 13148 0.000253
13177 SX 13292 0.999241
13177 SX 13293 0.000253
13177 SX 13294 0.000253
13177 SX 13295 0.000253
13177 RZPI 13177 1.000000
13177 RZ3PI 13179 1.000000
13177 RZPIHalf 13156 1.000000
13177 S 13153 1.000000
13177 X 13193 0.999241
13177 X 13177 0.000253
13177 X 13179 0.000253
13177 X 13191 0.000253
13179 SX 13294 0.999241
13179 SX 13295 0.000253
13179 SX 13292 0.000253
13179 SX 13293 0.000253
13179 RZPI 13179 1.000000
13179 RZ3PI 13177 1.000000
13179 RZPIHalf 13153 1.000000
13179 S 13156 1.000000
13179 X 13191 0.999241
13179 X 13179 0.000253
13179 X 13177 0.000253
13179 X 13193 0.000253
13191 SX 13295 0.999241
13191 SX 13294 0.000253
13191 SX 13293 0.000253
13191 SX 13292 0.000253
13191 RZPI 13191 1.000000
13191 RZ3PI 13193 1.000000
13191 RZPIHalf 13155 1.000000
13191 S 13154 1.000000
13191 X 13179 0.999241
13191 X 13191 0.000253
13191 X 13193 0.000253
13191 X 13177 0.000253
13193 SX 13293 0.999241
13193 SX 13292 0.000253
13193 SX 13295 0.000253
13193 SX 13294 0.000253
13193 RZPI 13193 1.000000
13193 RZ3PI 13191 1.000000
13193 RZPIHalf 13154 1.000000
13193 S 13155 1.000000
13193 X 13177 0.999241
13193 X 13193 0.000253
13193 X 13191 0.000253
13193 X 13179 0.000253
13238 SX 13250 0.999241
13238 SX 13161 0.000253
13238 SX 13163 0.000253
13238 SX 13251 0.000253
13238 RZPI 13238 1.000000
13238 RZ3PI 13241 1.000000
13238 RZPIHalf 13292 1.000000
13238 S 13295 1.000000
13238 X 13239 0.999241
13238 X 13238 0.000253
13238 X 13241 0.000253
13238 X 13240 0.000253
13239 SX 13161 0.999241
13239 SX 13250 0.000253
13239 SX 13251 0.000253
13239 SX 13163 0.000253
13239 RZPI 13239 1.000000
13239 RZ3PI 13240 1.000000
13239 RZPIHalf 13294 1.000000
13239 S 13293 1.000000
13239 X 13238 0.999241
13239 X 13239 0.000253
13239 X 13240 0.000253
13239 X 13241 0.000253
13240 SX 13251 0.999241
13240 SX 13163 0.000253
13240 SX 13161 0.000253
13240 SX 13250 0.000253
13240 RZPI 13240 1.000000
13240 RZ3PI 13239 1.000000
13240 RZPIHalf 13293 1.000000
13240 S 13294 1.000000
13240 X 13241 0.999241
13240 X 13240 0.000253
13240 X 13239 0.000253
13240 X 13238 0.000253
13241 SX 13163 0.999241
13241 SX 13251 0.000253
13241 SX 13250 0.000253
13241 SX 13161 0.000253
13241 RZPI 13241 1.000000
13241 RZ3PI 13238 1.000000
13241 RZPIHalf 13295 1.000000
13241 S 13292 1.000000
13241 X 13240 0.999241
13241 X 13241 0.000253
13241 X 13238 0.000253
13241 X 13239 0.000253
13250 SX 13239 0.999241
13250 SX 13238 0.000253
13250 SX 13241 0.000253
13250 SX 13240 0.000253
13250 RZPI 13250 1.000000
13250 RZ3PI 13251 1.000000
13250 RZPIHalf 13168 1.000000
13250 S 13169 1.000000
13250 X 13161 0.999241
13250 X 13250 0.000253
13250 X 13251 0.000253
13250 X 13163 0.000253
13251 SX 13241 0.999241
13251 SX 13240 0.000253
13251 SX 13239 0.000253
13251 SX 13238 0.000253
13251 RZPI 13251 1.000000
13251 RZ3PI 13250 1.000000
13251 RZPIHalf 13169 1.000000
13251 S 13168 1.000000
13251 X 13163 0.999241
13251 X 13251 0.000253
13251 X 13250 0.000253
13251 X 13161 0.000253
13292 SX 13193 0.999241
13292 SX 13177 0.000253
13292 SX 13179 0.000253
13292 SX 13191 0.000253
13292 RZPI 13292 1.000000
13292 RZ3PI 13295 1.000000
13292 RZPIHalf 13241 1.000000
13292 S 13238 1.000000
13292 X 13293 0.999241
13292 X 13292 0.000253
13292 X 13295 0.000253
13292 X 13294 0.000253
13293 SX 13177 0.999241
13293 SX 13193 0.000253
13293 SX 13191 0.000253
13293 SX 13179 0.000253
13293 RZPI 13293 1.000000
13293 RZ3PI 13294 1.000000
13293 RZPIHalf 13239 1.000000
13293 S 13240 1.000000
13293 X 13292 0.999241
13293 X 13293 0.000253
13293 X 13294 0.000253
13293 X 13295 0.000253
13294 SX 13191 0.999241
13294 SX 13179 0.000253
13294 SX 13177 0.000253
13294 SX 13193 0.000253
13294 RZPI 13294 1.000000
13294 RZ3PI 13293 1.000000
13294 RZPIHalf 13240 1.000000
13294 S 13239 1.000000
13294 X 13295 0.999241
13294 X 13294 0.000253
13294 X 13293 0.000253
13294 X 13292 0.000253
13295 SX 13179 0.999241
13295 SX 13191 0.000253
13295 SX 13193 0.000253
13295 SX 13177 0.000253
13295 RZPI 13295 1.000000
13295 RZ3PI 13292 1.000000
13295 RZPIHalf 13238 1.000000
13295 S 13241 1.000000
13295 X 13294 0.999241
13295 X 13295 0.000253
13295 X 13292 0.000253
13295 X 13293 0.000253
ENDPOMDP
