BEGINPOMDP
INITIALSTATE: 15651
STATES: 15745,15764,15896,15897,15898,15899,15651,15652,15783,15657,15658,15659,15664,15665,15666,15667,15669,15802,15688,15820,15821,15822,15823,15707,15726
REWARDS: 15745:0,15764:0,15896:0,15897:0,15898:0,15899:0,15651:0,15652:0,15783:0,15657:1,15658:0,15659:0,15664:0,15665:0,15666:0,15667:0,15669:0,15802:0,15688:0,15820:0,15821:0,15822:0,15823:0,15707:0,15726:0
GAMMA: 15745:0,15764:0,15896:0,15897:0,15898:0,15899:0,15651:0,15652:0,15783:0,15657:0,15658:0,15659:0,15664:0,15665:0,15666:0,15667:0,15669:0,15802:0,15688:0,15820:0,15821:0,15822:0,15823:0,15707:0,15726:0
BEGINACTIONS
U3
H
S
Z
X
RY
ENDACTIONS
15651 INIT_ 15652 1.000000
15652 U3 15657 0.999062
15652 U3 15658 0.000313
15652 U3 15652 0.000313
15652 U3 15659 0.000313
15652 H 15664 0.999531
15652 H 15665 0.000156
15652 H 15666 0.000156
15652 H 15667 0.000156
15652 S 15669 1.000000
15652 Z 15658 1.000000
15652 X 15659 0.999062
15652 X 15652 0.000313
15652 X 15658 0.000313
15652 X 15657 0.000313
15652 RY 15657 0.999062
15652 RY 15658 0.000313
15652 RY 15652 0.000313
15652 RY 15659 0.000313
15657 U3 15652 0.999062
15657 U3 15659 0.000313
15657 U3 15657 0.000313
15657 U3 15658 0.000313
15657 H 15666 0.999531
15657 H 15667 0.000156
15657 H 15664 0.000156
15657 H 15665 0.000156
15657 S 15688 1.000000
15657 Z 15659 1.000000
15657 X 15658 0.999062
15657 X 15657 0.000313
15657 X 15659 0.000313
15657 X 15652 0.000313
15657 RY 15652 0.999062
15657 RY 15659 0.000313
15657 RY 15657 0.000313
15657 RY 15658 0.000313
15658 U3 15659 0.999062
15658 U3 15652 0.000313
15658 U3 15658 0.000313
15658 U3 15657 0.000313
15658 H 15665 0.999531
15658 H 15664 0.000156
15658 H 15667 0.000156
15658 H 15666 0.000156
15658 S 15707 1.000000
15658 Z 15652 1.000000
15658 X 15657 0.999062
15658 X 15658 0.000313
15658 X 15652 0.000313
15658 X 15659 0.000313
15658 RY 15659 0.999062
15658 RY 15652 0.000313
15658 RY 15658 0.000313
15658 RY 15657 0.000313
15659 U3 15658 0.999062
15659 U3 15657 0.000313
15659 U3 15659 0.000313
15659 U3 15652 0.000313
15659 H 15667 0.999531
15659 H 15666 0.000156
15659 H 15665 0.000156
15659 H 15664 0.000156
15659 S 15726 1.000000
15659 Z 15657 1.000000
15659 X 15652 0.999062
15659 X 15659 0.000313
15659 X 15657 0.000313
15659 X 15658 0.000313
15659 RY 15658 0.999062
15659 RY 15657 0.000313
15659 RY 15659 0.000313
15659 RY 15652 0.000313
15664 U3 15666 0.999062
15664 U3 15667 0.000313
15664 U3 15664 0.000313
15664 U3 15665 0.000313
15664 H 15652 0.999531
15664 H 15659 0.000156
15664 H 15657 0.000156
15664 H 15658 0.000156
15664 S 15745 1.000000
15664 Z 15667 1.000000
15664 X 15665 0.999062
15664 X 15664 0.000313
15664 X 15667 0.000313
15664 X 15666 0.000313
15664 RY 15666 0.999062
15664 RY 15667 0.000313
15664 RY 15664 0.000313
15664 RY 15665 0.000313
15665 U3 15667 0.999062
15665 U3 15666 0.000313
15665 U3 15665 0.000313
15665 U3 15664 0.000313
15665 H 15658 0.999531
15665 H 15657 0.000156
15665 H 15659 0.000156
15665 H 15652 0.000156
15665 S 15764 1.000000
15665 Z 15666 1.000000
15665 X 15664 0.999062
15665 X 15665 0.000313
15665 X 15666 0.000313
15665 X 15667 0.000313
15665 RY 15667 0.999062
15665 RY 15666 0.000313
15665 RY 15665 0.000313
15665 RY 15664 0.000313
15666 U3 15664 0.999062
15666 U3 15665 0.000313
15666 U3 15666 0.000313
15666 U3 15667 0.000313
15666 H 15657 0.999531
15666 H 15658 0.000156
15666 H 15652 0.000156
15666 H 15659 0.000156
15666 S 15783 1.000000
15666 Z 15665 1.000000
15666 X 15667 0.999062
15666 X 15666 0.000313
15666 X 15665 0.000313
15666 X 15664 0.000313
15666 RY 15664 0.999062
15666 RY 15665 0.000313
15666 RY 15666 0.000313
15666 RY 15667 0.000313
15667 U3 15665 0.999062
15667 U3 15664 0.000313
15667 U3 15667 0.000313
15667 U3 15666 0.000313
15667 H 15659 0.999531
15667 H 15652 0.000156
15667 H 15658 0.000156
15667 H 15657 0.000156
15667 S 15802 1.000000
15667 Z 15664 1.000000
15667 X 15666 0.999062
15667 X 15667 0.000313
15667 X 15664 0.000313
15667 X 15665 0.000313
15667 RY 15665 0.999062
15667 RY 15664 0.000313
15667 RY 15667 0.000313
15667 RY 15666 0.000313
15669 U3 15726 0.999062
15669 U3 15707 0.000313
15669 U3 15669 0.000313
15669 U3 15688 0.000313
15669 H 15820 0.999531
15669 H 15821 0.000156
15669 H 15822 0.000156
15669 H 15823 0.000156
15669 S 15658 1.000000
15669 Z 15707 1.000000
15669 X 15688 0.999062
15669 X 15669 0.000313
15669 X 15707 0.000313
15669 X 15726 0.000313
15669 RY 15726 0.999062
15669 RY 15707 0.000313
15669 RY 15669 0.000313
15669 RY 15688 0.000313
15688 U3 15707 0.999062
15688 U3 15726 0.000313
15688 U3 15688 0.000313
15688 U3 15669 0.000313
15688 H 15823 0.999531
15688 H 15822 0.000156
15688 H 15821 0.000156
15688 H 15820 0.000156
15688 S 15659 1.000000
15688 Z 15726 1.000000
15688 X 15669 0.999062
15688 X 15688 0.000313
15688 X 15726 0.000313
15688 X 15707 0.000313
15688 RY 15707 0.999062
15688 RY 15726 0.000313
15688 RY 15688 0.000313
15688 RY 15669 0.000313
15707 U3 15688 0.999062
15707 U3 15669 0.000313
15707 U3 15707 0.000313
15707 U3 15726 0.000313
15707 H 15821 0.999531
15707 H 15820 0.000156
15707 H 15823 0.000156
15707 H 15822 0.000156
15707 S 15652 1.000000
15707 Z 15669 1.000000
15707 X 15726 0.999062
15707 X 15707 0.000313
15707 X 15669 0.000313
15707 X 15688 0.000313
15707 RY 15688 0.999062
15707 RY 15669 0.000313
15707 RY 15707 0.000313
15707 RY 15726 0.000313
15726 U3 15669 0.999062
15726 U3 15688 0.000313
15726 U3 15726 0.000313
15726 U3 15707 0.000313
15726 H 15822 0.999531
15726 H 15823 0.000156
15726 H 15820 0.000156
15726 H 15821 0.000156
15726 S 15657 1.000000
15726 Z 15688 1.000000
15726 X 15707 0.999062
15726 X 15726 0.000313
15726 X 15688 0.000313
15726 X 15669 0.000313
15726 RY 15669 0.999062
15726 RY 15688 0.000313
15726 RY 15726 0.000313
15726 RY 15707 0.000313
15745 U3 15764 0.999062
15745 U3 15802 0.000313
15745 U3 15745 0.000313
15745 U3 15783 0.000313
15745 H 15896 0.999531
15745 H 15897 0.000156
15745 H 15898 0.000156
15745 H 15899 0.000156
15745 S 15667 1.000000
15745 Z 15802 1.000000
15745 X 15783 0.999062
15745 X 15745 0.000313
15745 X 15802 0.000313
15745 X 15764 0.000313
15745 RY 15764 0.999062
15745 RY 15802 0.000313
15745 RY 15745 0.000313
15745 RY 15783 0.000313
15764 U3 15745 0.999062
15764 U3 15783 0.000313
15764 U3 15764 0.000313
15764 U3 15802 0.000313
15764 H 15898 0.999531
15764 H 15899 0.000156
15764 H 15896 0.000156
15764 H 15897 0.000156
15764 S 15666 1.000000
15764 Z 15783 1.000000
15764 X 15802 0.999062
15764 X 15764 0.000313
15764 X 15783 0.000313
15764 X 15745 0.000313
15764 RY 15745 0.999062
15764 RY 15783 0.000313
15764 RY 15764 0.000313
15764 RY 15802 0.000313
15783 U3 15802 0.999062
15783 U3 15764 0.000313
15783 U3 15783 0.000313
15783 U3 15745 0.000313
15783 H 15899 0.999531
15783 H 15898 0.000156
15783 H 15897 0.000156
15783 H 15896 0.000156
15783 S 15665 1.000000
15783 Z 15764 1.000000
15783 X 15745 0.999062
15783 X 15783 0.000313
15783 X 15764 0.000313
15783 X 15802 0.000313
15783 RY 15802 0.999062
15783 RY 15764 0.000313
15783 RY 15783 0.000313
15783 RY 15745 0.000313
15802 U3 15783 0.999062
15802 U3 15745 0.000313
15802 U3 15802 0.000313
15802 U3 15764 0.000313
15802 H 15897 0.999531
15802 H 15896 0.000156
15802 H 15899 0.000156
15802 H 15898 0.000156
15802 S 15664 1.000000
15802 Z 15745 1.000000
15802 X 15764 0.999062
15802 X 15802 0.000313
15802 X 15745 0.000313
15802 X 15783 0.000313
15802 RY 15783 0.999062
15802 RY 15745 0.000313
15802 RY 15802 0.000313
15802 RY 15764 0.000313
15820 U3 15822 0.999062
15820 U3 15823 0.000313
15820 U3 15820 0.000313
15820 U3 15821 0.000313
15820 H 15669 0.999531
15820 H 15688 0.000156
15820 H 15726 0.000156
15820 H 15707 0.000156
15820 S 15897 1.000000
15820 Z 15823 1.000000
15820 X 15821 0.999062
15820 X 15820 0.000313
15820 X 15823 0.000313
15820 X 15822 0.000313
15820 RY 15822 0.999062
15820 RY 15823 0.000313
15820 RY 15820 0.000313
15820 RY 15821 0.000313
15821 U3 15823 0.999062
15821 U3 15822 0.000313
15821 U3 15821 0.000313
15821 U3 15820 0.000313
15821 H 15707 0.999531
15821 H 15726 0.000156
15821 H 15688 0.000156
15821 H 15669 0.000156
15821 S 15899 1.000000
15821 Z 15822 1.000000
15821 X 15820 0.999062
15821 X 15821 0.000313
15821 X 15822 0.000313
15821 X 15823 0.000313
15821 RY 15823 0.999062
15821 RY 15822 0.000313
15821 RY 15821 0.000313
15821 RY 15820 0.000313
15822 U3 15820 0.999062
15822 U3 15821 0.000313
15822 U3 15822 0.000313
15822 U3 15823 0.000313
15822 H 15726 0.999531
15822 H 15707 0.000156
15822 H 15669 0.000156
15822 H 15688 0.000156
15822 S 15896 1.000000
15822 Z 15821 1.000000
15822 X 15823 0.999062
15822 X 15822 0.000313
15822 X 15821 0.000313
15822 X 15820 0.000313
15822 RY 15820 0.999062
15822 RY 15821 0.000313
15822 RY 15822 0.000313
15822 RY 15823 0.000313
15823 U3 15821 0.999062
15823 U3 15820 0.000313
15823 U3 15823 0.000313
15823 U3 15822 0.000313
15823 H 15688 0.999531
15823 H 15669 0.000156
15823 H 15707 0.000156
15823 H 15726 0.000156
15823 S 15898 1.000000
15823 Z 15820 1.000000
15823 X 15822 0.999062
15823 X 15823 0.000313
15823 X 15820 0.000313
15823 X 15821 0.000313
15823 RY 15821 0.999062
15823 RY 15820 0.000313
15823 RY 15823 0.000313
15823 RY 15822 0.000313
15896 U3 15898 0.999062
15896 U3 15899 0.000313
15896 U3 15896 0.000313
15896 U3 15897 0.000313
15896 H 15745 0.999531
15896 H 15783 0.000156
15896 H 15764 0.000156
15896 H 15802 0.000156
15896 S 15821 1.000000
15896 Z 15899 1.000000
15896 X 15897 0.999062
15896 X 15896 0.000313
15896 X 15899 0.000313
15896 X 15898 0.000313
15896 RY 15898 0.999062
15896 RY 15899 0.000313
15896 RY 15896 0.000313
15896 RY 15897 0.000313
15897 U3 15899 0.999062
15897 U3 15898 0.000313
15897 U3 15897 0.000313
15897 U3 15896 0.000313
15897 H 15802 0.999531
15897 H 15764 0.000156
15897 H 15783 0.000156
15897 H 15745 0.000156
15897 S 15823 1.000000
15897 Z 15898 1.000000
15897 X 15896 0.999062
15897 X 15897 0.000313
15897 X 15898 0.000313
15897 X 15899 0.000313
15897 RY 15899 0.999062
15897 RY 15898 0.000313
15897 RY 15897 0.000313
15897 RY 15896 0.000313
15898 U3 15896 0.999062
15898 U3 15897 0.000313
15898 U3 15898 0.000313
15898 U3 15899 0.000313
15898 H 15764 0.999531
15898 H 15802 0.000156
15898 H 15745 0.000156
15898 H 15783 0.000156
15898 S 15820 1.000000
15898 Z 15897 1.000000
15898 X 15899 0.999062
15898 X 15898 0.000313
15898 X 15897 0.000313
15898 X 15896 0.000313
15898 RY 15896 0.999062
15898 RY 15897 0.000313
15898 RY 15898 0.000313
15898 RY 15899 0.000313
15899 U3 15897 0.999062
15899 U3 15896 0.000313
15899 U3 15899 0.000313
15899 U3 15898 0.000313
15899 H 15783 0.999531
15899 H 15745 0.000156
15899 H 15802 0.000156
15899 H 15764 0.000156
15899 S 15822 1.000000
15899 Z 15896 1.000000
15899 X 15898 0.999062
15899 X 15899 0.000313
15899 X 15896 0.000313
15899 X 15897 0.000313
15899 RY 15897 0.999062
15899 RY 15896 0.000313
15899 RY 15899 0.000313
15899 RY 15898 0.000313
ENDPOMDP
