BEGINPOMDP
INITIALSTATE: 14399
STATES: 14490,14491,14492,14493,14502,14503,14399,14400,14405,14406,14407,14408,14411,14413,14415,14544,14545,14546,14547,14420,14421,14429,14431,14443,14445
REWARDS: 14490:0,14491:0,14492:0,14493:0,14502:0,14503:0,14399:0,14400:0,14405:0,14406:0,14407:0,14408:0,14411:0,14413:0,14415:0,14544:0,14545:0,14546:0,14547:0,14420:0,14421:1,14429:0,14431:0,14443:0,14445:0
GAMMA: 14490:0,14491:0,14492:0,14493:0,14502:0,14503:0,14399:0,14400:0,14405:0,14406:0,14407:0,14408:0,14411:0,14413:0,14415:0,14544:0,14545:0,14546:0,14547:0,14420:0,14421:0,14429:0,14431:0,14443:0,14445:0
BEGINACTIONS
SX
RZPI
RZ3PI
RZPIHalf
S
X
ENDACTIONS
14399 INIT_ 14400 1.000000
14400 SX 14405 0.999654
14400 SX 14406 0.000115
14400 SX 14407 0.000115
14400 SX 14408 0.000115
14400 RZPI 14400 1.000000
14400 RZ3PI 14411 1.000000
14400 RZPIHalf 14413 1.000000
14400 S 14415 1.000000
14400 X 14420 0.999654
14400 X 14400 0.000115
14400 X 14411 0.000115
14400 X 14421 0.000115
14405 SX 14420 0.999654
14405 SX 14400 0.000115
14405 SX 14411 0.000115
14405 SX 14421 0.000115
14405 RZPI 14405 1.000000
14405 RZ3PI 14408 1.000000
14405 RZPIHalf 14429 1.000000
14405 S 14431 1.000000
14405 X 14406 0.999654
14405 X 14405 0.000115
14405 X 14408 0.000115
14405 X 14407 0.000115
14406 SX 14400 0.999654
14406 SX 14420 0.000115
14406 SX 14421 0.000115
14406 SX 14411 0.000115
14406 RZPI 14406 1.000000
14406 RZ3PI 14407 1.000000
14406 RZPIHalf 14443 1.000000
14406 S 14445 1.000000
14406 X 14405 0.999654
14406 X 14406 0.000115
14406 X 14407 0.000115
14406 X 14408 0.000115
14407 SX 14421 0.999654
14407 SX 14411 0.000115
14407 SX 14400 0.000115
14407 SX 14420 0.000115
14407 RZPI 14407 1.000000
14407 RZ3PI 14406 1.000000
14407 RZPIHalf 14445 1.000000
14407 S 14443 1.000000
14407 X 14408 0.999654
14407 X 14407 0.000115
14407 X 14406 0.000115
14407 X 14405 0.000115
14408 SX 14411 0.999654
14408 SX 14421 0.000115
14408 SX 14420 0.000115
14408 SX 14400 0.000115
14408 RZPI 14408 1.000000
14408 RZ3PI 14405 1.000000
14408 RZPIHalf 14431 1.000000
14408 S 14429 1.000000
14408 X 14407 0.999654
14408 X 14408 0.000115
14408 X 14405 0.000115
14408 X 14406 0.000115
14411 SX 14407 0.999654
14411 SX 14408 0.000115
14411 SX 14405 0.000115
14411 SX 14406 0.000115
14411 RZPI 14411 1.000000
14411 RZ3PI 14400 1.000000
14411 RZPIHalf 14415 1.000000
14411 S 14413 1.000000
14411 X 14421 0.999654
14411 X 14411 0.000115
14411 X 14400 0.000115
14411 X 14420 0.000115
14413 SX 14490 0.999654
14413 SX 14491 0.000115
14413 SX 14492 0.000115
14413 SX 14493 0.000115
14413 RZPI 14413 1.000000
14413 RZ3PI 14415 1.000000
14413 RZPIHalf 14411 1.000000
14413 S 14400 1.000000
14413 X 14502 0.999654
14413 X 14413 0.000115
14413 X 14415 0.000115
14413 X 14503 0.000115
14415 SX 14492 0.999654
14415 SX 14493 0.000115
14415 SX 14490 0.000115
14415 SX 14491 0.000115
14415 RZPI 14415 1.000000
14415 RZ3PI 14413 1.000000
14415 RZPIHalf 14400 1.000000
14415 S 14411 1.000000
14415 X 14503 0.999654
14415 X 14415 0.000115
14415 X 14413 0.000115
14415 X 14502 0.000115
14420 SX 14406 0.999654
14420 SX 14405 0.000115
14420 SX 14408 0.000115
14420 SX 14407 0.000115
14420 RZPI 14420 1.000000
14420 RZ3PI 14421 1.000000
14420 RZPIHalf 14503 1.000000
14420 S 14502 1.000000
14420 X 14400 0.999654
14420 X 14420 0.000115
14420 X 14421 0.000115
14420 X 14411 0.000115
14421 SX 14408 0.999654
14421 SX 14407 0.000115
14421 SX 14406 0.000115
14421 SX 14405 0.000115
14421 RZPI 14421 1.000000
14421 RZ3PI 14420 1.000000
14421 RZPIHalf 14502 1.000000
14421 S 14503 1.000000
14421 X 14411 0.999654
14421 X 14421 0.000115
14421 X 14420 0.000115
14421 X 14400 0.000115
14429 SX 14544 0.999654
14429 SX 14545 0.000115
14429 SX 14546 0.000115
14429 SX 14547 0.000115
14429 RZPI 14429 1.000000
14429 RZ3PI 14431 1.000000
14429 RZPIHalf 14408 1.000000
14429 S 14405 1.000000
14429 X 14445 0.999654
14429 X 14429 0.000115
14429 X 14431 0.000115
14429 X 14443 0.000115
14431 SX 14546 0.999654
14431 SX 14547 0.000115
14431 SX 14544 0.000115
14431 SX 14545 0.000115
14431 RZPI 14431 1.000000
14431 RZ3PI 14429 1.000000
14431 RZPIHalf 14405 1.000000
14431 S 14408 1.000000
14431 X 14443 0.999654
14431 X 14431 0.000115
14431 X 14429 0.000115
14431 X 14445 0.000115
14443 SX 14547 0.999654
14443 SX 14546 0.000115
14443 SX 14545 0.000115
14443 SX 14544 0.000115
14443 RZPI 14443 1.000000
14443 RZ3PI 14445 1.000000
14443 RZPIHalf 14407 1.000000
14443 S 14406 1.000000
14443 X 14431 0.999654
14443 X 14443 0.000115
14443 X 14445 0.000115
14443 X 14429 0.000115
14445 SX 14545 0.999654
14445 SX 14544 0.000115
14445 SX 14547 0.000115
14445 SX 14546 0.000115
14445 RZPI 14445 1.000000
14445 RZ3PI 14443 1.000000
14445 RZPIHalf 14406 1.000000
14445 S 14407 1.000000
14445 X 14429 0.999654
14445 X 14445 0.000115
14445 X 14443 0.000115
14445 X 14431 0.000115
14490 SX 14502 0.999654
14490 SX 14413 0.000115
14490 SX 14415 0.000115
14490 SX 14503 0.000115
14490 RZPI 14490 1.000000
14490 RZ3PI 14493 1.000000
14490 RZPIHalf 14544 1.000000
14490 S 14547 1.000000
14490 X 14491 0.999654
14490 X 14490 0.000115
14490 X 14493 0.000115
14490 X 14492 0.000115
14491 SX 14413 0.999654
14491 SX 14502 0.000115
14491 SX 14503 0.000115
14491 SX 14415 0.000115
14491 RZPI 14491 1.000000
14491 RZ3PI 14492 1.000000
14491 RZPIHalf 14546 1.000000
14491 S 14545 1.000000
14491 X 14490 0.999654
14491 X 14491 0.000115
14491 X 14492 0.000115
14491 X 14493 0.000115
14492 SX 14503 0.999654
14492 SX 14415 0.000115
14492 SX 14413 0.000115
14492 SX 14502 0.000115
14492 RZPI 14492 1.000000
14492 RZ3PI 14491 1.000000
14492 RZPIHalf 14545 1.000000
14492 S 14546 1.000000
14492 X 14493 0.999654
14492 X 14492 0.000115
14492 X 14491 0.000115
14492 X 14490 0.000115
14493 SX 14415 0.999654
14493 SX 14503 0.000115
14493 SX 14502 0.000115
14493 SX 14413 0.000115
14493 RZPI 14493 1.000000
14493 RZ3PI 14490 1.000000
14493 RZPIHalf 14547 1.000000
14493 S 14544 1.000000
14493 X 14492 0.999654
14493 X 14493 0.000115
14493 X 14490 0.000115
14493 X 14491 0.000115
14502 SX 14491 0.999654
14502 SX 14490 0.000115
14502 SX 14493 0.000115
14502 SX 14492 0.000115
14502 RZPI 14502 1.000000
14502 RZ3PI 14503 1.000000
14502 RZPIHalf 14420 1.000000
14502 S 14421 1.000000
14502 X 14413 0.999654
14502 X 14502 0.000115
14502 X 14503 0.000115
14502 X 14415 0.000115
14503 SX 14493 0.999654
14503 SX 14492 0.000115
14503 SX 14491 0.000115
14503 SX 14490 0.000115
14503 RZPI 14503 1.000000
14503 RZ3PI 14502 1.000000
14503 RZPIHalf 14421 1.000000
14503 S 14420 1.000000
14503 X 14415 0.999654
14503 X 14503 0.000115
14503 X 14502 0.000115
14503 X 14413 0.000115
14544 SX 14445 0.999654
14544 SX 14429 0.000115
14544 SX 14431 0.000115
14544 SX 14443 0.000115
14544 RZPI 14544 1.000000
14544 RZ3PI 14547 1.000000
14544 RZPIHalf 14493 1.000000
14544 S 14490 1.000000
14544 X 14545 0.999654
14544 X 14544 0.000115
14544 X 14547 0.000115
14544 X 14546 0.000115
14545 SX 14429 0.999654
14545 SX 14445 0.000115
14545 SX 14443 0.000115
14545 SX 14431 0.000115
14545 RZPI 14545 1.000000
14545 RZ3PI 14546 1.000000
14545 RZPIHalf 14491 1.000000
14545 S 14492 1.000000
14545 X 14544 0.999654
14545 X 14545 0.000115
14545 X 14546 0.000115
14545 X 14547 0.000115
14546 SX 14443 0.999654
14546 SX 14431 0.000115
14546 SX 14429 0.000115
14546 SX 14445 0.000115
14546 RZPI 14546 1.000000
14546 RZ3PI 14545 1.000000
14546 RZPIHalf 14492 1.000000
14546 S 14491 1.000000
14546 X 14547 0.999654
14546 X 14546 0.000115
14546 X 14545 0.000115
14546 X 14544 0.000115
14547 SX 14431 0.999654
14547 SX 14443 0.000115
14547 SX 14445 0.000115
14547 SX 14429 0.000115
14547 RZPI 14547 1.000000
14547 RZ3PI 14544 1.000000
14547 RZPIHalf 14490 1.000000
14547 S 14493 1.000000
14547 X 14546 0.999654
14547 X 14547 0.000115
14547 X 14544 0.000115
14547 X 14545 0.000115
ENDPOMDP
