BEGINPOMDP
INITIALSTATE: 21210
STATES: 21254,21256,21301,21302,21303,21304,21313,21314,21210,21211,21216,21217,21218,21219,21222,21224,21226,21355,21356,21357,21358,21231,21232,21240,21242
REWARDS: 21254:0,21256:0,21301:0,21302:0,21303:0,21304:0,21313:0,21314:0,21210:0,21211:0,21216:0,21217:0,21218:0,21219:0,21222:0,21224:0,21226:0,21355:0,21356:0,21357:0,21358:0,21231:0,21232:1,21240:0,21242:0
GAMMA: 21254:0,21256:0,21301:0,21302:0,21303:0,21304:0,21313:0,21314:0,21210:0,21211:0,21216:0,21217:0,21218:0,21219:0,21222:0,21224:0,21226:0,21355:0,21356:0,21357:0,21358:0,21231:0,21232:0,21240:0,21242:0
BEGINACTIONS
SX
RZPI
RZ3PI
RZPIHalf
S
X
ENDACTIONS
21210 INIT_ 21211 1.000000
21211 SX 21216 0.999478
21211 SX 21217 0.000174
21211 SX 21218 0.000174
21211 SX 21219 0.000174
21211 RZPI 21211 1.000000
21211 RZ3PI 21222 1.000000
21211 RZPIHalf 21224 1.000000
21211 S 21226 1.000000
21211 X 21231 0.999478
21211 X 21211 0.000174
21211 X 21222 0.000174
21211 X 21232 0.000174
21216 SX 21231 0.999478
21216 SX 21211 0.000174
21216 SX 21222 0.000174
21216 SX 21232 0.000174
21216 RZPI 21216 1.000000
21216 RZ3PI 21219 1.000000
21216 RZPIHalf 21240 1.000000
21216 S 21242 1.000000
21216 X 21217 0.999478
21216 X 21216 0.000174
21216 X 21219 0.000174
21216 X 21218 0.000174
21217 SX 21211 0.999478
21217 SX 21231 0.000174
21217 SX 21232 0.000174
21217 SX 21222 0.000174
21217 RZPI 21217 1.000000
21217 RZ3PI 21218 1.000000
21217 RZPIHalf 21254 1.000000
21217 S 21256 1.000000
21217 X 21216 0.999478
21217 X 21217 0.000174
21217 X 21218 0.000174
21217 X 21219 0.000174
21218 SX 21232 0.999478
21218 SX 21222 0.000174
21218 SX 21211 0.000174
21218 SX 21231 0.000174
21218 RZPI 21218 1.000000
21218 RZ3PI 21217 1.000000
21218 RZPIHalf 21256 1.000000
21218 S 21254 1.000000
21218 X 21219 0.999478
21218 X 21218 0.000174
21218 X 21217 0.000174
21218 X 21216 0.000174
21219 SX 21222 0.999478
21219 SX 21232 0.000174
21219 SX 21231 0.000174
21219 SX 21211 0.000174
21219 RZPI 21219 1.000000
21219 RZ3PI 21216 1.000000
21219 RZPIHalf 21242 1.000000
21219 S 21240 1.000000
21219 X 21218 0.999478
21219 X 21219 0.000174
21219 X 21216 0.000174
21219 X 21217 0.000174
21222 SX 21218 0.999478
21222 SX 21219 0.000174
21222 SX 21216 0.000174
21222 SX 21217 0.000174
21222 RZPI 21222 1.000000
21222 RZ3PI 21211 1.000000
21222 RZPIHalf 21226 1.000000
21222 S 21224 1.000000
21222 X 21232 0.999478
21222 X 21222 0.000174
21222 X 21211 0.000174
21222 X 21231 0.000174
21224 SX 21301 0.999478
21224 SX 21302 0.000174
21224 SX 21303 0.000174
21224 SX 21304 0.000174
21224 RZPI 21224 1.000000
21224 RZ3PI 21226 1.000000
21224 RZPIHalf 21222 1.000000
21224 S 21211 1.000000
21224 X 21313 0.999478
21224 X 21224 0.000174
21224 X 21226 0.000174
21224 X 21314 0.000174
21226 SX 21303 0.999478
21226 SX 21304 0.000174
21226 SX 21301 0.000174
21226 SX 21302 0.000174
21226 RZPI 21226 1.000000
21226 RZ3PI 21224 1.000000
21226 RZPIHalf 21211 1.000000
21226 S 21222 1.000000
21226 X 21314 0.999478
21226 X 21226 0.000174
21226 X 21224 0.000174
21226 X 21313 0.000174
21231 SX 21217 0.999478
21231 SX 21216 0.000174
21231 SX 21219 0.000174
21231 SX 21218 0.000174
21231 RZPI 21231 1.000000
21231 RZ3PI 21232 1.000000
21231 RZPIHalf 21314 1.000000
21231 S 21313 1.000000
21231 X 21211 0.999478
21231 X 21231 0.000174
21231 X 21232 0.000174
21231 X 21222 0.000174
21232 SX 21219 0.999478
21232 SX 21218 0.000174
21232 SX 21217 0.000174
21232 SX 21216 0.000174
21232 RZPI 21232 1.000000
21232 RZ3PI 21231 1.000000
21232 RZPIHalf 21313 1.000000
21232 S 21314 1.000000
21232 X 21222 0.999478
21232 X 21232 0.000174
21232 X 21231 0.000174
21232 X 21211 0.000174
21240 SX 21355 0.999478
21240 SX 21356 0.000174
21240 SX 21357 0.000174
21240 SX 21358 0.000174
21240 RZPI 21240 1.000000
21240 RZ3PI 21242 1.000000
21240 RZPIHalf 21219 1.000000
21240 S 21216 1.000000
21240 X 21256 0.999478
21240 X 21240 0.000174
21240 X 21242 0.000174
21240 X 21254 0.000174
21242 SX 21357 0.999478
21242 SX 21358 0.000174
21242 SX 21355 0.000174
21242 SX 21356 0.000174
21242 RZPI 21242 1.000000
21242 RZ3PI 21240 1.000000
21242 RZPIHalf 21216 1.000000
21242 S 21219 1.000000
21242 X 21254 0.999478
21242 X 21242 0.000174
21242 X 21240 0.000174
21242 X 21256 0.000174
21254 SX 21358 0.999478
21254 SX 21357 0.000174
21254 SX 21356 0.000174
21254 SX 21355 0.000174
21254 RZPI 21254 1.000000
21254 RZ3PI 21256 1.000000
21254 RZPIHalf 21218 1.000000
21254 S 21217 1.000000
21254 X 21242 0.999478
21254 X 21254 0.000174
21254 X 21256 0.000174
21254 X 21240 0.000174
21256 SX 21356 0.999478
21256 SX 21355 0.000174
21256 SX 21358 0.000174
21256 SX 21357 0.000174
21256 RZPI 21256 1.000000
21256 RZ3PI 21254 1.000000
21256 RZPIHalf 21217 1.000000
21256 S 21218 1.000000
21256 X 21240 0.999478
21256 X 21256 0.000174
21256 X 21254 0.000174
21256 X 21242 0.000174
21301 SX 21313 0.999478
21301 SX 21224 0.000174
21301 SX 21226 0.000174
21301 SX 21314 0.000174
21301 RZPI 21301 1.000000
21301 RZ3PI 21304 1.000000
21301 RZPIHalf 21355 1.000000
21301 S 21358 1.000000
21301 X 21302 0.999478
21301 X 21301 0.000174
21301 X 21304 0.000174
21301 X 21303 0.000174
21302 SX 21224 0.999478
21302 SX 21313 0.000174
21302 SX 21314 0.000174
21302 SX 21226 0.000174
21302 RZPI 21302 1.000000
21302 RZ3PI 21303 1.000000
21302 RZPIHalf 21357 1.000000
21302 S 21356 1.000000
21302 X 21301 0.999478
21302 X 21302 0.000174
21302 X 21303 0.000174
21302 X 21304 0.000174
21303 SX 21314 0.999478
21303 SX 21226 0.000174
21303 SX 21224 0.000174
21303 SX 21313 0.000174
21303 RZPI 21303 1.000000
21303 RZ3PI 21302 1.000000
21303 RZPIHalf 21356 1.000000
21303 S 21357 1.000000
21303 X 21304 0.999478
21303 X 21303 0.000174
21303 X 21302 0.000174
21303 X 21301 0.000174
21304 SX 21226 0.999478
21304 SX 21314 0.000174
21304 SX 21313 0.000174
21304 SX 21224 0.000174
21304 RZPI 21304 1.000000
21304 RZ3PI 21301 1.000000
21304 RZPIHalf 21358 1.000000
21304 S 21355 1.000000
21304 X 21303 0.999478
21304 X 21304 0.000174
21304 X 21301 0.000174
21304 X 21302 0.000174
21313 SX 21302 0.999478
21313 SX 21301 0.000174
21313 SX 21304 0.000174
21313 SX 21303 0.000174
21313 RZPI 21313 1.000000
21313 RZ3PI 21314 1.000000
21313 RZPIHalf 21231 1.000000
21313 S 21232 1.000000
21313 X 21224 0.999478
21313 X 21313 0.000174
21313 X 21314 0.000174
21313 X 21226 0.000174
21314 SX 21304 0.999478
21314 SX 21303 0.000174
21314 SX 21302 0.000174
21314 SX 21301 0.000174
21314 RZPI 21314 1.000000
21314 RZ3PI 21313 1.000000
21314 RZPIHalf 21232 1.000000
21314 S 21231 1.000000
21314 X 21226 0.999478
21314 X 21314 0.000174
21314 X 21313 0.000174
21314 X 21224 0.000174
21355 SX 21256 0.999478
21355 SX 21240 0.000174
21355 SX 21242 0.000174
21355 SX 21254 0.000174
21355 RZPI 21355 1.000000
21355 RZ3PI 21358 1.000000
21355 RZPIHalf 21304 1.000000
21355 S 21301 1.000000
21355 X 21356 0.999478
21355 X 21355 0.000174
21355 X 21358 0.000174
21355 X 21357 0.000174
21356 SX 21240 0.999478
21356 SX 21256 0.000174
21356 SX 21254 0.000174
21356 SX 21242 0.000174
21356 RZPI 21356 1.000000
21356 RZ3PI 21357 1.000000
21356 RZPIHalf 21302 1.000000
21356 S 21303 1.000000
21356 X 21355 0.999478
21356 X 21356 0.000174
21356 X 21357 0.000174
21356 X 21358 0.000174
21357 SX 21254 0.999478
21357 SX 21242 0.000174
21357 SX 21240 0.000174
21357 SX 21256 0.000174
21357 RZPI 21357 1.000000
21357 RZ3PI 21356 1.000000
21357 RZPIHalf 21303 1.000000
21357 S 21302 1.000000
21357 X 21358 0.999478
21357 X 21357 0.000174
21357 X 21356 0.000174
21357 X 21355 0.000174
21358 SX 21242 0.999478
21358 SX 21254 0.000174
21358 SX 21256 0.000174
21358 SX 21240 0.000174
21358 RZPI 21358 1.000000
21358 RZ3PI 21355 1.000000
21358 RZPIHalf 21301 1.000000
21358 S 21304 1.000000
21358 X 21357 0.999478
21358 X 21358 0.000174
21358 X 21355 0.000174
21358 X 21356 0.000174
ENDPOMDP
