BEGINPOMDP
INITIALSTATE: 22775
STATES: 22784,22787,22789,22791,22920,22921,22922,22923,22796,22797,22805,22807,22819,22821,22866,22867,22868,22869,22878,22879,22775,22776,22781,22782,22783
REWARDS: 22784:0,22787:0,22789:0,22791:0,22920:0,22921:0,22922:0,22923:0,22796:0,22797:1,22805:0,22807:0,22819:0,22821:0,22866:0,22867:0,22868:0,22869:0,22878:0,22879:0,22775:0,22776:0,22781:0,22782:0,22783:0
GAMMA: 22784:0,22787:0,22789:0,22791:0,22920:0,22921:0,22922:0,22923:0,22796:0,22797:0,22805:0,22807:0,22819:0,22821:0,22866:0,22867:0,22868:0,22869:0,22878:0,22879:0,22775:0,22776:0,22781:0,22782:0,22783:0
BEGINACTIONS
SX
RZPI
RZ3PI
RZPIHalf
S
X
ENDACTIONS
22775 INIT_ 22776 1.000000
22776 SX 22781 0.998043
22776 SX 22782 0.000652
22776 SX 22783 0.000652
22776 SX 22784 0.000652
22776 RZPI 22776 1.000000
22776 RZ3PI 22787 1.000000
22776 RZPIHalf 22789 1.000000
22776 S 22791 1.000000
22776 X 22796 0.998043
22776 X 22776 0.000652
22776 X 22787 0.000652
22776 X 22797 0.000652
22781 SX 22796 0.998043
22781 SX 22776 0.000652
22781 SX 22787 0.000652
22781 SX 22797 0.000652
22781 RZPI 22781 1.000000
22781 RZ3PI 22784 1.000000
22781 RZPIHalf 22805 1.000000
22781 S 22807 1.000000
22781 X 22782 0.998043
22781 X 22781 0.000652
22781 X 22784 0.000652
22781 X 22783 0.000652
22782 SX 22776 0.998043
22782 SX 22796 0.000652
22782 SX 22797 0.000652
22782 SX 22787 0.000652
22782 RZPI 22782 1.000000
22782 RZ3PI 22783 1.000000
22782 RZPIHalf 22819 1.000000
22782 S 22821 1.000000
22782 X 22781 0.998043
22782 X 22782 0.000652
22782 X 22783 0.000652
22782 X 22784 0.000652
22783 SX 22797 0.998043
22783 SX 22787 0.000652
22783 SX 22776 0.000652
22783 SX 22796 0.000652
22783 RZPI 22783 1.000000
22783 RZ3PI 22782 1.000000
22783 RZPIHalf 22821 1.000000
22783 S 22819 1.000000
22783 X 22784 0.998043
22783 X 22783 0.000652
22783 X 22782 0.000652
22783 X 22781 0.000652
22784 SX 22787 0.998043
22784 SX 22797 0.000652
22784 SX 22796 0.000652
22784 SX 22776 0.000652
22784 RZPI 22784 1.000000
22784 RZ3PI 22781 1.000000
22784 RZPIHalf 22807 1.000000
22784 S 22805 1.000000
22784 X 22783 0.998043
22784 X 22784 0.000652
22784 X 22781 0.000652
22784 X 22782 0.000652
22787 SX 22783 0.998043
22787 SX 22784 0.000652
22787 SX 22781 0.000652
22787 SX 22782 0.000652
22787 RZPI 22787 1.000000
22787 RZ3PI 22776 1.000000
22787 RZPIHalf 22791 1.000000
22787 S 22789 1.000000
22787 X 22797 0.998043
22787 X 22787 0.000652
22787 X 22776 0.000652
22787 X 22796 0.000652
22789 SX 22866 0.998043
22789 SX 22867 0.000652
22789 SX 22868 0.000652
22789 SX 22869 0.000652
22789 RZPI 22789 1.000000
22789 RZ3PI 22791 1.000000
22789 RZPIHalf 22787 1.000000
22789 S 22776 1.000000
22789 X 22878 0.998043
22789 X 22789 0.000652
22789 X 22791 0.000652
22789 X 22879 0.000652
22791 SX 22868 0.998043
22791 SX 22869 0.000652
22791 SX 22866 0.000652
22791 SX 22867 0.000652
22791 RZPI 22791 1.000000
22791 RZ3PI 22789 1.000000
22791 RZPIHalf 22776 1.000000
22791 S 22787 1.000000
22791 X 22879 0.998043
22791 X 22791 0.000652
22791 X 22789 0.000652
22791 X 22878 0.000652
22796 SX 22782 0.998043
22796 SX 22781 0.000652
22796 SX 22784 0.000652
22796 SX 22783 0.000652
22796 RZPI 22796 1.000000
22796 RZ3PI 22797 1.000000
22796 RZPIHalf 22879 1.000000
22796 S 22878 1.000000
22796 X 22776 0.998043
22796 X 22796 0.000652
22796 X 22797 0.000652
22796 X 22787 0.000652
22797 SX 22784 0.998043
22797 SX 22783 0.000652
22797 SX 22782 0.000652
22797 SX 22781 0.000652
22797 RZPI 22797 1.000000
22797 RZ3PI 22796 1.000000
22797 RZPIHalf 22878 1.000000
22797 S 22879 1.000000
22797 X 22787 0.998043
22797 X 22797 0.000652
22797 X 22796 0.000652
22797 X 22776 0.000652
22805 SX 22920 0.998043
22805 SX 22921 0.000652
22805 SX 22922 0.000652
22805 SX 22923 0.000652
22805 RZPI 22805 1.000000
22805 RZ3PI 22807 1.000000
22805 RZPIHalf 22784 1.000000
22805 S 22781 1.000000
22805 X 22821 0.998043
22805 X 22805 0.000652
22805 X 22807 0.000652
22805 X 22819 0.000652
22807 SX 22922 0.998043
22807 SX 22923 0.000652
22807 SX 22920 0.000652
22807 SX 22921 0.000652
22807 RZPI 22807 1.000000
22807 RZ3PI 22805 1.000000
22807 RZPIHalf 22781 1.000000
22807 S 22784 1.000000
22807 X 22819 0.998043
22807 X 22807 0.000652
22807 X 22805 0.000652
22807 X 22821 0.000652
22819 SX 22923 0.998043
22819 SX 22922 0.000652
22819 SX 22921 0.000652
22819 SX 22920 0.000652
22819 RZPI 22819 1.000000
22819 RZ3PI 22821 1.000000
22819 RZPIHalf 22783 1.000000
22819 S 22782 1.000000
22819 X 22807 0.998043
22819 X 22819 0.000652
22819 X 22821 0.000652
22819 X 22805 0.000652
22821 SX 22921 0.998043
22821 SX 22920 0.000652
22821 SX 22923 0.000652
22821 SX 22922 0.000652
22821 RZPI 22821 1.000000
22821 RZ3PI 22819 1.000000
22821 RZPIHalf 22782 1.000000
22821 S 22783 1.000000
22821 X 22805 0.998043
22821 X 22821 0.000652
22821 X 22819 0.000652
22821 X 22807 0.000652
22866 SX 22878 0.998043
22866 SX 22789 0.000652
22866 SX 22791 0.000652
22866 SX 22879 0.000652
22866 RZPI 22866 1.000000
22866 RZ3PI 22869 1.000000
22866 RZPIHalf 22920 1.000000
22866 S 22923 1.000000
22866 X 22867 0.998043
22866 X 22866 0.000652
22866 X 22869 0.000652
22866 X 22868 0.000652
22867 SX 22789 0.998043
22867 SX 22878 0.000652
22867 SX 22879 0.000652
22867 SX 22791 0.000652
22867 RZPI 22867 1.000000
22867 RZ3PI 22868 1.000000
22867 RZPIHalf 22922 1.000000
22867 S 22921 1.000000
22867 X 22866 0.998043
22867 X 22867 0.000652
22867 X 22868 0.000652
22867 X 22869 0.000652
22868 SX 22879 0.998043
22868 SX 22791 0.000652
22868 SX 22789 0.000652
22868 SX 22878 0.000652
22868 RZPI 22868 1.000000
22868 RZ3PI 22867 1.000000
22868 RZPIHalf 22921 1.000000
22868 S 22922 1.000000
22868 X 22869 0.998043
22868 X 22868 0.000652
22868 X 22867 0.000652
22868 X 22866 0.000652
22869 SX 22791 0.998043
22869 SX 22879 0.000652
22869 SX 22878 0.000652
22869 SX 22789 0.000652
22869 RZPI 22869 1.000000
22869 RZ3PI 22866 1.000000
22869 RZPIHalf 22923 1.000000
22869 S 22920 1.000000
22869 X 22868 0.998043
22869 X 22869 0.000652
22869 X 22866 0.000652
22869 X 22867 0.000652
22878 SX 22867 0.998043
22878 SX 22866 0.000652
22878 SX 22869 0.000652
22878 SX 22868 0.000652
22878 RZPI 22878 1.000000
22878 RZ3PI 22879 1.000000
22878 RZPIHalf 22796 1.000000
22878 S 22797 1.000000
22878 X 22789 0.998043
22878 X 22878 0.000652
22878 X 22879 0.000652
22878 X 22791 0.000652
22879 SX 22869 0.998043
22879 SX 22868 0.000652
22879 SX 22867 0.000652
22879 SX 22866 0.000652
22879 RZPI 22879 1.000000
22879 RZ3PI 22878 1.000000
22879 RZPIHalf 22797 1.000000
22879 S 22796 1.000000
22879 X 22791 0.998043
22879 X 22879 0.000652
22879 X 22878 0.000652
22879 X 22789 0.000652
22920 SX 22821 0.998043
22920 SX 22805 0.000652
22920 SX 22807 0.000652
22920 SX 22819 0.000652
22920 RZPI 22920 1.000000
22920 RZ3PI 22923 1.000000
22920 RZPIHalf 22869 1.000000
22920 S 22866 1.000000
22920 X 22921 0.998043
22920 X 22920 0.000652
22920 X 22923 0.000652
22920 X 22922 0.000652
22921 SX 22805 0.998043
22921 SX 22821 0.000652
22921 SX 22819 0.000652
22921 SX 22807 0.000652
22921 RZPI 22921 1.000000
22921 RZ3PI 22922 1.000000
22921 RZPIHalf 22867 1.000000
22921 S 22868 1.000000
22921 X 22920 0.998043
22921 X 22921 0.000652
22921 X 22922 0.000652
22921 X 22923 0.000652
22922 SX 22819 0.998043
22922 SX 22807 0.000652
22922 SX 22805 0.000652
22922 SX 22821 0.000652
22922 RZPI 22922 1.000000
22922 RZ3PI 22921 1.000000
22922 RZPIHalf 22868 1.000000
22922 S 22867 1.000000
22922 X 22923 0.998043
22922 X 22922 0.000652
22922 X 22921 0.000652
22922 X 22920 0.000652
22923 SX 22807 0.998043
22923 SX 22819 0.000652
22923 SX 22821 0.000652
22923 SX 22805 0.000652
22923 RZPI 22923 1.000000
22923 RZ3PI 22920 1.000000
22923 RZPIHalf 22866 1.000000
22923 S 22869 1.000000
22923 X 22922 0.998043
22923 X 22923 0.000652
22923 X 22920 0.000652
22923 X 22921 0.000652
ENDPOMDP
