BEGINPOMDP
INITIALSTATE: 17022
STATES: 17154,17028,17029,17030,17035,17036,17037,17038,17040,17173,17059,17191,17192,17193,17194,17078,17097,17116,17135,17267,17268,17269,17270,17022,17023
REWARDS: 17154:0,17028:1,17029:0,17030:0,17035:0,17036:0,17037:0,17038:0,17040:0,17173:0,17059:0,17191:0,17192:0,17193:0,17194:0,17078:0,17097:0,17116:0,17135:0,17267:0,17268:0,17269:0,17270:0,17022:0,17023:0
GAMMA: 17154:0,17028:0,17029:0,17030:0,17035:0,17036:0,17037:0,17038:0,17040:0,17173:0,17059:0,17191:0,17192:0,17193:0,17194:0,17078:0,17097:0,17116:0,17135:0,17267:0,17268:0,17269:0,17270:0,17022:0,17023:0
BEGINACTIONS
U3
H
S
Z
X
RY
ENDACTIONS
17022 INIT_ 17023 1.000000
17023 U3 17028 0.997220
17023 U3 17029 0.000927
17023 U3 17023 0.000927
17023 U3 17030 0.000927
17023 H 17035 0.998609
17023 H 17036 0.000464
17023 H 17037 0.000464
17023 H 17038 0.000464
17023 S 17040 1.000000
17023 Z 17029 1.000000
17023 X 17030 0.997220
17023 X 17023 0.000927
17023 X 17029 0.000927
17023 X 17028 0.000927
17023 RY 17028 0.997220
17023 RY 17029 0.000927
17023 RY 17023 0.000927
17023 RY 17030 0.000927
17028 U3 17023 0.997220
17028 U3 17030 0.000927
17028 U3 17028 0.000927
17028 U3 17029 0.000927
17028 H 17037 0.998609
17028 H 17038 0.000464
17028 H 17035 0.000464
17028 H 17036 0.000464
17028 S 17059 1.000000
17028 Z 17030 1.000000
17028 X 17029 0.997220
17028 X 17028 0.000927
17028 X 17030 0.000927
17028 X 17023 0.000927
17028 RY 17023 0.997220
17028 RY 17030 0.000927
17028 RY 17028 0.000927
17028 RY 17029 0.000927
17029 U3 17030 0.997220
17029 U3 17023 0.000927
17029 U3 17029 0.000927
17029 U3 17028 0.000927
17029 H 17036 0.998609
17029 H 17035 0.000464
17029 H 17038 0.000464
17029 H 17037 0.000464
17029 S 17078 1.000000
17029 Z 17023 1.000000
17029 X 17028 0.997220
17029 X 17029 0.000927
17029 X 17023 0.000927
17029 X 17030 0.000927
17029 RY 17030 0.997220
17029 RY 17023 0.000927
17029 RY 17029 0.000927
17029 RY 17028 0.000927
17030 U3 17029 0.997220
17030 U3 17028 0.000927
17030 U3 17030 0.000927
17030 U3 17023 0.000927
17030 H 17038 0.998609
17030 H 17037 0.000464
17030 H 17036 0.000464
17030 H 17035 0.000464
17030 S 17097 1.000000
17030 Z 17028 1.000000
17030 X 17023 0.997220
17030 X 17030 0.000927
17030 X 17028 0.000927
17030 X 17029 0.000927
17030 RY 17029 0.997220
17030 RY 17028 0.000927
17030 RY 17030 0.000927
17030 RY 17023 0.000927
17035 U3 17037 0.997220
17035 U3 17038 0.000927
17035 U3 17035 0.000927
17035 U3 17036 0.000927
17035 H 17023 0.998609
17035 H 17030 0.000464
17035 H 17028 0.000464
17035 H 17029 0.000464
17035 S 17116 1.000000
17035 Z 17038 1.000000
17035 X 17036 0.997220
17035 X 17035 0.000927
17035 X 17038 0.000927
17035 X 17037 0.000927
17035 RY 17037 0.997220
17035 RY 17038 0.000927
17035 RY 17035 0.000927
17035 RY 17036 0.000927
17036 U3 17038 0.997220
17036 U3 17037 0.000927
17036 U3 17036 0.000927
17036 U3 17035 0.000927
17036 H 17029 0.998609
17036 H 17028 0.000464
17036 H 17030 0.000464
17036 H 17023 0.000464
17036 S 17135 1.000000
17036 Z 17037 1.000000
17036 X 17035 0.997220
17036 X 17036 0.000927
17036 X 17037 0.000927
17036 X 17038 0.000927
17036 RY 17038 0.997220
17036 RY 17037 0.000927
17036 RY 17036 0.000927
17036 RY 17035 0.000927
17037 U3 17035 0.997220
17037 U3 17036 0.000927
17037 U3 17037 0.000927
17037 U3 17038 0.000927
17037 H 17028 0.998609
17037 H 17029 0.000464
17037 H 17023 0.000464
17037 H 17030 0.000464
17037 S 17154 1.000000
17037 Z 17036 1.000000
17037 X 17038 0.997220
17037 X 17037 0.000927
17037 X 17036 0.000927
17037 X 17035 0.000927
17037 RY 17035 0.997220
17037 RY 17036 0.000927
17037 RY 17037 0.000927
17037 RY 17038 0.000927
17038 U3 17036 0.997220
17038 U3 17035 0.000927
17038 U3 17038 0.000927
17038 U3 17037 0.000927
17038 H 17030 0.998609
17038 H 17023 0.000464
17038 H 17029 0.000464
17038 H 17028 0.000464
17038 S 17173 1.000000
17038 Z 17035 1.000000
17038 X 17037 0.997220
17038 X 17038 0.000927
17038 X 17035 0.000927
17038 X 17036 0.000927
17038 RY 17036 0.997220
17038 RY 17035 0.000927
17038 RY 17038 0.000927
17038 RY 17037 0.000927
17040 U3 17097 0.997220
17040 U3 17078 0.000927
17040 U3 17040 0.000927
17040 U3 17059 0.000927
17040 H 17191 0.998609
17040 H 17192 0.000464
17040 H 17193 0.000464
17040 H 17194 0.000464
17040 S 17029 1.000000
17040 Z 17078 1.000000
17040 X 17059 0.997220
17040 X 17040 0.000927
17040 X 17078 0.000927
17040 X 17097 0.000927
17040 RY 17097 0.997220
17040 RY 17078 0.000927
17040 RY 17040 0.000927
17040 RY 17059 0.000927
17059 U3 17078 0.997220
17059 U3 17097 0.000927
17059 U3 17059 0.000927
17059 U3 17040 0.000927
17059 H 17194 0.998609
17059 H 17193 0.000464
17059 H 17192 0.000464
17059 H 17191 0.000464
17059 S 17030 1.000000
17059 Z 17097 1.000000
17059 X 17040 0.997220
17059 X 17059 0.000927
17059 X 17097 0.000927
17059 X 17078 0.000927
17059 RY 17078 0.997220
17059 RY 17097 0.000927
17059 RY 17059 0.000927
17059 RY 17040 0.000927
17078 U3 17059 0.997220
17078 U3 17040 0.000927
17078 U3 17078 0.000927
17078 U3 17097 0.000927
17078 H 17192 0.998609
17078 H 17191 0.000464
17078 H 17194 0.000464
17078 H 17193 0.000464
17078 S 17023 1.000000
17078 Z 17040 1.000000
17078 X 17097 0.997220
17078 X 17078 0.000927
17078 X 17040 0.000927
17078 X 17059 0.000927
17078 RY 17059 0.997220
17078 RY 17040 0.000927
17078 RY 17078 0.000927
17078 RY 17097 0.000927
17097 U3 17040 0.997220
17097 U3 17059 0.000927
17097 U3 17097 0.000927
17097 U3 17078 0.000927
17097 H 17193 0.998609
17097 H 17194 0.000464
17097 H 17191 0.000464
17097 H 17192 0.000464
17097 S 17028 1.000000
17097 Z 17059 1.000000
17097 X 17078 0.997220
17097 X 17097 0.000927
17097 X 17059 0.000927
17097 X 17040 0.000927
17097 RY 17040 0.997220
17097 RY 17059 0.000927
17097 RY 17097 0.000927
17097 RY 17078 0.000927
17116 U3 17135 0.997220
17116 U3 17173 0.000927
17116 U3 17116 0.000927
17116 U3 17154 0.000927
17116 H 17267 0.998609
17116 H 17268 0.000464
17116 H 17269 0.000464
17116 H 17270 0.000464
17116 S 17038 1.000000
17116 Z 17173 1.000000
17116 X 17154 0.997220
17116 X 17116 0.000927
17116 X 17173 0.000927
17116 X 17135 0.000927
17116 RY 17135 0.997220
17116 RY 17173 0.000927
17116 RY 17116 0.000927
17116 RY 17154 0.000927
17135 U3 17116 0.997220
17135 U3 17154 0.000927
17135 U3 17135 0.000927
17135 U3 17173 0.000927
17135 H 17269 0.998609
17135 H 17270 0.000464
17135 H 17267 0.000464
17135 H 17268 0.000464
17135 S 17037 1.000000
17135 Z 17154 1.000000
17135 X 17173 0.997220
17135 X 17135 0.000927
17135 X 17154 0.000927
17135 X 17116 0.000927
17135 RY 17116 0.997220
17135 RY 17154 0.000927
17135 RY 17135 0.000927
17135 RY 17173 0.000927
17154 U3 17173 0.997220
17154 U3 17135 0.000927
17154 U3 17154 0.000927
17154 U3 17116 0.000927
17154 H 17270 0.998609
17154 H 17269 0.000464
17154 H 17268 0.000464
17154 H 17267 0.000464
17154 S 17036 1.000000
17154 Z 17135 1.000000
17154 X 17116 0.997220
17154 X 17154 0.000927
17154 X 17135 0.000927
17154 X 17173 0.000927
17154 RY 17173 0.997220
17154 RY 17135 0.000927
17154 RY 17154 0.000927
17154 RY 17116 0.000927
17173 U3 17154 0.997220
17173 U3 17116 0.000927
17173 U3 17173 0.000927
17173 U3 17135 0.000927
17173 H 17268 0.998609
17173 H 17267 0.000464
17173 H 17270 0.000464
17173 H 17269 0.000464
17173 S 17035 1.000000
17173 Z 17116 1.000000
17173 X 17135 0.997220
17173 X 17173 0.000927
17173 X 17116 0.000927
17173 X 17154 0.000927
17173 RY 17154 0.997220
17173 RY 17116 0.000927
17173 RY 17173 0.000927
17173 RY 17135 0.000927
17191 U3 17193 0.997220
17191 U3 17194 0.000927
17191 U3 17191 0.000927
17191 U3 17192 0.000927
17191 H 17040 0.998609
17191 H 17059 0.000464
17191 H 17097 0.000464
17191 H 17078 0.000464
17191 S 17268 1.000000
17191 Z 17194 1.000000
17191 X 17192 0.997220
17191 X 17191 0.000927
17191 X 17194 0.000927
17191 X 17193 0.000927
17191 RY 17193 0.997220
17191 RY 17194 0.000927
17191 RY 17191 0.000927
17191 RY 17192 0.000927
17192 U3 17194 0.997220
17192 U3 17193 0.000927
17192 U3 17192 0.000927
17192 U3 17191 0.000927
17192 H 17078 0.998609
17192 H 17097 0.000464
17192 H 17059 0.000464
17192 H 17040 0.000464
17192 S 17270 1.000000
17192 Z 17193 1.000000
17192 X 17191 0.997220
17192 X 17192 0.000927
17192 X 17193 0.000927
17192 X 17194 0.000927
17192 RY 17194 0.997220
17192 RY 17193 0.000927
17192 RY 17192 0.000927
17192 RY 17191 0.000927
17193 U3 17191 0.997220
17193 U3 17192 0.000927
17193 U3 17193 0.000927
17193 U3 17194 0.000927
17193 H 17097 0.998609
17193 H 17078 0.000464
17193 H 17040 0.000464
17193 H 17059 0.000464
17193 S 17267 1.000000
17193 Z 17192 1.000000
17193 X 17194 0.997220
17193 X 17193 0.000927
17193 X 17192 0.000927
17193 X 17191 0.000927
17193 RY 17191 0.997220
17193 RY 17192 0.000927
17193 RY 17193 0.000927
17193 RY 17194 0.000927
17194 U3 17192 0.997220
17194 U3 17191 0.000927
17194 U3 17194 0.000927
17194 U3 17193 0.000927
17194 H 17059 0.998609
17194 H 17040 0.000464
17194 H 17078 0.000464
17194 H 17097 0.000464
17194 S 17269 1.000000
17194 Z 17191 1.000000
17194 X 17193 0.997220
17194 X 17194 0.000927
17194 X 17191 0.000927
17194 X 17192 0.000927
17194 RY 17192 0.997220
17194 RY 17191 0.000927
17194 RY 17194 0.000927
17194 RY 17193 0.000927
17267 U3 17269 0.997220
17267 U3 17270 0.000927
17267 U3 17267 0.000927
17267 U3 17268 0.000927
17267 H 17116 0.998609
17267 H 17154 0.000464
17267 H 17135 0.000464
17267 H 17173 0.000464
17267 S 17192 1.000000
17267 Z 17270 1.000000
17267 X 17268 0.997220
17267 X 17267 0.000927
17267 X 17270 0.000927
17267 X 17269 0.000927
17267 RY 17269 0.997220
17267 RY 17270 0.000927
17267 RY 17267 0.000927
17267 RY 17268 0.000927
17268 U3 17270 0.997220
17268 U3 17269 0.000927
17268 U3 17268 0.000927
17268 U3 17267 0.000927
17268 H 17173 0.998609
17268 H 17135 0.000464
17268 H 17154 0.000464
17268 H 17116 0.000464
17268 S 17194 1.000000
17268 Z 17269 1.000000
17268 X 17267 0.997220
17268 X 17268 0.000927
17268 X 17269 0.000927
17268 X 17270 0.000927
17268 RY 17270 0.997220
17268 RY 17269 0.000927
17268 RY 17268 0.000927
17268 RY 17267 0.000927
17269 U3 17267 0.997220
17269 U3 17268 0.000927
17269 U3 17269 0.000927
17269 U3 17270 0.000927
17269 H 17135 0.998609
17269 H 17173 0.000464
17269 H 17116 0.000464
17269 H 17154 0.000464
17269 S 17191 1.000000
17269 Z 17268 1.000000
17269 X 17270 0.997220
17269 X 17269 0.000927
17269 X 17268 0.000927
17269 X 17267 0.000927
17269 RY 17267 0.997220
17269 RY 17268 0.000927
17269 RY 17269 0.000927
17269 RY 17270 0.000927
17270 U3 17268 0.997220
17270 U3 17267 0.000927
17270 U3 17270 0.000927
17270 U3 17269 0.000927
17270 H 17154 0.998609
17270 H 17116 0.000464
17270 H 17173 0.000464
17270 H 17135 0.000464
17270 S 17193 1.000000
17270 Z 17267 1.000000
17270 X 17269 0.997220
17270 X 17270 0.000927
17270 X 17267 0.000927
17270 X 17268 0.000927
17270 RY 17268 0.997220
17270 RY 17267 0.000927
17270 RY 17270 0.000927
17270 RY 17269 0.000927
ENDPOMDP
