BEGINPOMDP
INITIALSTATE: 19332
STATES: 19332,19333,19338,19339,19340,19341,19344,19346,19348,19477,19478,19479,19480,19353,19354,19362,19364,19376,19378,19423,19424,19425,19426,19435,19436
REWARDS: 19332:0,19333:0,19338:0,19339:0,19340:0,19341:0,19344:0,19346:0,19348:0,19477:0,19478:0,19479:0,19480:0,19353:0,19354:1,19362:0,19364:0,19376:0,19378:0,19423:0,19424:0,19425:0,19426:0,19435:0,19436:0
GAMMA: 19332:0,19333:0,19338:0,19339:0,19340:0,19341:0,19344:0,19346:0,19348:0,19477:0,19478:0,19479:0,19480:0,19353:0,19354:0,19362:0,19364:0,19376:0,19378:0,19423:0,19424:0,19425:0,19426:0,19435:0,19436:0
BEGINACTIONS
SX
RZPI
RZ3PI
RZPIHalf
S
X
ENDACTIONS
19332 INIT_ 19333 1.000000
19333 SX 19338 0.998881
19333 SX 19339 0.000373
19333 SX 19340 0.000373
19333 SX 19341 0.000373
19333 RZPI 19333 1.000000
19333 RZ3PI 19344 1.000000
19333 RZPIHalf 19346 1.000000
19333 S 19348 1.000000
19333 X 19353 0.998881
19333 X 19333 0.000373
19333 X 19344 0.000373
19333 X 19354 0.000373
19338 SX 19353 0.998881
19338 SX 19333 0.000373
19338 SX 19344 0.000373
19338 SX 19354 0.000373
19338 RZPI 19338 1.000000
19338 RZ3PI 19341 1.000000
19338 RZPIHalf 19362 1.000000
19338 S 19364 1.000000
19338 X 19339 0.998881
19338 X 19338 0.000373
19338 X 19341 0.000373
19338 X 19340 0.000373
19339 SX 19333 0.998881
19339 SX 19353 0.000373
19339 SX 19354 0.000373
19339 SX 19344 0.000373
19339 RZPI 19339 1.000000
19339 RZ3PI 19340 1.000000
19339 RZPIHalf 19376 1.000000
19339 S 19378 1.000000
19339 X 19338 0.998881
19339 X 19339 0.000373
19339 X 19340 0.000373
19339 X 19341 0.000373
19340 SX 19354 0.998881
19340 SX 19344 0.000373
19340 SX 19333 0.000373
19340 SX 19353 0.000373
19340 RZPI 19340 1.000000
19340 RZ3PI 19339 1.000000
19340 RZPIHalf 19378 1.000000
19340 S 19376 1.000000
19340 X 19341 0.998881
19340 X 19340 0.000373
19340 X 19339 0.000373
19340 X 19338 0.000373
19341 SX 19344 0.998881
19341 SX 19354 0.000373
19341 SX 19353 0.000373
19341 SX 19333 0.000373
19341 RZPI 19341 1.000000
19341 RZ3PI 19338 1.000000
19341 RZPIHalf 19364 1.000000
19341 S 19362 1.000000
19341 X 19340 0.998881
19341 X 19341 0.000373
19341 X 19338 0.000373
19341 X 19339 0.000373
19344 SX 19340 0.998881
19344 SX 19341 0.000373
19344 SX 19338 0.000373
19344 SX 19339 0.000373
19344 RZPI 19344 1.000000
19344 RZ3PI 19333 1.000000
19344 RZPIHalf 19348 1.000000
19344 S 19346 1.000000
19344 X 19354 0.998881
19344 X 19344 0.000373
19344 X 19333 0.000373
19344 X 19353 0.000373
19346 SX 19423 0.998881
19346 SX 19424 0.000373
19346 SX 19425 0.000373
19346 SX 19426 0.000373
19346 RZPI 19346 1.000000
19346 RZ3PI 19348 1.000000
19346 RZPIHalf 19344 1.000000
19346 S 19333 1.000000
19346 X 19435 0.998881
19346 X 19346 0.000373
19346 X 19348 0.000373
19346 X 19436 0.000373
19348 SX 19425 0.998881
19348 SX 19426 0.000373
19348 SX 19423 0.000373
19348 SX 19424 0.000373
19348 RZPI 19348 1.000000
19348 RZ3PI 19346 1.000000
19348 RZPIHalf 19333 1.000000
19348 S 19344 1.000000
19348 X 19436 0.998881
19348 X 19348 0.000373
19348 X 19346 0.000373
19348 X 19435 0.000373
19353 SX 19339 0.998881
19353 SX 19338 0.000373
19353 SX 19341 0.000373
19353 SX 19340 0.000373
19353 RZPI 19353 1.000000
19353 RZ3PI 19354 1.000000
19353 RZPIHalf 19436 1.000000
19353 S 19435 1.000000
19353 X 19333 0.998881
19353 X 19353 0.000373
19353 X 19354 0.000373
19353 X 19344 0.000373
19354 SX 19341 0.998881
19354 SX 19340 0.000373
19354 SX 19339 0.000373
19354 SX 19338 0.000373
19354 RZPI 19354 1.000000
19354 RZ3PI 19353 1.000000
19354 RZPIHalf 19435 1.000000
19354 S 19436 1.000000
19354 X 19344 0.998881
19354 X 19354 0.000373
19354 X 19353 0.000373
19354 X 19333 0.000373
19362 SX 19477 0.998881
19362 SX 19478 0.000373
19362 SX 19479 0.000373
19362 SX 19480 0.000373
19362 RZPI 19362 1.000000
19362 RZ3PI 19364 1.000000
19362 RZPIHalf 19341 1.000000
19362 S 19338 1.000000
19362 X 19378 0.998881
19362 X 19362 0.000373
19362 X 19364 0.000373
19362 X 19376 0.000373
19364 SX 19479 0.998881
19364 SX 19480 0.000373
19364 SX 19477 0.000373
19364 SX 19478 0.000373
19364 RZPI 19364 1.000000
19364 RZ3PI 19362 1.000000
19364 RZPIHalf 19338 1.000000
19364 S 19341 1.000000
19364 X 19376 0.998881
19364 X 19364 0.000373
19364 X 19362 0.000373
19364 X 19378 0.000373
19376 SX 19480 0.998881
19376 SX 19479 0.000373
19376 SX 19478 0.000373
19376 SX 19477 0.000373
19376 RZPI 19376 1.000000
19376 RZ3PI 19378 1.000000
19376 RZPIHalf 19340 1.000000
19376 S 19339 1.000000
19376 X 19364 0.998881
19376 X 19376 0.000373
19376 X 19378 0.000373
19376 X 19362 0.000373
19378 SX 19478 0.998881
19378 SX 19477 0.000373
19378 SX 19480 0.000373
19378 SX 19479 0.000373
19378 RZPI 19378 1.000000
19378 RZ3PI 19376 1.000000
19378 RZPIHalf 19339 1.000000
19378 S 19340 1.000000
19378 X 19362 0.998881
19378 X 19378 0.000373
19378 X 19376 0.000373
19378 X 19364 0.000373
19423 SX 19435 0.998881
19423 SX 19346 0.000373
19423 SX 19348 0.000373
19423 SX 19436 0.000373
19423 RZPI 19423 1.000000
19423 RZ3PI 19426 1.000000
19423 RZPIHalf 19477 1.000000
19423 S 19480 1.000000
19423 X 19424 0.998881
19423 X 19423 0.000373
19423 X 19426 0.000373
19423 X 19425 0.000373
19424 SX 19346 0.998881
19424 SX 19435 0.000373
19424 SX 19436 0.000373
19424 SX 19348 0.000373
19424 RZPI 19424 1.000000
19424 RZ3PI 19425 1.000000
19424 RZPIHalf 19479 1.000000
19424 S 19478 1.000000
19424 X 19423 0.998881
19424 X 19424 0.000373
19424 X 19425 0.000373
19424 X 19426 0.000373
19425 SX 19436 0.998881
19425 SX 19348 0.000373
19425 SX 19346 0.000373
19425 SX 19435 0.000373
19425 RZPI 19425 1.000000
19425 RZ3PI 19424 1.000000
19425 RZPIHalf 19478 1.000000
19425 S 19479 1.000000
19425 X 19426 0.998881
19425 X 19425 0.000373
19425 X 19424 0.000373
19425 X 19423 0.000373
19426 SX 19348 0.998881
19426 SX 19436 0.000373
19426 SX 19435 0.000373
19426 SX 19346 0.000373
19426 RZPI 19426 1.000000
19426 RZ3PI 19423 1.000000
19426 RZPIHalf 19480 1.000000
19426 S 19477 1.000000
19426 X 19425 0.998881
19426 X 19426 0.000373
19426 X 19423 0.000373
19426 X 19424 0.000373
19435 SX 19424 0.998881
19435 SX 19423 0.000373
19435 SX 19426 0.000373
19435 SX 19425 0.000373
19435 RZPI 19435 1.000000
19435 RZ3PI 19436 1.000000
19435 RZPIHalf 19353 1.000000
19435 S 19354 1.000000
19435 X 19346 0.998881
19435 X 19435 0.000373
19435 X 19436 0.000373
19435 X 19348 0.000373
19436 SX 19426 0.998881
19436 SX 19425 0.000373
19436 SX 19424 0.000373
19436 SX 19423 0.000373
19436 RZPI 19436 1.000000
19436 RZ3PI 19435 1.000000
19436 RZPIHalf 19354 1.000000
19436 S 19353 1.000000
19436 X 19348 0.998881
19436 X 19436 0.000373
19436 X 19435 0.000373
19436 X 19346 0.000373
19477 SX 19378 0.998881
19477 SX 19362 0.000373
19477 SX 19364 0.000373
19477 SX 19376 0.000373
19477 RZPI 19477 1.000000
19477 RZ3PI 19480 1.000000
19477 RZPIHalf 19426 1.000000
19477 S 19423 1.000000
19477 X 19478 0.998881
19477 X 19477 0.000373
19477 X 19480 0.000373
19477 X 19479 0.000373
19478 SX 19362 0.998881
19478 SX 19378 0.000373
19478 SX 19376 0.000373
19478 SX 19364 0.000373
19478 RZPI 19478 1.000000
19478 RZ3PI 19479 1.000000
19478 RZPIHalf 19424 1.000000
19478 S 19425 1.000000
19478 X 19477 0.998881
19478 X 19478 0.000373
19478 X 19479 0.000373
19478 X 19480 0.000373
19479 SX 19376 0.998881
19479 SX 19364 0.000373
19479 SX 19362 0.000373
19479 SX 19378 0.000373
19479 RZPI 19479 1.000000
19479 RZ3PI 19478 1.000000
19479 RZPIHalf 19425 1.000000
19479 S 19424 1.000000
19479 X 19480 0.998881
19479 X 19479 0.000373
19479 X 19478 0.000373
19479 X 19477 0.000373
19480 SX 19364 0.998881
19480 SX 19376 0.000373
19480 SX 19378 0.000373
19480 SX 19362 0.000373
19480 RZPI 19480 1.000000
19480 RZ3PI 19477 1.000000
19480 RZPIHalf 19423 1.000000
19480 S 19426 1.000000
19480 X 19479 0.998881
19480 X 19480 0.000373
19480 X 19477 0.000373
19480 X 19478 0.000373
ENDPOMDP
