BEGINPOMDP
INITIALSTATE: 107149
STATES: 107149,107150,107409,107410,107412,107413,107163,107164,107166,107295,107167,107297,107171,107173,108198,107431,107432,107175,107560,107561,108200,107188,107189,107578,107206,107591,107208,107592,107593,107594
REWARDS: 107149:0,107150:0,107409:0,107410:0,107412:0,107413:0,107163:0,107164:0,107166:0,107295:0,107167:0,107297:0,107171:0,107173:0,108198:0,107431:0,107432:0,107175:0,107560:0,107561:0,108200:0,107188:0,107189:1,107578:0,107206:0,107591:0,107208:0,107592:0,107593:0,107594:0
GAMMA: 107149:0,107150:0,107409:0,107410:0,107412:0,107413:0,107163:0,107164:0,107166:0,107295:0,107167:0,107297:0,107171:0,107173:0,108198:0,107431:0,107432:0,107175:0,107560:0,107561:0,108200:0,107188:0,107189:0,107578:0,107206:0,107591:0,107208:0,107592:0,107593:0,107594:0
BEGINACTIONS
SX
RZPI
RZ3PI
RZPIHalf
S
X
ENDACTIONS
107149 INIT_ 107150 1.000000
107149 SX 107560 0.995438
107149 SX 107561 0.004425
107149 SX 107149 0.000137
107149 RZPI 107149 1.000000
107149 RZ3PI 107149 1.000000
107149 RZPIHalf 107149 1.000000
107149 S 107149 1.000000
107149 X 107578 0.995441
107149 X 107149 0.004559
107150 SX 107163 0.993227
107150 SX 107164 0.002214
107150 SX 107166 0.002211
107150 SX 107167 0.002211
107150 RZPI 107150 1.000000
107150 RZ3PI 107171 1.000000
107150 RZPIHalf 107173 1.000000
107150 S 107175 1.000000
107150 X 107188 0.993227
107150 X 107189 0.002214
107150 X 107150 0.002211
107150 X 107171 0.002211
107150 X 107149 0.000001
107163 SX 107188 0.993227
107163 SX 107189 0.002214
107163 SX 107149 0.000136
107163 SX 107150 0.002211
107163 SX 107171 0.002211
107163 RZPI 107163 1.000000
107163 RZ3PI 107164 1.000000
107163 RZPIHalf 107206 1.000000
107163 S 107208 1.000000
107163 X 107166 0.993227
107163 X 107167 0.002214
107163 X 107163 0.002211
107163 X 107164 0.002211
107164 SX 107171 0.993227
107164 SX 107150 0.002214
107164 SX 107149 0.000136
107164 SX 107189 0.002211
107164 SX 107188 0.002211
107164 RZPI 107164 1.000000
107164 RZ3PI 107163 1.000000
107164 RZPIHalf 107208 1.000000
107164 S 107206 1.000000
107164 X 107167 0.993227
107164 X 107166 0.002214
107164 X 107164 0.002211
107164 X 107163 0.002211
107166 SX 107150 0.993227
107166 SX 107171 0.002214
107166 SX 107188 0.002211
107166 SX 107189 0.002211
107166 SX 107149 0.000001
107166 RZPI 107166 1.000000
107166 RZ3PI 107167 1.000000
107166 RZPIHalf 107295 1.000000
107166 S 107297 1.000000
107166 X 107163 0.993227
107166 X 107164 0.002214
107166 X 107166 0.002211
107166 X 107167 0.002211
107167 SX 107189 0.993227
107167 SX 107188 0.002214
107167 SX 107171 0.002211
107167 SX 107150 0.002211
107167 SX 107149 0.000001
107167 RZPI 107167 1.000000
107167 RZ3PI 107166 1.000000
107167 RZPIHalf 107297 1.000000
107167 S 107295 1.000000
107167 X 107164 0.993227
107167 X 107163 0.002214
107167 X 107167 0.002211
107167 X 107166 0.002211
107171 SX 107167 0.993227
107171 SX 107166 0.002214
107171 SX 107164 0.002211
107171 SX 107163 0.002211
107171 RZPI 107171 1.000000
107171 RZ3PI 107150 1.000000
107171 RZPIHalf 107175 1.000000
107171 S 107173 1.000000
107171 X 107189 0.993227
107171 X 107188 0.002214
107171 X 107171 0.002211
107171 X 107150 0.002211
107171 X 107149 0.000001
107173 SX 107409 0.993227
107173 SX 107410 0.002214
107173 SX 107412 0.002211
107173 SX 107413 0.002211
107173 RZPI 107173 1.000000
107173 RZ3PI 107175 1.000000
107173 RZPIHalf 107171 1.000000
107173 S 107150 1.000000
107173 X 107431 0.993227
107173 X 107432 0.002214
107173 X 107149 0.000136
107173 X 107173 0.002211
107173 X 107175 0.002211
107175 SX 107413 0.993227
107175 SX 107412 0.002214
107175 SX 107410 0.002211
107175 SX 107409 0.002211
107175 RZPI 107175 1.000000
107175 RZ3PI 107173 1.000000
107175 RZPIHalf 107150 1.000000
107175 S 107171 1.000000
107175 X 107432 0.993227
107175 X 107431 0.002214
107175 X 107149 0.000136
107175 X 107175 0.002211
107175 X 107173 0.002211
107188 SX 107166 0.993227
107188 SX 107167 0.002214
107188 SX 107163 0.002211
107188 SX 107164 0.002211
107188 RZPI 107188 1.000000
107188 RZ3PI 107189 1.000000
107188 RZPIHalf 107432 1.000000
107188 S 107431 1.000000
107188 X 107150 0.993227
107188 X 107171 0.002214
107188 X 107188 0.002211
107188 X 107189 0.002211
107188 X 107149 0.000001
107189 SX 107164 0.993227
107189 SX 107163 0.002214
107189 SX 107167 0.002211
107189 SX 107166 0.002211
107189 RZPI 107189 1.000000
107189 RZ3PI 107188 1.000000
107189 RZPIHalf 107431 1.000000
107189 S 107432 1.000000
107189 X 107171 0.993227
107189 X 107150 0.002214
107189 X 107189 0.002211
107189 X 107188 0.002211
107206 SX 107591 0.993227
107206 SX 107592 0.002214
107206 SX 107593 0.002211
107206 SX 107594 0.002211
107206 RZPI 107206 1.000000
107206 RZ3PI 107208 1.000000
107206 RZPIHalf 107164 1.000000
107206 S 107163 1.000000
107206 X 107297 0.993227
107206 X 107295 0.002214
107206 X 107206 0.002211
107206 X 107208 0.002211
107208 SX 107594 0.993227
107208 SX 107593 0.002214
107208 SX 107592 0.002211
107208 SX 107591 0.002211
107208 RZPI 107208 1.000000
107208 RZ3PI 107206 1.000000
107208 RZPIHalf 107163 1.000000
107208 S 107164 1.000000
107208 X 107295 0.993227
107208 X 107297 0.002214
107208 X 107208 0.002211
107208 X 107206 0.002211
107295 SX 107592 0.993227
107295 SX 107591 0.002214
107295 SX 107594 0.002211
107295 SX 107593 0.002211
107295 RZPI 107295 1.000000
107295 RZ3PI 107297 1.000000
107295 RZPIHalf 107167 1.000000
107295 S 107166 1.000000
107295 X 107208 0.993227
107295 X 107206 0.002214
107295 X 107295 0.002211
107295 X 107297 0.002211
107297 SX 107593 0.993227
107297 SX 107594 0.002214
107297 SX 107591 0.002211
107297 SX 107592 0.002211
107297 RZPI 107297 1.000000
107297 RZ3PI 107295 1.000000
107297 RZPIHalf 107166 1.000000
107297 S 107167 1.000000
107297 X 107206 0.993227
107297 X 107208 0.002214
107297 X 107297 0.002211
107297 X 107295 0.002211
107409 SX 107431 0.993227
107409 SX 107432 0.002214
107409 SX 107149 0.000136
107409 SX 107173 0.002211
107409 SX 107175 0.002211
107409 RZPI 107409 1.000000
107409 RZ3PI 107410 1.000000
107409 RZPIHalf 107591 1.000000
107409 S 107592 1.000000
107409 X 107412 0.993227
107409 X 107413 0.002214
107409 X 107409 0.002211
107409 X 107410 0.002211
107410 SX 107175 0.993227
107410 SX 107173 0.002214
107410 SX 107432 0.002211
107410 SX 107431 0.002211
107410 SX 107149 0.000001
107410 RZPI 107410 1.000000
107410 RZ3PI 107409 1.000000
107410 RZPIHalf 107592 1.000000
107410 S 107591 1.000000
107410 X 107413 0.993227
107410 X 107412 0.002214
107410 X 107410 0.002211
107410 X 107409 0.002211
107412 SX 107173 0.993227
107412 SX 107175 0.002214
107412 SX 107431 0.002211
107412 SX 107432 0.002211
107412 RZPI 107412 1.000000
107412 RZ3PI 107413 1.000000
107412 RZPIHalf 107594 1.000000
107412 S 107593 1.000000
107412 X 107409 0.993227
107412 X 107410 0.002214
107412 X 107412 0.002211
107412 X 107413 0.002211
107413 SX 107432 0.993227
107413 SX 107431 0.002214
107413 SX 107149 0.000136
107413 SX 107175 0.002211
107413 SX 107173 0.002211
107413 RZPI 107413 1.000000
107413 RZ3PI 107412 1.000000
107413 RZPIHalf 107593 1.000000
107413 S 107594 1.000000
107413 X 107410 0.993227
107413 X 107409 0.002214
107413 X 107413 0.002211
107413 X 107412 0.002211
107431 SX 107412 0.993227
107431 SX 107413 0.002214
107431 SX 107409 0.002211
107431 SX 107410 0.002211
107431 RZPI 107431 1.000000
107431 RZ3PI 107432 1.000000
107431 RZPIHalf 107188 1.000000
107431 S 107189 1.000000
107431 X 107173 0.993227
107431 X 107175 0.002214
107431 X 107149 0.000136
107431 X 107431 0.002211
107431 X 107432 0.002211
107432 SX 107410 0.993227
107432 SX 107409 0.002214
107432 SX 107413 0.002211
107432 SX 107412 0.002211
107432 RZPI 107432 1.000000
107432 RZ3PI 107431 1.000000
107432 RZPIHalf 107189 1.000000
107432 S 107188 1.000000
107432 X 107175 0.993227
107432 X 107173 0.002214
107432 X 107432 0.002211
107432 X 107431 0.002211
107432 X 107149 0.000001
107560 SX 107578 0.995441
107560 SX 107149 0.004559
107560 RZPI 107560 1.000000
107560 RZ3PI 107561 1.000000
107560 RZPIHalf 108198 1.000000
107560 S 108200 1.000000
107560 X 107561 0.995438
107560 X 107560 0.004425
107560 X 107149 0.000137
107561 SX 107149 0.995578
107561 SX 107578 0.004422
107561 RZPI 107561 1.000000
107561 RZ3PI 107560 1.000000
107561 RZPIHalf 108200 1.000000
107561 S 108198 1.000000
107561 X 107560 0.995438
107561 X 107561 0.004425
107561 X 107149 0.000137
107578 SX 107561 0.995438
107578 SX 107560 0.004425
107578 SX 107149 0.000137
107578 RZPI 107578 1.000000
107578 RZ3PI 107578 1.000000
107578 RZPIHalf 107578 1.000000
107578 S 107578 1.000000
107578 X 107149 0.995578
107578 X 107578 0.004422
107591 SX 107297 0.993227
107591 SX 107295 0.002214
107591 SX 107206 0.002211
107591 SX 107208 0.002211
107591 RZPI 107591 1.000000
107591 RZ3PI 107592 1.000000
107591 RZPIHalf 107410 1.000000
107591 S 107409 1.000000
107591 X 107593 0.993227
107591 X 107594 0.002214
107591 X 107591 0.002211
107591 X 107592 0.002211
107592 SX 107208 0.993227
107592 SX 107206 0.002214
107592 SX 107295 0.002211
107592 SX 107297 0.002211
107592 RZPI 107592 1.000000
107592 RZ3PI 107591 1.000000
107592 RZPIHalf 107409 1.000000
107592 S 107410 1.000000
107592 X 107594 0.993227
107592 X 107593 0.002214
107592 X 107592 0.002211
107592 X 107591 0.002211
107593 SX 107206 0.993227
107593 SX 107208 0.002214
107593 SX 107297 0.002211
107593 SX 107295 0.002211
107593 RZPI 107593 1.000000
107593 RZ3PI 107594 1.000000
107593 RZPIHalf 107412 1.000000
107593 S 107413 1.000000
107593 X 107591 0.993227
107593 X 107592 0.002214
107593 X 107593 0.002211
107593 X 107594 0.002211
107594 SX 107295 0.993227
107594 SX 107297 0.002214
107594 SX 107208 0.002211
107594 SX 107206 0.002211
107594 RZPI 107594 1.000000
107594 RZ3PI 107593 1.000000
107594 RZPIHalf 107413 1.000000
107594 S 107412 1.000000
107594 X 107592 0.993227
107594 X 107591 0.002214
107594 X 107594 0.002211
107594 X 107593 0.002211
108198 SX 108198 0.995438
108198 SX 108200 0.004425
108198 SX 107149 0.000137
108198 RZPI 108198 1.000000
108198 RZ3PI 108200 1.000000
108198 RZPIHalf 107561 1.000000
108198 S 107560 1.000000
108198 X 108198 0.995438
108198 X 108200 0.004425
108198 X 107149 0.000137
108200 SX 108200 0.995438
108200 SX 108198 0.004425
108200 SX 107149 0.000137
108200 RZPI 108200 1.000000
108200 RZ3PI 108198 1.000000
108200 RZPIHalf 107560 1.000000
108200 S 107561 1.000000
108200 X 108200 0.995438
108200 X 108198 0.004425
108200 X 107149 0.000137
ENDPOMDP
