BEGINPOMDP
INITIALSTATE: 2381
STATES: 2437,2439,3344,3346,2610,2611,2613,2614,2632,2633,2761,2762,2381,2382,2395,2396,2779,2526,2398,2528,2399,2402,2404,2406,2792,2793,2794,2795,2419,2420
REWARDS: 2437:0,2439:0,3344:0,3346:0,2610:0,2611:0,2613:0,2614:0,2632:0,2633:0,2761:0,2762:0,2381:0,2382:0,2395:0,2396:0,2779:0,2526:0,2398:0,2528:0,2399:0,2402:0,2404:0,2406:0,2792:0,2793:0,2794:0,2795:0,2419:0,2420:1
GAMMA: 2437:0,2439:0,3344:0,3346:0,2610:0,2611:0,2613:0,2614:0,2632:0,2633:0,2761:0,2762:0,2381:0,2382:0,2395:0,2396:0,2779:0,2526:0,2398:0,2528:0,2399:0,2402:0,2404:0,2406:0,2792:0,2793:0,2794:0,2795:0,2419:0,2420:0
BEGINACTIONS
SX
RZPI
RZ3PI
RZPIHalf
S
X
ENDACTIONS
2381 INIT_ 2382 1.000000
2381 SX 2761 0.999258
2381 SX 2762 0.000546
2381 SX 2381 0.000197
2381 RZPI 2381 1.000000
2381 RZ3PI 2381 1.000000
2381 RZPIHalf 2381 1.000000
2381 S 2381 1.000000
2381 X 2779 0.999588
2381 X 2381 0.000412
2382 SX 2395 0.999150
2382 SX 2396 0.000438
2382 SX 2398 0.000107
2382 SX 2399 0.000107
2382 RZPI 2382 1.000000
2382 RZ3PI 2402 1.000000
2382 RZPIHalf 2404 1.000000
2382 S 2406 1.000000
2382 X 2419 0.999150
2382 X 2420 0.000438
2382 X 2382 0.000107
2382 X 2402 0.000107
2382 X 2381 0.000000
2395 SX 2419 0.999150
2395 SX 2420 0.000438
2395 SX 2381 0.000197
2395 SX 2382 0.000107
2395 SX 2402 0.000107
2395 RZPI 2395 1.000000
2395 RZ3PI 2396 1.000000
2395 RZPIHalf 2437 1.000000
2395 S 2439 1.000000
2395 X 2398 0.999150
2395 X 2399 0.000438
2395 X 2395 0.000107
2395 X 2396 0.000107
2396 SX 2402 0.999150
2396 SX 2382 0.000438
2396 SX 2420 0.000107
2396 SX 2419 0.000107
2396 SX 2381 0.000000
2396 RZPI 2396 1.000000
2396 RZ3PI 2395 1.000000
2396 RZPIHalf 2439 1.000000
2396 S 2437 1.000000
2396 X 2399 0.999150
2396 X 2398 0.000438
2396 X 2396 0.000107
2396 X 2395 0.000107
2398 SX 2382 0.999150
2398 SX 2402 0.000438
2398 SX 2381 0.000197
2398 SX 2419 0.000107
2398 SX 2420 0.000107
2398 RZPI 2398 1.000000
2398 RZ3PI 2399 1.000000
2398 RZPIHalf 2526 1.000000
2398 S 2528 1.000000
2398 X 2395 0.999150
2398 X 2396 0.000438
2398 X 2398 0.000107
2398 X 2399 0.000107
2399 SX 2420 0.999150
2399 SX 2419 0.000438
2399 SX 2381 0.000197
2399 SX 2402 0.000107
2399 SX 2382 0.000107
2399 RZPI 2399 1.000000
2399 RZ3PI 2398 1.000000
2399 RZPIHalf 2528 1.000000
2399 S 2526 1.000000
2399 X 2396 0.999150
2399 X 2395 0.000438
2399 X 2399 0.000107
2399 X 2398 0.000107
2402 SX 2399 0.999150
2402 SX 2398 0.000438
2402 SX 2396 0.000107
2402 SX 2395 0.000107
2402 RZPI 2402 1.000000
2402 RZ3PI 2382 1.000000
2402 RZPIHalf 2406 1.000000
2402 S 2404 1.000000
2402 X 2420 0.999150
2402 X 2419 0.000438
2402 X 2402 0.000107
2402 X 2382 0.000107
2402 X 2381 0.000000
2404 SX 2610 0.999150
2404 SX 2611 0.000438
2404 SX 2613 0.000107
2404 SX 2614 0.000107
2404 RZPI 2404 1.000000
2404 RZ3PI 2406 1.000000
2404 RZPIHalf 2402 1.000000
2404 S 2382 1.000000
2404 X 2632 0.999150
2404 X 2633 0.000438
2404 X 2381 0.000197
2404 X 2404 0.000107
2404 X 2406 0.000107
2406 SX 2614 0.999150
2406 SX 2613 0.000438
2406 SX 2611 0.000107
2406 SX 2610 0.000107
2406 RZPI 2406 1.000000
2406 RZ3PI 2404 1.000000
2406 RZPIHalf 2382 1.000000
2406 S 2402 1.000000
2406 X 2633 0.999150
2406 X 2632 0.000438
2406 X 2406 0.000107
2406 X 2404 0.000107
2406 X 2381 0.000000
2419 SX 2398 0.999150
2419 SX 2399 0.000438
2419 SX 2395 0.000107
2419 SX 2396 0.000107
2419 RZPI 2419 1.000000
2419 RZ3PI 2420 1.000000
2419 RZPIHalf 2633 1.000000
2419 S 2632 1.000000
2419 X 2382 0.999150
2419 X 2402 0.000438
2419 X 2419 0.000107
2419 X 2420 0.000107
2419 X 2381 0.000000
2420 SX 2396 0.999150
2420 SX 2395 0.000438
2420 SX 2399 0.000107
2420 SX 2398 0.000107
2420 RZPI 2420 1.000000
2420 RZ3PI 2419 1.000000
2420 RZPIHalf 2632 1.000000
2420 S 2633 1.000000
2420 X 2402 0.999150
2420 X 2382 0.000438
2420 X 2420 0.000107
2420 X 2419 0.000107
2420 X 2381 0.000000
2437 SX 2792 0.999150
2437 SX 2793 0.000438
2437 SX 2794 0.000107
2437 SX 2795 0.000107
2437 RZPI 2437 1.000000
2437 RZ3PI 2439 1.000000
2437 RZPIHalf 2396 1.000000
2437 S 2395 1.000000
2437 X 2528 0.999150
2437 X 2526 0.000438
2437 X 2437 0.000107
2437 X 2439 0.000107
2439 SX 2795 0.999150
2439 SX 2794 0.000438
2439 SX 2793 0.000107
2439 SX 2792 0.000107
2439 RZPI 2439 1.000000
2439 RZ3PI 2437 1.000000
2439 RZPIHalf 2395 1.000000
2439 S 2396 1.000000
2439 X 2526 0.999150
2439 X 2528 0.000438
2439 X 2439 0.000107
2439 X 2437 0.000107
2526 SX 2793 0.999150
2526 SX 2792 0.000438
2526 SX 2795 0.000107
2526 SX 2794 0.000107
2526 RZPI 2526 1.000000
2526 RZ3PI 2528 1.000000
2526 RZPIHalf 2399 1.000000
2526 S 2398 1.000000
2526 X 2439 0.999150
2526 X 2437 0.000438
2526 X 2526 0.000107
2526 X 2528 0.000107
2528 SX 2794 0.999150
2528 SX 2795 0.000438
2528 SX 2792 0.000107
2528 SX 2793 0.000107
2528 RZPI 2528 1.000000
2528 RZ3PI 2526 1.000000
2528 RZPIHalf 2398 1.000000
2528 S 2399 1.000000
2528 X 2437 0.999150
2528 X 2439 0.000438
2528 X 2528 0.000107
2528 X 2526 0.000107
2610 SX 2632 0.999150
2610 SX 2633 0.000438
2610 SX 2381 0.000197
2610 SX 2404 0.000107
2610 SX 2406 0.000107
2610 RZPI 2610 1.000000
2610 RZ3PI 2611 1.000000
2610 RZPIHalf 2792 1.000000
2610 S 2793 1.000000
2610 X 2613 0.999150
2610 X 2614 0.000438
2610 X 2610 0.000107
2610 X 2611 0.000107
2611 SX 2406 0.999150
2611 SX 2404 0.000438
2611 SX 2381 0.000197
2611 SX 2633 0.000107
2611 SX 2632 0.000107
2611 RZPI 2611 1.000000
2611 RZ3PI 2610 1.000000
2611 RZPIHalf 2793 1.000000
2611 S 2792 1.000000
2611 X 2614 0.999150
2611 X 2613 0.000438
2611 X 2611 0.000107
2611 X 2610 0.000107
2613 SX 2404 0.999150
2613 SX 2406 0.000438
2613 SX 2381 0.000197
2613 SX 2632 0.000107
2613 SX 2633 0.000107
2613 RZPI 2613 1.000000
2613 RZ3PI 2614 1.000000
2613 RZPIHalf 2795 1.000000
2613 S 2794 1.000000
2613 X 2610 0.999150
2613 X 2611 0.000438
2613 X 2613 0.000107
2613 X 2614 0.000107
2614 SX 2633 0.999150
2614 SX 2632 0.000438
2614 SX 2381 0.000197
2614 SX 2406 0.000107
2614 SX 2404 0.000107
2614 RZPI 2614 1.000000
2614 RZ3PI 2613 1.000000
2614 RZPIHalf 2794 1.000000
2614 S 2795 1.000000
2614 X 2611 0.999150
2614 X 2610 0.000438
2614 X 2614 0.000107
2614 X 2613 0.000107
2632 SX 2613 0.999150
2632 SX 2614 0.000438
2632 SX 2610 0.000107
2632 SX 2611 0.000107
2632 RZPI 2632 1.000000
2632 RZ3PI 2633 1.000000
2632 RZPIHalf 2419 1.000000
2632 S 2420 1.000000
2632 X 2404 0.999150
2632 X 2406 0.000438
2632 X 2632 0.000107
2632 X 2633 0.000107
2632 X 2381 0.000000
2633 SX 2611 0.999150
2633 SX 2610 0.000438
2633 SX 2614 0.000107
2633 SX 2613 0.000107
2633 RZPI 2633 1.000000
2633 RZ3PI 2632 1.000000
2633 RZPIHalf 2420 1.000000
2633 S 2419 1.000000
2633 X 2406 0.999150
2633 X 2404 0.000438
2633 X 2633 0.000107
2633 X 2632 0.000107
2761 SX 2779 0.999588
2761 SX 2381 0.000412
2761 RZPI 2761 1.000000
2761 RZ3PI 2762 1.000000
2761 RZPIHalf 3344 1.000000
2761 S 3346 1.000000
2761 X 2762 0.999258
2761 X 2761 0.000546
2761 X 2381 0.000197
2762 SX 2381 0.999785
2762 SX 2779 0.000215
2762 RZPI 2762 1.000000
2762 RZ3PI 2761 1.000000
2762 RZPIHalf 3346 1.000000
2762 S 3344 1.000000
2762 X 2761 0.999258
2762 X 2762 0.000546
2762 X 2381 0.000197
2779 SX 2762 0.999258
2779 SX 2761 0.000546
2779 SX 2381 0.000197
2779 RZPI 2779 1.000000
2779 RZ3PI 2779 1.000000
2779 RZPIHalf 2779 1.000000
2779 S 2779 1.000000
2779 X 2381 0.999785
2779 X 2779 0.000215
2792 SX 2528 0.999150
2792 SX 2526 0.000438
2792 SX 2437 0.000107
2792 SX 2439 0.000107
2792 RZPI 2792 1.000000
2792 RZ3PI 2793 1.000000
2792 RZPIHalf 2611 1.000000
2792 S 2610 1.000000
2792 X 2794 0.999150
2792 X 2795 0.000438
2792 X 2792 0.000107
2792 X 2793 0.000107
2793 SX 2439 0.999150
2793 SX 2437 0.000438
2793 SX 2526 0.000107
2793 SX 2528 0.000107
2793 RZPI 2793 1.000000
2793 RZ3PI 2792 1.000000
2793 RZPIHalf 2610 1.000000
2793 S 2611 1.000000
2793 X 2795 0.999150
2793 X 2794 0.000438
2793 X 2793 0.000107
2793 X 2792 0.000107
2794 SX 2437 0.999150
2794 SX 2439 0.000438
2794 SX 2528 0.000107
2794 SX 2526 0.000107
2794 RZPI 2794 1.000000
2794 RZ3PI 2795 1.000000
2794 RZPIHalf 2613 1.000000
2794 S 2614 1.000000
2794 X 2792 0.999150
2794 X 2793 0.000438
2794 X 2794 0.000107
2794 X 2795 0.000107
2795 SX 2526 0.999150
2795 SX 2528 0.000438
2795 SX 2439 0.000107
2795 SX 2437 0.000107
2795 RZPI 2795 1.000000
2795 RZ3PI 2794 1.000000
2795 RZPIHalf 2614 1.000000
2795 S 2613 1.000000
2795 X 2793 0.999150
2795 X 2792 0.000438
2795 X 2795 0.000107
2795 X 2794 0.000107
3344 SX 3344 0.999258
3344 SX 3346 0.000546
3344 SX 2381 0.000197
3344 RZPI 3344 1.000000
3344 RZ3PI 3346 1.000000
3344 RZPIHalf 2762 1.000000
3344 S 2761 1.000000
3344 X 3344 0.999258
3344 X 3346 0.000546
3344 X 2381 0.000197
3346 SX 3346 0.999258
3346 SX 3344 0.000546
3346 SX 2381 0.000197
3346 RZPI 3346 1.000000
3346 RZ3PI 3344 1.000000
3346 RZPIHalf 2761 1.000000
3346 S 2762 1.000000
3346 X 3346 0.999258
3346 X 3344 0.000546
3346 X 2381 0.000197
ENDPOMDP
