BEGINPOMDP
INITIALSTATE: 281473
STATES: 281473,281474,281478,281479,281606,281607,281483,281485,281487,281615,281491,281492,281620,281619,281628,281500,281629,281502,281633,281506,281507,281634,281545,281546,281555,281556,281560,281561,281831,281833
REWARDS: 281473:0,281474:0,281478:0,281479:0,281606:0,281607:0,281483:0,281485:0,281487:0,281615:0,281491:0,281492:1,281620:0,281619:0,281628:0,281500:0,281629:0,281502:0,281633:0,281506:0,281507:0,281634:0,281545:0,281546:0,281555:0,281556:0,281560:0,281561:0,281831:0,281833:0
GAMMA: 281473:0,281474:0,281478:0,281479:0,281606:0,281607:0,281483:0,281485:0,281487:0,281615:0,281491:0,281492:0,281620:0,281619:0,281628:0,281500:0,281629:0,281502:0,281633:0,281506:0,281507:0,281634:0,281545:0,281546:0,281555:0,281556:0,281560:0,281561:0,281831:0,281833:0
BEGINACTIONS
SX
RZPI
RZ3PI
RZPIHalf
S
X
ENDACTIONS
281473 INIT_ 281474 1.000000
281473 SX 281606 0.998488
281473 SX 281607 0.000999
281473 SX 281473 0.000513
281473 RZPI 281473 1.000000
281473 RZ3PI 281473 1.000000
281473 RZPIHalf 281473 1.000000
281473 S 281473 1.000000
281473 X 281615 0.999487
281473 X 281473 0.000513
281474 SX 281478 0.998488
281474 SX 281479 0.000999
281474 RZPI 281474 1.000000
281474 RZ3PI 281483 1.000000
281474 RZPIHalf 281485 1.000000
281474 S 281487 1.000000
281474 X 281491 0.998488
281474 X 281492 0.000999
281478 SX 281491 0.998488
281478 SX 281492 0.000999
281478 SX 281473 0.000513
281478 RZPI 281478 1.000000
281478 RZ3PI 281479 1.000000
281478 RZPIHalf 281500 1.000000
281478 S 281502 1.000000
281478 X 281506 0.998488
281478 X 281507 0.000999
281479 SX 281483 0.998488
281479 SX 281474 0.000999
281479 RZPI 281479 1.000000
281479 RZ3PI 281478 1.000000
281479 RZPIHalf 281502 1.000000
281479 S 281500 1.000000
281479 X 281507 0.998488
281479 X 281506 0.000999
281483 SX 281507 0.998488
281483 SX 281506 0.000999
281483 RZPI 281483 1.000000
281483 RZ3PI 281474 1.000000
281483 RZPIHalf 281487 1.000000
281483 S 281485 1.000000
281483 X 281492 0.998488
281483 X 281491 0.000999
281483 X 281473 0.000513
281485 SX 281545 0.998488
281485 SX 281546 0.000999
281485 RZPI 281485 1.000000
281485 RZ3PI 281487 1.000000
281485 RZPIHalf 281483 1.000000
281485 S 281474 1.000000
281485 X 281555 0.998488
281485 X 281556 0.000999
281485 X 281473 0.000513
281487 SX 281560 0.998488
281487 SX 281561 0.000999
281487 RZPI 281487 1.000000
281487 RZ3PI 281485 1.000000
281487 RZPIHalf 281474 1.000000
281487 S 281483 1.000000
281487 X 281556 0.998488
281487 X 281555 0.000999
281491 SX 281506 0.998488
281491 SX 281507 0.000999
281491 RZPI 281491 1.000000
281491 RZ3PI 281492 1.000000
281491 RZPIHalf 281556 1.000000
281491 S 281555 1.000000
281491 X 281474 0.998488
281491 X 281483 0.000999
281491 X 281473 0.000513
281492 SX 281479 0.998488
281492 SX 281478 0.000999
281492 RZPI 281492 1.000000
281492 RZ3PI 281491 1.000000
281492 RZPIHalf 281555 1.000000
281492 S 281556 1.000000
281492 X 281483 0.998488
281492 X 281474 0.000999
281492 X 281473 0.000513
281500 SX 281619 0.998488
281500 SX 281620 0.000999
281500 RZPI 281500 1.000000
281500 RZ3PI 281502 1.000000
281500 RZPIHalf 281479 1.000000
281500 S 281478 1.000000
281500 X 281628 0.998488
281500 X 281629 0.000999
281502 SX 281633 0.998488
281502 SX 281634 0.000999
281502 RZPI 281502 1.000000
281502 RZ3PI 281500 1.000000
281502 RZPIHalf 281478 1.000000
281502 S 281479 1.000000
281502 X 281629 0.998488
281502 X 281628 0.000999
281506 SX 281474 0.998488
281506 SX 281483 0.000999
281506 SX 281473 0.000513
281506 RZPI 281506 1.000000
281506 RZ3PI 281507 1.000000
281506 RZPIHalf 281629 1.000000
281506 S 281628 1.000000
281506 X 281478 0.998488
281506 X 281479 0.000999
281507 SX 281492 0.998488
281507 SX 281491 0.000999
281507 SX 281473 0.000513
281507 RZPI 281507 1.000000
281507 RZ3PI 281506 1.000000
281507 RZPIHalf 281628 1.000000
281507 S 281629 1.000000
281507 X 281479 0.998488
281507 X 281478 0.000999
281545 SX 281555 0.998488
281545 SX 281556 0.000999
281545 SX 281473 0.000513
281545 RZPI 281545 1.000000
281545 RZ3PI 281546 1.000000
281545 RZPIHalf 281619 1.000000
281545 S 281620 1.000000
281545 X 281561 0.998488
281545 X 281560 0.000999
281546 SX 281487 0.998488
281546 SX 281485 0.000999
281546 RZPI 281546 1.000000
281546 RZ3PI 281545 1.000000
281546 RZPIHalf 281620 1.000000
281546 S 281619 1.000000
281546 X 281560 0.998488
281546 X 281561 0.000999
281555 SX 281561 0.998488
281555 SX 281560 0.000999
281555 RZPI 281555 1.000000
281555 RZ3PI 281556 1.000000
281555 RZPIHalf 281491 1.000000
281555 S 281492 1.000000
281555 X 281485 0.998488
281555 X 281487 0.000999
281555 X 281473 0.000513
281556 SX 281546 0.998488
281556 SX 281545 0.000999
281556 RZPI 281556 1.000000
281556 RZ3PI 281555 1.000000
281556 RZPIHalf 281492 1.000000
281556 S 281491 1.000000
281556 X 281487 0.998488
281556 X 281485 0.000999
281556 X 281473 0.000513
281560 SX 281556 0.998488
281560 SX 281555 0.000999
281560 RZPI 281560 1.000000
281560 RZ3PI 281561 1.000000
281560 RZPIHalf 281634 1.000000
281560 S 281633 1.000000
281560 X 281546 0.998488
281560 X 281545 0.000999
281561 SX 281485 0.998488
281561 SX 281487 0.000999
281561 RZPI 281561 1.000000
281561 RZ3PI 281560 1.000000
281561 RZPIHalf 281633 1.000000
281561 S 281634 1.000000
281561 X 281545 0.998488
281561 X 281546 0.000999
281606 SX 281615 0.999487
281606 SX 281473 0.000513
281606 RZPI 281606 1.000000
281606 RZ3PI 281607 1.000000
281606 RZPIHalf 281831 1.000000
281606 S 281833 1.000000
281606 X 281607 0.998488
281606 X 281606 0.000999
281606 X 281473 0.000513
281607 SX 281473 1.000000
281607 RZPI 281607 1.000000
281607 RZ3PI 281606 1.000000
281607 RZPIHalf 281833 1.000000
281607 S 281831 1.000000
281607 X 281606 0.998488
281607 X 281607 0.000999
281607 X 281473 0.000513
281615 SX 281607 0.998488
281615 SX 281606 0.000999
281615 SX 281473 0.000513
281615 RZPI 281615 1.000000
281615 RZ3PI 281615 1.000000
281615 RZPIHalf 281615 1.000000
281615 S 281615 1.000000
281615 X 281473 1.000000
281619 SX 281628 0.998488
281619 SX 281629 0.000999
281619 RZPI 281619 1.000000
281619 RZ3PI 281620 1.000000
281619 RZPIHalf 281546 1.000000
281619 S 281545 1.000000
281619 X 281634 0.998488
281619 X 281633 0.000999
281620 SX 281502 0.998488
281620 SX 281500 0.000999
281620 RZPI 281620 1.000000
281620 RZ3PI 281619 1.000000
281620 RZPIHalf 281545 1.000000
281620 S 281546 1.000000
281620 X 281633 0.998488
281620 X 281634 0.000999
281628 SX 281634 0.998488
281628 SX 281633 0.000999
281628 RZPI 281628 1.000000
281628 RZ3PI 281629 1.000000
281628 RZPIHalf 281506 1.000000
281628 S 281507 1.000000
281628 X 281500 0.998488
281628 X 281502 0.000999
281629 SX 281620 0.998488
281629 SX 281619 0.000999
281629 RZPI 281629 1.000000
281629 RZ3PI 281628 1.000000
281629 RZPIHalf 281507 1.000000
281629 S 281506 1.000000
281629 X 281502 0.998488
281629 X 281500 0.000999
281633 SX 281629 0.998488
281633 SX 281628 0.000999
281633 RZPI 281633 1.000000
281633 RZ3PI 281634 1.000000
281633 RZPIHalf 281560 1.000000
281633 S 281561 1.000000
281633 X 281620 0.998488
281633 X 281619 0.000999
281634 SX 281500 0.998488
281634 SX 281502 0.000999
281634 RZPI 281634 1.000000
281634 RZ3PI 281633 1.000000
281634 RZPIHalf 281561 1.000000
281634 S 281560 1.000000
281634 X 281619 0.998488
281634 X 281620 0.000999
281831 SX 281831 0.998488
281831 SX 281833 0.000999
281831 SX 281473 0.000513
281831 RZPI 281831 1.000000
281831 RZ3PI 281833 1.000000
281831 RZPIHalf 281607 1.000000
281831 S 281606 1.000000
281831 X 281831 0.998488
281831 X 281833 0.000999
281831 X 281473 0.000513
281833 SX 281833 0.998488
281833 SX 281831 0.000999
281833 SX 281473 0.000513
281833 RZPI 281833 1.000000
281833 RZ3PI 281831 1.000000
281833 RZPIHalf 281606 1.000000
281833 S 281607 1.000000
281833 X 281833 0.998488
281833 X 281831 0.000999
281833 X 281473 0.000513
ENDPOMDP
