BEGINPOMDP
INITIALSTATE: 641
STATES: 641,642,901,902,904,905,655,656,658,659,787,789,663,665,1690,667,923,924,1052,1053,1692,680,681,1070,698,1083,700,1084,1085,1086
REWARDS: 641:0,642:0,901:0,902:0,904:0,905:0,655:0,656:0,658:0,659:0,787:0,789:0,663:0,665:0,1690:0,667:0,923:0,924:0,1052:0,1053:0,1692:0,680:0,681:1,1070:0,698:0,1083:0,700:0,1084:0,1085:0,1086:0
GAMMA: 641:0,642:0,901:0,902:0,904:0,905:0,655:0,656:0,658:0,659:0,787:0,789:0,663:0,665:0,1690:0,667:0,923:0,924:0,1052:0,1053:0,1692:0,680:0,681:0,1070:0,698:0,1083:0,700:0,1084:0,1085:0,1086:0
BEGINACTIONS
SX
RZPI
RZ3PI
RZPIHalf
S
X
ENDACTIONS
641 INIT_ 642 1.000000
641 SX 1052 0.993524
641 SX 1053 0.006095
641 SX 641 0.000380
641 RZPI 641 1.000000
641 RZ3PI 641 1.000000
641 RZPIHalf 641 1.000000
641 S 641 1.000000
641 X 1070 0.993583
641 X 641 0.006417
642 SX 655 0.990506
642 SX 656 0.003077
642 SX 658 0.003018
642 SX 659 0.003018
642 RZPI 642 1.000000
642 RZ3PI 663 1.000000
642 RZPIHalf 665 1.000000
642 S 667 1.000000
642 X 680 0.990506
642 X 681 0.003077
642 X 642 0.003018
642 X 663 0.003018
655 SX 680 0.990506
655 SX 681 0.003077
655 SX 641 0.000380
655 SX 642 0.003018
655 SX 663 0.003018
655 RZPI 655 1.000000
655 RZ3PI 656 1.000000
655 RZPIHalf 698 1.000000
655 S 700 1.000000
655 X 658 0.990506
655 X 659 0.003077
655 X 655 0.003018
655 X 656 0.003018
656 SX 663 0.990506
656 SX 642 0.003077
656 SX 641 0.000379
656 SX 681 0.003018
656 SX 680 0.003018
656 RZPI 656 1.000000
656 RZ3PI 655 1.000000
656 RZPIHalf 700 1.000000
656 S 698 1.000000
656 X 659 0.990506
656 X 658 0.003077
656 X 656 0.003018
656 X 655 0.003018
658 SX 642 0.990506
658 SX 663 0.003077
658 SX 680 0.003018
658 SX 681 0.003018
658 SX 641 0.000002
658 RZPI 658 1.000000
658 RZ3PI 659 1.000000
658 RZPIHalf 787 1.000000
658 S 789 1.000000
658 X 655 0.990506
658 X 656 0.003077
658 X 658 0.003018
658 X 659 0.003018
659 SX 681 0.990506
659 SX 680 0.003077
659 SX 663 0.003018
659 SX 642 0.003018
659 SX 641 0.000001
659 RZPI 659 1.000000
659 RZ3PI 658 1.000000
659 RZPIHalf 789 1.000000
659 S 787 1.000000
659 X 656 0.990506
659 X 655 0.003077
659 X 659 0.003018
659 X 658 0.003018
663 SX 659 0.990506
663 SX 658 0.003077
663 SX 656 0.003018
663 SX 655 0.003018
663 RZPI 663 1.000000
663 RZ3PI 642 1.000000
663 RZPIHalf 667 1.000000
663 S 665 1.000000
663 X 681 0.990506
663 X 680 0.003077
663 X 641 0.000378
663 X 663 0.003018
663 X 642 0.003018
665 SX 901 0.990506
665 SX 902 0.003077
665 SX 904 0.003018
665 SX 905 0.003018
665 RZPI 665 1.000000
665 RZ3PI 667 1.000000
665 RZPIHalf 663 1.000000
665 S 642 1.000000
665 X 923 0.990506
665 X 924 0.003077
665 X 665 0.003018
665 X 667 0.003018
665 X 641 0.000002
667 SX 905 0.990506
667 SX 904 0.003077
667 SX 902 0.003018
667 SX 901 0.003018
667 RZPI 667 1.000000
667 RZ3PI 665 1.000000
667 RZPIHalf 642 1.000000
667 S 663 1.000000
667 X 924 0.990506
667 X 923 0.003077
667 X 641 0.000378
667 X 667 0.003018
667 X 665 0.003018
680 SX 658 0.990506
680 SX 659 0.003077
680 SX 655 0.003018
680 SX 656 0.003018
680 RZPI 680 1.000000
680 RZ3PI 681 1.000000
680 RZPIHalf 924 1.000000
680 S 923 1.000000
680 X 642 0.990506
680 X 663 0.003077
680 X 641 0.000379
680 X 680 0.003018
680 X 681 0.003018
681 SX 656 0.990506
681 SX 655 0.003077
681 SX 659 0.003018
681 SX 658 0.003018
681 RZPI 681 1.000000
681 RZ3PI 680 1.000000
681 RZPIHalf 923 1.000000
681 S 924 1.000000
681 X 663 0.990506
681 X 642 0.003077
681 X 681 0.003018
681 X 680 0.003018
681 X 641 0.000003
698 SX 1083 0.990506
698 SX 1084 0.003077
698 SX 1085 0.003018
698 SX 1086 0.003018
698 RZPI 698 1.000000
698 RZ3PI 700 1.000000
698 RZPIHalf 656 1.000000
698 S 655 1.000000
698 X 789 0.990506
698 X 787 0.003077
698 X 698 0.003018
698 X 700 0.003018
700 SX 1086 0.990506
700 SX 1085 0.003077
700 SX 1084 0.003018
700 SX 1083 0.003018
700 RZPI 700 1.000000
700 RZ3PI 698 1.000000
700 RZPIHalf 655 1.000000
700 S 656 1.000000
700 X 787 0.990506
700 X 789 0.003077
700 X 700 0.003018
700 X 698 0.003018
787 SX 1084 0.990506
787 SX 1083 0.003077
787 SX 1086 0.003018
787 SX 1085 0.003018
787 RZPI 787 1.000000
787 RZ3PI 789 1.000000
787 RZPIHalf 659 1.000000
787 S 658 1.000000
787 X 700 0.990506
787 X 698 0.003077
787 X 787 0.003018
787 X 789 0.003018
789 SX 1085 0.990506
789 SX 1086 0.003077
789 SX 1083 0.003018
789 SX 1084 0.003018
789 RZPI 789 1.000000
789 RZ3PI 787 1.000000
789 RZPIHalf 658 1.000000
789 S 659 1.000000
789 X 698 0.990506
789 X 700 0.003077
789 X 789 0.003018
789 X 787 0.003018
901 SX 923 0.990506
901 SX 924 0.003077
901 SX 665 0.003018
901 SX 667 0.003018
901 SX 641 0.000002
901 RZPI 901 1.000000
901 RZ3PI 902 1.000000
901 RZPIHalf 1083 1.000000
901 S 1084 1.000000
901 X 904 0.990506
901 X 905 0.003077
901 X 901 0.003018
901 X 902 0.003018
902 SX 667 0.990506
902 SX 665 0.003077
902 SX 924 0.003018
902 SX 923 0.003018
902 SX 641 0.000002
902 RZPI 902 1.000000
902 RZ3PI 901 1.000000
902 RZPIHalf 1084 1.000000
902 S 1083 1.000000
902 X 905 0.990506
902 X 904 0.003077
902 X 902 0.003018
902 X 901 0.003018
904 SX 665 0.990506
904 SX 667 0.003077
904 SX 923 0.003018
904 SX 924 0.003018
904 SX 641 0.000001
904 RZPI 904 1.000000
904 RZ3PI 905 1.000000
904 RZPIHalf 1086 1.000000
904 S 1085 1.000000
904 X 901 0.990506
904 X 902 0.003077
904 X 904 0.003018
904 X 905 0.003018
905 SX 924 0.990506
905 SX 923 0.003077
905 SX 667 0.003018
905 SX 665 0.003018
905 SX 641 0.000002
905 RZPI 905 1.000000
905 RZ3PI 904 1.000000
905 RZPIHalf 1085 1.000000
905 S 1086 1.000000
905 X 902 0.990506
905 X 901 0.003077
905 X 905 0.003018
905 X 904 0.003018
923 SX 904 0.990506
923 SX 905 0.003077
923 SX 901 0.003018
923 SX 902 0.003018
923 RZPI 923 1.000000
923 RZ3PI 924 1.000000
923 RZPIHalf 680 1.000000
923 S 681 1.000000
923 X 665 0.990506
923 X 667 0.003077
923 X 923 0.003018
923 X 924 0.003018
924 SX 902 0.990506
924 SX 901 0.003077
924 SX 905 0.003018
924 SX 904 0.003018
924 RZPI 924 1.000000
924 RZ3PI 923 1.000000
924 RZPIHalf 681 1.000000
924 S 680 1.000000
924 X 667 0.990506
924 X 665 0.003077
924 X 924 0.003018
924 X 923 0.003018
924 X 641 0.000002
1052 SX 1070 0.993583
1052 SX 641 0.006417
1052 RZPI 1052 1.000000
1052 RZ3PI 1053 1.000000
1052 RZPIHalf 1690 1.000000
1052 S 1692 1.000000
1052 X 1053 0.993524
1052 X 1052 0.006095
1052 X 641 0.000380
1053 SX 641 0.993963
1053 SX 1070 0.006037
1053 RZPI 1053 1.000000
1053 RZ3PI 1052 1.000000
1053 RZPIHalf 1692 1.000000
1053 S 1690 1.000000
1053 X 1052 0.993524
1053 X 1053 0.006095
1053 X 641 0.000380
1070 SX 1053 0.993524
1070 SX 1052 0.006095
1070 SX 641 0.000380
1070 RZPI 1070 1.000000
1070 RZ3PI 1070 1.000000
1070 RZPIHalf 1070 1.000000
1070 S 1070 1.000000
1070 X 641 0.993963
1070 X 1070 0.006037
1083 SX 789 0.990506
1083 SX 787 0.003077
1083 SX 698 0.003018
1083 SX 700 0.003018
1083 RZPI 1083 1.000000
1083 RZ3PI 1084 1.000000
1083 RZPIHalf 902 1.000000
1083 S 901 1.000000
1083 X 1085 0.990506
1083 X 1086 0.003077
1083 X 1083 0.003018
1083 X 1084 0.003018
1084 SX 700 0.990506
1084 SX 698 0.003077
1084 SX 787 0.003018
1084 SX 789 0.003018
1084 RZPI 1084 1.000000
1084 RZ3PI 1083 1.000000
1084 RZPIHalf 901 1.000000
1084 S 902 1.000000
1084 X 1086 0.990506
1084 X 1085 0.003077
1084 X 1084 0.003018
1084 X 1083 0.003018
1085 SX 698 0.990506
1085 SX 700 0.003077
1085 SX 789 0.003018
1085 SX 787 0.003018
1085 RZPI 1085 1.000000
1085 RZ3PI 1086 1.000000
1085 RZPIHalf 904 1.000000
1085 S 905 1.000000
1085 X 1083 0.990506
1085 X 1084 0.003077
1085 X 1085 0.003018
1085 X 1086 0.003018
1086 SX 787 0.990506
1086 SX 789 0.003077
1086 SX 700 0.003018
1086 SX 698 0.003018
1086 RZPI 1086 1.000000
1086 RZ3PI 1085 1.000000
1086 RZPIHalf 905 1.000000
1086 S 904 1.000000
1086 X 1084 0.990506
1086 X 1083 0.003077
1086 X 1086 0.003018
1086 X 1085 0.003018
1690 SX 1690 0.993524
1690 SX 1692 0.006095
1690 SX 641 0.000380
1690 RZPI 1690 1.000000
1690 RZ3PI 1692 1.000000
1690 RZPIHalf 1053 1.000000
1690 S 1052 1.000000
1690 X 1690 0.993524
1690 X 1692 0.006095
1690 X 641 0.000380
1692 SX 1692 0.993524
1692 SX 1690 0.006095
1692 SX 641 0.000380
1692 RZPI 1692 1.000000
1692 RZ3PI 1690 1.000000
1692 RZPIHalf 1052 1.000000
1692 S 1053 1.000000
1692 X 1692 0.993524
1692 X 1690 0.006095
1692 X 641 0.000380
ENDPOMDP
