BEGINPOMDP
INITIALSTATE: 229249
STATES: 229249,229250,229509,229510,229512,229513,229263,229264,229266,229267,229395,229397,229271,229273,230298,229275,229531,229532,229660,229661,230300,229288,229289,229678,229306,229691,229308,229692,229693,229694
REWARDS: 229249:0,229250:0,229509:0,229510:0,229512:0,229513:0,229263:0,229264:0,229266:0,229267:0,229395:0,229397:0,229271:0,229273:0,230298:0,229275:0,229531:0,229532:0,229660:0,229661:0,230300:0,229288:0,229289:1,229678:0,229306:0,229691:0,229308:0,229692:0,229693:0,229694:0
GAMMA: 229249:0,229250:0,229509:0,229510:0,229512:0,229513:0,229263:0,229264:0,229266:0,229267:0,229395:0,229397:0,229271:0,229273:0,230298:0,229275:0,229531:0,229532:0,229660:0,229661:0,230300:0,229288:0,229289:0,229678:0,229306:0,229691:0,229308:0,229692:0,229693:0,229694:0
BEGINACTIONS
SX
RZPI
RZ3PI
RZPIHalf
S
X
ENDACTIONS
229249 INIT_ 229250 1.000000
229249 SX 229660 0.999730
229249 SX 229661 0.000125
229249 SX 229249 0.000145
229249 RZPI 229249 1.000000
229249 RZ3PI 229249 1.000000
229249 RZPIHalf 229249 1.000000
229249 S 229249 1.000000
229249 X 229678 0.999791
229249 X 229249 0.000209
229250 SX 229263 0.999698
229250 SX 229264 0.000093
229250 SX 229266 0.000032
229250 SX 229267 0.000032
229250 RZPI 229250 1.000000
229250 RZ3PI 229271 1.000000
229250 RZPIHalf 229273 1.000000
229250 S 229275 1.000000
229250 X 229288 0.999698
229250 X 229289 0.000093
229250 X 229250 0.000032
229250 X 229271 0.000032
229250 X 229249 0.000000
229263 SX 229288 0.999698
229263 SX 229289 0.000093
229263 SX 229249 0.000145
229263 SX 229250 0.000032
229263 SX 229271 0.000032
229263 RZPI 229263 1.000000
229263 RZ3PI 229264 1.000000
229263 RZPIHalf 229306 1.000000
229263 S 229308 1.000000
229263 X 229266 0.999698
229263 X 229267 0.000093
229263 X 229263 0.000032
229263 X 229264 0.000032
229264 SX 229271 0.999698
229264 SX 229250 0.000093
229264 SX 229249 0.000145
229264 SX 229289 0.000032
229264 SX 229288 0.000032
229264 RZPI 229264 1.000000
229264 RZ3PI 229263 1.000000
229264 RZPIHalf 229308 1.000000
229264 S 229306 1.000000
229264 X 229267 0.999698
229264 X 229266 0.000093
229264 X 229264 0.000032
229264 X 229263 0.000032
229266 SX 229250 0.999698
229266 SX 229271 0.000093
229266 SX 229288 0.000032
229266 SX 229289 0.000032
229266 RZPI 229266 1.000000
229266 RZ3PI 229267 1.000000
229266 RZPIHalf 229395 1.000000
229266 S 229397 1.000000
229266 X 229263 0.999698
229266 X 229264 0.000093
229266 X 229266 0.000032
229266 X 229267 0.000032
229267 SX 229289 0.999698
229267 SX 229288 0.000093
229267 SX 229249 0.000145
229267 SX 229271 0.000032
229267 SX 229250 0.000032
229267 RZPI 229267 1.000000
229267 RZ3PI 229266 1.000000
229267 RZPIHalf 229397 1.000000
229267 S 229395 1.000000
229267 X 229264 0.999698
229267 X 229263 0.000093
229267 X 229267 0.000032
229267 X 229266 0.000032
229271 SX 229267 0.999698
229271 SX 229266 0.000093
229271 SX 229264 0.000032
229271 SX 229263 0.000032
229271 RZPI 229271 1.000000
229271 RZ3PI 229250 1.000000
229271 RZPIHalf 229275 1.000000
229271 S 229273 1.000000
229271 X 229289 0.999698
229271 X 229288 0.000093
229271 X 229271 0.000032
229271 X 229250 0.000032
229271 X 229249 0.000000
229273 SX 229509 0.999698
229273 SX 229510 0.000093
229273 SX 229512 0.000032
229273 SX 229513 0.000032
229273 RZPI 229273 1.000000
229273 RZ3PI 229275 1.000000
229273 RZPIHalf 229271 1.000000
229273 S 229250 1.000000
229273 X 229531 0.999698
229273 X 229532 0.000093
229273 X 229249 0.000145
229273 X 229273 0.000032
229273 X 229275 0.000032
229275 SX 229513 0.999698
229275 SX 229512 0.000093
229275 SX 229510 0.000032
229275 SX 229509 0.000032
229275 RZPI 229275 1.000000
229275 RZ3PI 229273 1.000000
229275 RZPIHalf 229250 1.000000
229275 S 229271 1.000000
229275 X 229532 0.999698
229275 X 229531 0.000093
229275 X 229275 0.000032
229275 X 229273 0.000032
229275 X 229249 0.000000
229288 SX 229266 0.999698
229288 SX 229267 0.000093
229288 SX 229263 0.000032
229288 SX 229264 0.000032
229288 RZPI 229288 1.000000
229288 RZ3PI 229289 1.000000
229288 RZPIHalf 229532 1.000000
229288 S 229531 1.000000
229288 X 229250 0.999698
229288 X 229271 0.000093
229288 X 229288 0.000032
229288 X 229289 0.000032
229288 X 229249 0.000000
229289 SX 229264 0.999698
229289 SX 229263 0.000093
229289 SX 229267 0.000032
229289 SX 229266 0.000032
229289 RZPI 229289 1.000000
229289 RZ3PI 229288 1.000000
229289 RZPIHalf 229531 1.000000
229289 S 229532 1.000000
229289 X 229271 0.999698
229289 X 229250 0.000093
229289 X 229289 0.000032
229289 X 229288 0.000032
229289 X 229249 0.000000
229306 SX 229691 0.999698
229306 SX 229692 0.000093
229306 SX 229693 0.000032
229306 SX 229694 0.000032
229306 RZPI 229306 1.000000
229306 RZ3PI 229308 1.000000
229306 RZPIHalf 229264 1.000000
229306 S 229263 1.000000
229306 X 229397 0.999698
229306 X 229395 0.000093
229306 X 229306 0.000032
229306 X 229308 0.000032
229308 SX 229694 0.999698
229308 SX 229693 0.000093
229308 SX 229692 0.000032
229308 SX 229691 0.000032
229308 RZPI 229308 1.000000
229308 RZ3PI 229306 1.000000
229308 RZPIHalf 229263 1.000000
229308 S 229264 1.000000
229308 X 229395 0.999698
229308 X 229397 0.000093
229308 X 229308 0.000032
229308 X 229306 0.000032
229395 SX 229692 0.999698
229395 SX 229691 0.000093
229395 SX 229694 0.000032
229395 SX 229693 0.000032
229395 RZPI 229395 1.000000
229395 RZ3PI 229397 1.000000
229395 RZPIHalf 229267 1.000000
229395 S 229266 1.000000
229395 X 229308 0.999698
229395 X 229306 0.000093
229395 X 229395 0.000032
229395 X 229397 0.000032
229397 SX 229693 0.999698
229397 SX 229694 0.000093
229397 SX 229691 0.000032
229397 SX 229692 0.000032
229397 RZPI 229397 1.000000
229397 RZ3PI 229395 1.000000
229397 RZPIHalf 229266 1.000000
229397 S 229267 1.000000
229397 X 229306 0.999698
229397 X 229308 0.000093
229397 X 229397 0.000032
229397 X 229395 0.000032
229509 SX 229531 0.999698
229509 SX 229532 0.000093
229509 SX 229249 0.000145
229509 SX 229273 0.000032
229509 SX 229275 0.000032
229509 RZPI 229509 1.000000
229509 RZ3PI 229510 1.000000
229509 RZPIHalf 229691 1.000000
229509 S 229692 1.000000
229509 X 229512 0.999698
229509 X 229513 0.000093
229509 X 229509 0.000032
229509 X 229510 0.000032
229510 SX 229275 0.999698
229510 SX 229273 0.000093
229510 SX 229532 0.000032
229510 SX 229531 0.000032
229510 SX 229249 0.000000
229510 RZPI 229510 1.000000
229510 RZ3PI 229509 1.000000
229510 RZPIHalf 229692 1.000000
229510 S 229691 1.000000
229510 X 229513 0.999698
229510 X 229512 0.000093
229510 X 229510 0.000032
229510 X 229509 0.000032
229512 SX 229273 0.999698
229512 SX 229275 0.000093
229512 SX 229531 0.000032
229512 SX 229532 0.000032
229512 SX 229249 0.000000
229512 RZPI 229512 1.000000
229512 RZ3PI 229513 1.000000
229512 RZPIHalf 229694 1.000000
229512 S 229693 1.000000
229512 X 229509 0.999698
229512 X 229510 0.000093
229512 X 229512 0.000032
229512 X 229513 0.000032
229513 SX 229532 0.999698
229513 SX 229531 0.000093
229513 SX 229275 0.000032
229513 SX 229273 0.000032
229513 SX 229249 0.000000
229513 RZPI 229513 1.000000
229513 RZ3PI 229512 1.000000
229513 RZPIHalf 229693 1.000000
229513 S 229694 1.000000
229513 X 229510 0.999698
229513 X 229509 0.000093
229513 X 229513 0.000032
229513 X 229512 0.000032
229531 SX 229512 0.999698
229531 SX 229513 0.000093
229531 SX 229509 0.000032
229531 SX 229510 0.000032
229531 RZPI 229531 1.000000
229531 RZ3PI 229532 1.000000
229531 RZPIHalf 229288 1.000000
229531 S 229289 1.000000
229531 X 229273 0.999698
229531 X 229275 0.000093
229531 X 229531 0.000032
229531 X 229532 0.000032
229531 X 229249 0.000000
229532 SX 229510 0.999698
229532 SX 229509 0.000093
229532 SX 229513 0.000032
229532 SX 229512 0.000032
229532 RZPI 229532 1.000000
229532 RZ3PI 229531 1.000000
229532 RZPIHalf 229289 1.000000
229532 S 229288 1.000000
229532 X 229275 0.999698
229532 X 229273 0.000093
229532 X 229532 0.000032
229532 X 229531 0.000032
229532 X 229249 0.000000
229660 SX 229678 0.999791
229660 SX 229249 0.000209
229660 RZPI 229660 1.000000
229660 RZ3PI 229661 1.000000
229660 RZPIHalf 230298 1.000000
229660 S 230300 1.000000
229660 X 229661 0.999730
229660 X 229660 0.000125
229660 X 229249 0.000145
229661 SX 229249 0.999937
229661 SX 229678 0.000063
229661 RZPI 229661 1.000000
229661 RZ3PI 229660 1.000000
229661 RZPIHalf 230300 1.000000
229661 S 230298 1.000000
229661 X 229660 0.999730
229661 X 229661 0.000125
229661 X 229249 0.000145
229678 SX 229661 0.999730
229678 SX 229660 0.000125
229678 SX 229249 0.000145
229678 RZPI 229678 1.000000
229678 RZ3PI 229678 1.000000
229678 RZPIHalf 229678 1.000000
229678 S 229678 1.000000
229678 X 229249 0.999937
229678 X 229678 0.000063
229691 SX 229397 0.999698
229691 SX 229395 0.000093
229691 SX 229306 0.000032
229691 SX 229308 0.000032
229691 RZPI 229691 1.000000
229691 RZ3PI 229692 1.000000
229691 RZPIHalf 229510 1.000000
229691 S 229509 1.000000
229691 X 229693 0.999698
229691 X 229694 0.000093
229691 X 229691 0.000032
229691 X 229692 0.000032
229692 SX 229308 0.999698
229692 SX 229306 0.000093
229692 SX 229395 0.000032
229692 SX 229397 0.000032
229692 RZPI 229692 1.000000
229692 RZ3PI 229691 1.000000
229692 RZPIHalf 229509 1.000000
229692 S 229510 1.000000
229692 X 229694 0.999698
229692 X 229693 0.000093
229692 X 229692 0.000032
229692 X 229691 0.000032
229693 SX 229306 0.999698
229693 SX 229308 0.000093
229693 SX 229397 0.000032
229693 SX 229395 0.000032
229693 RZPI 229693 1.000000
229693 RZ3PI 229694 1.000000
229693 RZPIHalf 229512 1.000000
229693 S 229513 1.000000
229693 X 229691 0.999698
229693 X 229692 0.000093
229693 X 229693 0.000032
229693 X 229694 0.000032
229694 SX 229395 0.999698
229694 SX 229397 0.000093
229694 SX 229308 0.000032
229694 SX 229306 0.000032
229694 RZPI 229694 1.000000
229694 RZ3PI 229693 1.000000
229694 RZPIHalf 229513 1.000000
229694 S 229512 1.000000
229694 X 229692 0.999698
229694 X 229691 0.000093
229694 X 229694 0.000032
229694 X 229693 0.000032
230298 SX 230298 0.999730
230298 SX 230300 0.000125
230298 SX 229249 0.000145
230298 RZPI 230298 1.000000
230298 RZ3PI 230300 1.000000
230298 RZPIHalf 229661 1.000000
230298 S 229660 1.000000
230298 X 230298 0.999730
230298 X 230300 0.000125
230298 X 229249 0.000145
230300 SX 230300 0.999730
230300 SX 230298 0.000125
230300 SX 229249 0.000145
230300 RZPI 230300 1.000000
230300 RZ3PI 230298 1.000000
230300 RZPIHalf 229660 1.000000
230300 S 229661 1.000000
230300 X 230300 0.999730
230300 X 230298 0.000125
230300 X 229249 0.000145
ENDPOMDP
