BEGINPOMDP
INITIALSTATE: 108889
STATES: 108928,108929,109318,108946,109331,108948,109332,109333,109334,108889,108890,109149,109150,109152,109153,108903,108904,108906,108907,109035,109037,108911,108913,109938,109171,109172,108915,109300,109301,109940
REWARDS: 108928:0,108929:1,109318:0,108946:0,109331:0,108948:0,109332:0,109333:0,109334:0,108889:0,108890:0,109149:0,109150:0,109152:0,109153:0,108903:0,108904:0,108906:0,108907:0,109035:0,109037:0,108911:0,108913:0,109938:0,109171:0,109172:0,108915:0,109300:0,109301:0,109940:0
GAMMA: 108928:0,108929:0,109318:0,108946:0,109331:0,108948:0,109332:0,109333:0,109334:0,108889:0,108890:0,109149:0,109150:0,109152:0,109153:0,108903:0,108904:0,108906:0,108907:0,109035:0,109037:0,108911:0,108913:0,109938:0,109171:0,109172:0,108915:0,109300:0,109301:0,109940:0
BEGINACTIONS
SX
RZPI
RZ3PI
RZPIHalf
S
X
ENDACTIONS
108889 INIT_ 108890 1.000000
108889 SX 109300 0.880993
108889 SX 109301 0.118674
108889 SX 108889 0.000333
108889 RZPI 108889 1.000000
108889 RZ3PI 108889 1.000000
108889 RZPIHalf 108889 1.000000
108889 S 108889 1.000000
108889 X 109318 0.881269
108889 X 108889 0.118731
108890 SX 108903 0.821794
108890 SX 108904 0.059475
108890 SX 108906 0.059199
108890 SX 108907 0.059199
108890 RZPI 108890 1.000000
108890 RZ3PI 108911 1.000000
108890 RZPIHalf 108913 1.000000
108890 S 108915 1.000000
108890 X 108928 0.821794
108890 X 108929 0.059475
108890 X 108890 0.059199
108890 X 108911 0.059199
108890 X 108889 0.000020
108903 SX 108928 0.821794
108903 SX 108929 0.059475
108903 SX 108889 0.000313
108903 SX 108890 0.059199
108903 SX 108911 0.059199
108903 RZPI 108903 1.000000
108903 RZ3PI 108904 1.000000
108903 RZPIHalf 108946 1.000000
108903 S 108948 1.000000
108903 X 108906 0.821794
108903 X 108907 0.059475
108903 X 108903 0.059199
108903 X 108904 0.059199
108904 SX 108911 0.821794
108904 SX 108890 0.059475
108904 SX 108929 0.059199
108904 SX 108928 0.059199
108904 RZPI 108904 1.000000
108904 RZ3PI 108903 1.000000
108904 RZPIHalf 108948 1.000000
108904 S 108946 1.000000
108904 X 108907 0.821794
108904 X 108906 0.059475
108904 X 108904 0.059199
108904 X 108903 0.059199
108906 SX 108890 0.821794
108906 SX 108911 0.059475
108906 SX 108928 0.059199
108906 SX 108929 0.059199
108906 RZPI 108906 1.000000
108906 RZ3PI 108907 1.000000
108906 RZPIHalf 109035 1.000000
108906 S 109037 1.000000
108906 X 108903 0.821794
108906 X 108904 0.059475
108906 X 108906 0.059199
108906 X 108907 0.059199
108907 SX 108929 0.821794
108907 SX 108928 0.059475
108907 SX 108889 0.000333
108907 SX 108911 0.059199
108907 SX 108890 0.059199
108907 RZPI 108907 1.000000
108907 RZ3PI 108906 1.000000
108907 RZPIHalf 109037 1.000000
108907 S 109035 1.000000
108907 X 108904 0.821794
108907 X 108903 0.059475
108907 X 108907 0.059199
108907 X 108906 0.059199
108911 SX 108907 0.821794
108911 SX 108906 0.059475
108911 SX 108904 0.059199
108911 SX 108903 0.059199
108911 RZPI 108911 1.000000
108911 RZ3PI 108890 1.000000
108911 RZPIHalf 108915 1.000000
108911 S 108913 1.000000
108911 X 108929 0.821794
108911 X 108928 0.059475
108911 X 108889 0.000313
108911 X 108911 0.059199
108911 X 108890 0.059199
108913 SX 109149 0.821794
108913 SX 109150 0.059475
108913 SX 109152 0.059199
108913 SX 109153 0.059199
108913 RZPI 108913 1.000000
108913 RZ3PI 108915 1.000000
108913 RZPIHalf 108911 1.000000
108913 S 108890 1.000000
108913 X 109171 0.821794
108913 X 109172 0.059475
108913 X 108889 0.000313
108913 X 108913 0.059199
108913 X 108915 0.059199
108915 SX 109153 0.821794
108915 SX 109152 0.059475
108915 SX 109150 0.059199
108915 SX 109149 0.059199
108915 RZPI 108915 1.000000
108915 RZ3PI 108913 1.000000
108915 RZPIHalf 108890 1.000000
108915 S 108911 1.000000
108915 X 109172 0.821794
108915 X 109171 0.059475
108915 X 108915 0.059199
108915 X 108913 0.059199
108915 X 108889 0.000039
108928 SX 108906 0.821794
108928 SX 108907 0.059475
108928 SX 108903 0.059199
108928 SX 108904 0.059199
108928 RZPI 108928 1.000000
108928 RZ3PI 108929 1.000000
108928 RZPIHalf 109172 1.000000
108928 S 109171 1.000000
108928 X 108890 0.821794
108928 X 108911 0.059475
108928 X 108928 0.059199
108928 X 108929 0.059199
108928 X 108889 0.000020
108929 SX 108904 0.821794
108929 SX 108903 0.059475
108929 SX 108907 0.059199
108929 SX 108906 0.059199
108929 RZPI 108929 1.000000
108929 RZ3PI 108928 1.000000
108929 RZPIHalf 109171 1.000000
108929 S 109172 1.000000
108929 X 108911 0.821794
108929 X 108890 0.059475
108929 X 108889 0.000293
108929 X 108929 0.059199
108929 X 108928 0.059199
108946 SX 109331 0.821794
108946 SX 109332 0.059475
108946 SX 109333 0.059199
108946 SX 109334 0.059199
108946 RZPI 108946 1.000000
108946 RZ3PI 108948 1.000000
108946 RZPIHalf 108904 1.000000
108946 S 108903 1.000000
108946 X 109037 0.821794
108946 X 109035 0.059475
108946 X 108946 0.059199
108946 X 108948 0.059199
108948 SX 109334 0.821794
108948 SX 109333 0.059475
108948 SX 109332 0.059199
108948 SX 109331 0.059199
108948 RZPI 108948 1.000000
108948 RZ3PI 108946 1.000000
108948 RZPIHalf 108903 1.000000
108948 S 108904 1.000000
108948 X 109035 0.821794
108948 X 109037 0.059475
108948 X 108948 0.059199
108948 X 108946 0.059199
109035 SX 109332 0.821794
109035 SX 109331 0.059475
109035 SX 109334 0.059199
109035 SX 109333 0.059199
109035 RZPI 109035 1.000000
109035 RZ3PI 109037 1.000000
109035 RZPIHalf 108907 1.000000
109035 S 108906 1.000000
109035 X 108948 0.821794
109035 X 108946 0.059475
109035 X 109035 0.059199
109035 X 109037 0.059199
109037 SX 109333 0.821794
109037 SX 109334 0.059475
109037 SX 109331 0.059199
109037 SX 109332 0.059199
109037 RZPI 109037 1.000000
109037 RZ3PI 109035 1.000000
109037 RZPIHalf 108906 1.000000
109037 S 108907 1.000000
109037 X 108946 0.821794
109037 X 108948 0.059475
109037 X 109037 0.059199
109037 X 109035 0.059199
109149 SX 109171 0.821794
109149 SX 109172 0.059475
109149 SX 108889 0.000333
109149 SX 108913 0.059199
109149 SX 108915 0.059199
109149 RZPI 109149 1.000000
109149 RZ3PI 109150 1.000000
109149 RZPIHalf 109331 1.000000
109149 S 109332 1.000000
109149 X 109152 0.821794
109149 X 109153 0.059475
109149 X 109149 0.059199
109149 X 109150 0.059199
109150 SX 108915 0.821794
109150 SX 108913 0.059475
109150 SX 108889 0.000313
109150 SX 109172 0.059199
109150 SX 109171 0.059199
109150 RZPI 109150 1.000000
109150 RZ3PI 109149 1.000000
109150 RZPIHalf 109332 1.000000
109150 S 109331 1.000000
109150 X 109153 0.821794
109150 X 109152 0.059475
109150 X 109150 0.059199
109150 X 109149 0.059199
109152 SX 108913 0.821794
109152 SX 108915 0.059475
109152 SX 109171 0.059199
109152 SX 109172 0.059199
109152 SX 108889 0.000020
109152 RZPI 109152 1.000000
109152 RZ3PI 109153 1.000000
109152 RZPIHalf 109334 1.000000
109152 S 109333 1.000000
109152 X 109149 0.821794
109152 X 109150 0.059475
109152 X 109152 0.059199
109152 X 109153 0.059199
109153 SX 109172 0.821794
109153 SX 109171 0.059475
109153 SX 108915 0.059199
109153 SX 108913 0.059199
109153 RZPI 109153 1.000000
109153 RZ3PI 109152 1.000000
109153 RZPIHalf 109333 1.000000
109153 S 109334 1.000000
109153 X 109150 0.821794
109153 X 109149 0.059475
109153 X 109153 0.059199
109153 X 109152 0.059199
109171 SX 109152 0.821794
109171 SX 109153 0.059475
109171 SX 109149 0.059199
109171 SX 109150 0.059199
109171 RZPI 109171 1.000000
109171 RZ3PI 109172 1.000000
109171 RZPIHalf 108928 1.000000
109171 S 108929 1.000000
109171 X 108913 0.821794
109171 X 108915 0.059475
109171 X 108889 0.000293
109171 X 109171 0.059199
109171 X 109172 0.059199
109172 SX 109150 0.821794
109172 SX 109149 0.059475
109172 SX 109153 0.059199
109172 SX 109152 0.059199
109172 RZPI 109172 1.000000
109172 RZ3PI 109171 1.000000
109172 RZPIHalf 108929 1.000000
109172 S 108928 1.000000
109172 X 108915 0.821794
109172 X 108913 0.059475
109172 X 108889 0.000313
109172 X 109172 0.059199
109172 X 109171 0.059199
109300 SX 109318 0.881269
109300 SX 108889 0.118731
109300 RZPI 109300 1.000000
109300 RZ3PI 109301 1.000000
109300 RZPIHalf 109938 1.000000
109300 S 109940 1.000000
109300 X 109301 0.880993
109300 X 109300 0.118674
109300 X 108889 0.000333
109301 SX 108889 0.881602
109301 SX 109318 0.118398
109301 RZPI 109301 1.000000
109301 RZ3PI 109300 1.000000
109301 RZPIHalf 109940 1.000000
109301 S 109938 1.000000
109301 X 109300 0.880993
109301 X 109301 0.118674
109301 X 108889 0.000333
109318 SX 109301 0.880993
109318 SX 109300 0.118674
109318 SX 108889 0.000333
109318 RZPI 109318 1.000000
109318 RZ3PI 109318 1.000000
109318 RZPIHalf 109318 1.000000
109318 S 109318 1.000000
109318 X 108889 0.881602
109318 X 109318 0.118398
109331 SX 109037 0.821794
109331 SX 109035 0.059475
109331 SX 108946 0.059199
109331 SX 108948 0.059199
109331 RZPI 109331 1.000000
109331 RZ3PI 109332 1.000000
109331 RZPIHalf 109150 1.000000
109331 S 109149 1.000000
109331 X 109333 0.821794
109331 X 109334 0.059475
109331 X 109331 0.059199
109331 X 109332 0.059199
109332 SX 108948 0.821794
109332 SX 108946 0.059475
109332 SX 109035 0.059199
109332 SX 109037 0.059199
109332 RZPI 109332 1.000000
109332 RZ3PI 109331 1.000000
109332 RZPIHalf 109149 1.000000
109332 S 109150 1.000000
109332 X 109334 0.821794
109332 X 109333 0.059475
109332 X 109332 0.059199
109332 X 109331 0.059199
109333 SX 108946 0.821794
109333 SX 108948 0.059475
109333 SX 109037 0.059199
109333 SX 109035 0.059199
109333 RZPI 109333 1.000000
109333 RZ3PI 109334 1.000000
109333 RZPIHalf 109152 1.000000
109333 S 109153 1.000000
109333 X 109331 0.821794
109333 X 109332 0.059475
109333 X 109333 0.059199
109333 X 109334 0.059199
109334 SX 109035 0.821794
109334 SX 109037 0.059475
109334 SX 108948 0.059199
109334 SX 108946 0.059199
109334 RZPI 109334 1.000000
109334 RZ3PI 109333 1.000000
109334 RZPIHalf 109153 1.000000
109334 S 109152 1.000000
109334 X 109332 0.821794
109334 X 109331 0.059475
109334 X 109334 0.059199
109334 X 109333 0.059199
109938 SX 109938 0.880993
109938 SX 109940 0.118674
109938 SX 108889 0.000333
109938 RZPI 109938 1.000000
109938 RZ3PI 109940 1.000000
109938 RZPIHalf 109301 1.000000
109938 S 109300 1.000000
109938 X 109938 0.880993
109938 X 109940 0.118674
109938 X 108889 0.000333
109940 SX 109940 0.880993
109940 SX 109938 0.118674
109940 SX 108889 0.000333
109940 RZPI 109940 1.000000
109940 RZ3PI 109938 1.000000
109940 RZPIHalf 109300 1.000000
109940 S 109301 1.000000
109940 X 109940 0.880993
109940 X 109938 0.118674
109940 X 108889 0.000333
ENDPOMDP
