BEGINPOMDP
INITIALSTATE: 16108
STATES: 16259,16145,16277,16278,16279,16280,16164,16183,16202,16221,16353,16354,16355,16356,16108,16109,16240,16114,16115,16116,16121,16122,16123,16124,16126
REWARDS: 16259:0,16145:0,16277:0,16278:0,16279:0,16280:0,16164:0,16183:0,16202:0,16221:0,16353:0,16354:0,16355:0,16356:0,16108:0,16109:0,16240:0,16114:1,16115:0,16116:0,16121:0,16122:0,16123:0,16124:0,16126:0
GAMMA: 16259:0,16145:0,16277:0,16278:0,16279:0,16280:0,16164:0,16183:0,16202:0,16221:0,16353:0,16354:0,16355:0,16356:0,16108:0,16109:0,16240:0,16114:0,16115:0,16116:0,16121:0,16122:0,16123:0,16124:0,16126:0
BEGINACTIONS
U3
H
S
Z
X
RY
ENDACTIONS
16108 INIT_ 16109 1.000000
16109 U3 16114 0.995593
16109 U3 16115 0.001469
16109 U3 16109 0.001469
16109 U3 16116 0.001469
16109 H 16121 0.997795
16109 H 16122 0.000735
16109 H 16123 0.000735
16109 H 16124 0.000735
16109 S 16126 1.000000
16109 Z 16115 1.000000
16109 X 16116 0.995593
16109 X 16109 0.001469
16109 X 16115 0.001469
16109 X 16114 0.001469
16109 RY 16114 0.995593
16109 RY 16115 0.001469
16109 RY 16109 0.001469
16109 RY 16116 0.001469
16114 U3 16109 0.995593
16114 U3 16116 0.001469
16114 U3 16114 0.001469
16114 U3 16115 0.001469
16114 H 16123 0.997795
16114 H 16124 0.000735
16114 H 16121 0.000735
16114 H 16122 0.000735
16114 S 16145 1.000000
16114 Z 16116 1.000000
16114 X 16115 0.995593
16114 X 16114 0.001469
16114 X 16116 0.001469
16114 X 16109 0.001469
16114 RY 16109 0.995593
16114 RY 16116 0.001469
16114 RY 16114 0.001469
16114 RY 16115 0.001469
16115 U3 16116 0.995593
16115 U3 16109 0.001469
16115 U3 16115 0.001469
16115 U3 16114 0.001469
16115 H 16122 0.997795
16115 H 16121 0.000735
16115 H 16124 0.000735
16115 H 16123 0.000735
16115 S 16164 1.000000
16115 Z 16109 1.000000
16115 X 16114 0.995593
16115 X 16115 0.001469
16115 X 16109 0.001469
16115 X 16116 0.001469
16115 RY 16116 0.995593
16115 RY 16109 0.001469
16115 RY 16115 0.001469
16115 RY 16114 0.001469
16116 U3 16115 0.995593
16116 U3 16114 0.001469
16116 U3 16116 0.001469
16116 U3 16109 0.001469
16116 H 16124 0.997795
16116 H 16123 0.000735
16116 H 16122 0.000735
16116 H 16121 0.000735
16116 S 16183 1.000000
16116 Z 16114 1.000000
16116 X 16109 0.995593
16116 X 16116 0.001469
16116 X 16114 0.001469
16116 X 16115 0.001469
16116 RY 16115 0.995593
16116 RY 16114 0.001469
16116 RY 16116 0.001469
16116 RY 16109 0.001469
16121 U3 16123 0.995593
16121 U3 16124 0.001469
16121 U3 16121 0.001469
16121 U3 16122 0.001469
16121 H 16109 0.997795
16121 H 16116 0.000735
16121 H 16114 0.000735
16121 H 16115 0.000735
16121 S 16202 1.000000
16121 Z 16124 1.000000
16121 X 16122 0.995593
16121 X 16121 0.001469
16121 X 16124 0.001469
16121 X 16123 0.001469
16121 RY 16123 0.995593
16121 RY 16124 0.001469
16121 RY 16121 0.001469
16121 RY 16122 0.001469
16122 U3 16124 0.995593
16122 U3 16123 0.001469
16122 U3 16122 0.001469
16122 U3 16121 0.001469
16122 H 16115 0.997795
16122 H 16114 0.000735
16122 H 16116 0.000735
16122 H 16109 0.000735
16122 S 16221 1.000000
16122 Z 16123 1.000000
16122 X 16121 0.995593
16122 X 16122 0.001469
16122 X 16123 0.001469
16122 X 16124 0.001469
16122 RY 16124 0.995593
16122 RY 16123 0.001469
16122 RY 16122 0.001469
16122 RY 16121 0.001469
16123 U3 16121 0.995593
16123 U3 16122 0.001469
16123 U3 16123 0.001469
16123 U3 16124 0.001469
16123 H 16114 0.997795
16123 H 16115 0.000735
16123 H 16109 0.000735
16123 H 16116 0.000735
16123 S 16240 1.000000
16123 Z 16122 1.000000
16123 X 16124 0.995593
16123 X 16123 0.001469
16123 X 16122 0.001469
16123 X 16121 0.001469
16123 RY 16121 0.995593
16123 RY 16122 0.001469
16123 RY 16123 0.001469
16123 RY 16124 0.001469
16124 U3 16122 0.995593
16124 U3 16121 0.001469
16124 U3 16124 0.001469
16124 U3 16123 0.001469
16124 H 16116 0.997795
16124 H 16109 0.000735
16124 H 16115 0.000735
16124 H 16114 0.000735
16124 S 16259 1.000000
16124 Z 16121 1.000000
16124 X 16123 0.995593
16124 X 16124 0.001469
16124 X 16121 0.001469
16124 X 16122 0.001469
16124 RY 16122 0.995593
16124 RY 16121 0.001469
16124 RY 16124 0.001469
16124 RY 16123 0.001469
16126 U3 16183 0.995593
16126 U3 16164 0.001469
16126 U3 16126 0.001469
16126 U3 16145 0.001469
16126 H 16277 0.997795
16126 H 16278 0.000735
16126 H 16279 0.000735
16126 H 16280 0.000735
16126 S 16115 1.000000
16126 Z 16164 1.000000
16126 X 16145 0.995593
16126 X 16126 0.001469
16126 X 16164 0.001469
16126 X 16183 0.001469
16126 RY 16183 0.995593
16126 RY 16164 0.001469
16126 RY 16126 0.001469
16126 RY 16145 0.001469
16145 U3 16164 0.995593
16145 U3 16183 0.001469
16145 U3 16145 0.001469
16145 U3 16126 0.001469
16145 H 16280 0.997795
16145 H 16279 0.000735
16145 H 16278 0.000735
16145 H 16277 0.000735
16145 S 16116 1.000000
16145 Z 16183 1.000000
16145 X 16126 0.995593
16145 X 16145 0.001469
16145 X 16183 0.001469
16145 X 16164 0.001469
16145 RY 16164 0.995593
16145 RY 16183 0.001469
16145 RY 16145 0.001469
16145 RY 16126 0.001469
16164 U3 16145 0.995593
16164 U3 16126 0.001469
16164 U3 16164 0.001469
16164 U3 16183 0.001469
16164 H 16278 0.997795
16164 H 16277 0.000735
16164 H 16280 0.000735
16164 H 16279 0.000735
16164 S 16109 1.000000
16164 Z 16126 1.000000
16164 X 16183 0.995593
16164 X 16164 0.001469
16164 X 16126 0.001469
16164 X 16145 0.001469
16164 RY 16145 0.995593
16164 RY 16126 0.001469
16164 RY 16164 0.001469
16164 RY 16183 0.001469
16183 U3 16126 0.995593
16183 U3 16145 0.001469
16183 U3 16183 0.001469
16183 U3 16164 0.001469
16183 H 16279 0.997795
16183 H 16280 0.000735
16183 H 16277 0.000735
16183 H 16278 0.000735
16183 S 16114 1.000000
16183 Z 16145 1.000000
16183 X 16164 0.995593
16183 X 16183 0.001469
16183 X 16145 0.001469
16183 X 16126 0.001469
16183 RY 16126 0.995593
16183 RY 16145 0.001469
16183 RY 16183 0.001469
16183 RY 16164 0.001469
16202 U3 16221 0.995593
16202 U3 16259 0.001469
16202 U3 16202 0.001469
16202 U3 16240 0.001469
16202 H 16353 0.997795
16202 H 16354 0.000735
16202 H 16355 0.000735
16202 H 16356 0.000735
16202 S 16124 1.000000
16202 Z 16259 1.000000
16202 X 16240 0.995593
16202 X 16202 0.001469
16202 X 16259 0.001469
16202 X 16221 0.001469
16202 RY 16221 0.995593
16202 RY 16259 0.001469
16202 RY 16202 0.001469
16202 RY 16240 0.001469
16221 U3 16202 0.995593
16221 U3 16240 0.001469
16221 U3 16221 0.001469
16221 U3 16259 0.001469
16221 H 16355 0.997795
16221 H 16356 0.000735
16221 H 16353 0.000735
16221 H 16354 0.000735
16221 S 16123 1.000000
16221 Z 16240 1.000000
16221 X 16259 0.995593
16221 X 16221 0.001469
16221 X 16240 0.001469
16221 X 16202 0.001469
16221 RY 16202 0.995593
16221 RY 16240 0.001469
16221 RY 16221 0.001469
16221 RY 16259 0.001469
16240 U3 16259 0.995593
16240 U3 16221 0.001469
16240 U3 16240 0.001469
16240 U3 16202 0.001469
16240 H 16356 0.997795
16240 H 16355 0.000735
16240 H 16354 0.000735
16240 H 16353 0.000735
16240 S 16122 1.000000
16240 Z 16221 1.000000
16240 X 16202 0.995593
16240 X 16240 0.001469
16240 X 16221 0.001469
16240 X 16259 0.001469
16240 RY 16259 0.995593
16240 RY 16221 0.001469
16240 RY 16240 0.001469
16240 RY 16202 0.001469
16259 U3 16240 0.995593
16259 U3 16202 0.001469
16259 U3 16259 0.001469
16259 U3 16221 0.001469
16259 H 16354 0.997795
16259 H 16353 0.000735
16259 H 16356 0.000735
16259 H 16355 0.000735
16259 S 16121 1.000000
16259 Z 16202 1.000000
16259 X 16221 0.995593
16259 X 16259 0.001469
16259 X 16202 0.001469
16259 X 16240 0.001469
16259 RY 16240 0.995593
16259 RY 16202 0.001469
16259 RY 16259 0.001469
16259 RY 16221 0.001469
16277 U3 16279 0.995593
16277 U3 16280 0.001469
16277 U3 16277 0.001469
16277 U3 16278 0.001469
16277 H 16126 0.997795
16277 H 16145 0.000735
16277 H 16183 0.000735
16277 H 16164 0.000735
16277 S 16354 1.000000
16277 Z 16280 1.000000
16277 X 16278 0.995593
16277 X 16277 0.001469
16277 X 16280 0.001469
16277 X 16279 0.001469
16277 RY 16279 0.995593
16277 RY 16280 0.001469
16277 RY 16277 0.001469
16277 RY 16278 0.001469
16278 U3 16280 0.995593
16278 U3 16279 0.001469
16278 U3 16278 0.001469
16278 U3 16277 0.001469
16278 H 16164 0.997795
16278 H 16183 0.000735
16278 H 16145 0.000735
16278 H 16126 0.000735
16278 S 16356 1.000000
16278 Z 16279 1.000000
16278 X 16277 0.995593
16278 X 16278 0.001469
16278 X 16279 0.001469
16278 X 16280 0.001469
16278 RY 16280 0.995593
16278 RY 16279 0.001469
16278 RY 16278 0.001469
16278 RY 16277 0.001469
16279 U3 16277 0.995593
16279 U3 16278 0.001469
16279 U3 16279 0.001469
16279 U3 16280 0.001469
16279 H 16183 0.997795
16279 H 16164 0.000735
16279 H 16126 0.000735
16279 H 16145 0.000735
16279 S 16353 1.000000
16279 Z 16278 1.000000
16279 X 16280 0.995593
16279 X 16279 0.001469
16279 X 16278 0.001469
16279 X 16277 0.001469
16279 RY 16277 0.995593
16279 RY 16278 0.001469
16279 RY 16279 0.001469
16279 RY 16280 0.001469
16280 U3 16278 0.995593
16280 U3 16277 0.001469
16280 U3 16280 0.001469
16280 U3 16279 0.001469
16280 H 16145 0.997795
16280 H 16126 0.000735
16280 H 16164 0.000735
16280 H 16183 0.000735
16280 S 16355 1.000000
16280 Z 16277 1.000000
16280 X 16279 0.995593
16280 X 16280 0.001469
16280 X 16277 0.001469
16280 X 16278 0.001469
16280 RY 16278 0.995593
16280 RY 16277 0.001469
16280 RY 16280 0.001469
16280 RY 16279 0.001469
16353 U3 16355 0.995593
16353 U3 16356 0.001469
16353 U3 16353 0.001469
16353 U3 16354 0.001469
16353 H 16202 0.997795
16353 H 16240 0.000735
16353 H 16221 0.000735
16353 H 16259 0.000735
16353 S 16278 1.000000
16353 Z 16356 1.000000
16353 X 16354 0.995593
16353 X 16353 0.001469
16353 X 16356 0.001469
16353 X 16355 0.001469
16353 RY 16355 0.995593
16353 RY 16356 0.001469
16353 RY 16353 0.001469
16353 RY 16354 0.001469
16354 U3 16356 0.995593
16354 U3 16355 0.001469
16354 U3 16354 0.001469
16354 U3 16353 0.001469
16354 H 16259 0.997795
16354 H 16221 0.000735
16354 H 16240 0.000735
16354 H 16202 0.000735
16354 S 16280 1.000000
16354 Z 16355 1.000000
16354 X 16353 0.995593
16354 X 16354 0.001469
16354 X 16355 0.001469
16354 X 16356 0.001469
16354 RY 16356 0.995593
16354 RY 16355 0.001469
16354 RY 16354 0.001469
16354 RY 16353 0.001469
16355 U3 16353 0.995593
16355 U3 16354 0.001469
16355 U3 16355 0.001469
16355 U3 16356 0.001469
16355 H 16221 0.997795
16355 H 16259 0.000735
16355 H 16202 0.000735
16355 H 16240 0.000735
16355 S 16277 1.000000
16355 Z 16354 1.000000
16355 X 16356 0.995593
16355 X 16355 0.001469
16355 X 16354 0.001469
16355 X 16353 0.001469
16355 RY 16353 0.995593
16355 RY 16354 0.001469
16355 RY 16355 0.001469
16355 RY 16356 0.001469
16356 U3 16354 0.995593
16356 U3 16353 0.001469
16356 U3 16356 0.001469
16356 U3 16355 0.001469
16356 H 16240 0.997795
16356 H 16202 0.000735
16356 H 16259 0.000735
16356 H 16221 0.000735
16356 S 16279 1.000000
16356 Z 16353 1.000000
16356 X 16355 0.995593
16356 X 16356 0.001469
16356 X 16353 0.001469
16356 X 16354 0.001469
16356 RY 16354 0.995593
16356 RY 16353 0.001469
16356 RY 16356 0.001469
16356 RY 16355 0.001469
ENDPOMDP
