BEGINPOMDP
INITIALSTATE: 16565
STATES: 16640,16659,16678,16810,16811,16812,16813,16565,16566,16697,16571,16572,16573,16578,16579,16580,16581,16583,16716,16602,16734,16735,16736,16737,16621
REWARDS: 16640:0,16659:0,16678:0,16810:0,16811:0,16812:0,16813:0,16565:0,16566:0,16697:0,16571:1,16572:0,16573:0,16578:0,16579:0,16580:0,16581:0,16583:0,16716:0,16602:0,16734:0,16735:0,16736:0,16737:0,16621:0
GAMMA: 16640:0,16659:0,16678:0,16810:0,16811:0,16812:0,16813:0,16565:0,16566:0,16697:0,16571:0,16572:0,16573:0,16578:0,16579:0,16580:0,16581:0,16583:0,16716:0,16602:0,16734:0,16735:0,16736:0,16737:0,16621:0
BEGINACTIONS
U3
H
S
Z
X
RY
ENDACTIONS
16565 INIT_ 16566 1.000000
16566 U3 16571 0.999071
16566 U3 16572 0.000310
16566 U3 16566 0.000310
16566 U3 16573 0.000310
16566 H 16578 0.999536
16566 H 16579 0.000155
16566 H 16580 0.000155
16566 H 16581 0.000155
16566 S 16583 1.000000
16566 Z 16572 1.000000
16566 X 16573 0.999071
16566 X 16566 0.000310
16566 X 16572 0.000310
16566 X 16571 0.000310
16566 RY 16571 0.999071
16566 RY 16572 0.000310
16566 RY 16566 0.000310
16566 RY 16573 0.000310
16571 U3 16566 0.999071
16571 U3 16573 0.000310
16571 U3 16571 0.000310
16571 U3 16572 0.000310
16571 H 16580 0.999536
16571 H 16581 0.000155
16571 H 16578 0.000155
16571 H 16579 0.000155
16571 S 16602 1.000000
16571 Z 16573 1.000000
16571 X 16572 0.999071
16571 X 16571 0.000310
16571 X 16573 0.000310
16571 X 16566 0.000310
16571 RY 16566 0.999071
16571 RY 16573 0.000310
16571 RY 16571 0.000310
16571 RY 16572 0.000310
16572 U3 16573 0.999071
16572 U3 16566 0.000310
16572 U3 16572 0.000310
16572 U3 16571 0.000310
16572 H 16579 0.999536
16572 H 16578 0.000155
16572 H 16581 0.000155
16572 H 16580 0.000155
16572 S 16621 1.000000
16572 Z 16566 1.000000
16572 X 16571 0.999071
16572 X 16572 0.000310
16572 X 16566 0.000310
16572 X 16573 0.000310
16572 RY 16573 0.999071
16572 RY 16566 0.000310
16572 RY 16572 0.000310
16572 RY 16571 0.000310
16573 U3 16572 0.999071
16573 U3 16571 0.000310
16573 U3 16573 0.000310
16573 U3 16566 0.000310
16573 H 16581 0.999536
16573 H 16580 0.000155
16573 H 16579 0.000155
16573 H 16578 0.000155
16573 S 16640 1.000000
16573 Z 16571 1.000000
16573 X 16566 0.999071
16573 X 16573 0.000310
16573 X 16571 0.000310
16573 X 16572 0.000310
16573 RY 16572 0.999071
16573 RY 16571 0.000310
16573 RY 16573 0.000310
16573 RY 16566 0.000310
16578 U3 16580 0.999071
16578 U3 16581 0.000310
16578 U3 16578 0.000310
16578 U3 16579 0.000310
16578 H 16566 0.999536
16578 H 16573 0.000155
16578 H 16571 0.000155
16578 H 16572 0.000155
16578 S 16659 1.000000
16578 Z 16581 1.000000
16578 X 16579 0.999071
16578 X 16578 0.000310
16578 X 16581 0.000310
16578 X 16580 0.000310
16578 RY 16580 0.999071
16578 RY 16581 0.000310
16578 RY 16578 0.000310
16578 RY 16579 0.000310
16579 U3 16581 0.999071
16579 U3 16580 0.000310
16579 U3 16579 0.000310
16579 U3 16578 0.000310
16579 H 16572 0.999536
16579 H 16571 0.000155
16579 H 16573 0.000155
16579 H 16566 0.000155
16579 S 16678 1.000000
16579 Z 16580 1.000000
16579 X 16578 0.999071
16579 X 16579 0.000310
16579 X 16580 0.000310
16579 X 16581 0.000310
16579 RY 16581 0.999071
16579 RY 16580 0.000310
16579 RY 16579 0.000310
16579 RY 16578 0.000310
16580 U3 16578 0.999071
16580 U3 16579 0.000310
16580 U3 16580 0.000310
16580 U3 16581 0.000310
16580 H 16571 0.999536
16580 H 16572 0.000155
16580 H 16566 0.000155
16580 H 16573 0.000155
16580 S 16697 1.000000
16580 Z 16579 1.000000
16580 X 16581 0.999071
16580 X 16580 0.000310
16580 X 16579 0.000310
16580 X 16578 0.000310
16580 RY 16578 0.999071
16580 RY 16579 0.000310
16580 RY 16580 0.000310
16580 RY 16581 0.000310
16581 U3 16579 0.999071
16581 U3 16578 0.000310
16581 U3 16581 0.000310
16581 U3 16580 0.000310
16581 H 16573 0.999536
16581 H 16566 0.000155
16581 H 16572 0.000155
16581 H 16571 0.000155
16581 S 16716 1.000000
16581 Z 16578 1.000000
16581 X 16580 0.999071
16581 X 16581 0.000310
16581 X 16578 0.000310
16581 X 16579 0.000310
16581 RY 16579 0.999071
16581 RY 16578 0.000310
16581 RY 16581 0.000310
16581 RY 16580 0.000310
16583 U3 16640 0.999071
16583 U3 16621 0.000310
16583 U3 16583 0.000310
16583 U3 16602 0.000310
16583 H 16734 0.999536
16583 H 16735 0.000155
16583 H 16736 0.000155
16583 H 16737 0.000155
16583 S 16572 1.000000
16583 Z 16621 1.000000
16583 X 16602 0.999071
16583 X 16583 0.000310
16583 X 16621 0.000310
16583 X 16640 0.000310
16583 RY 16640 0.999071
16583 RY 16621 0.000310
16583 RY 16583 0.000310
16583 RY 16602 0.000310
16602 U3 16621 0.999071
16602 U3 16640 0.000310
16602 U3 16602 0.000310
16602 U3 16583 0.000310
16602 H 16737 0.999536
16602 H 16736 0.000155
16602 H 16735 0.000155
16602 H 16734 0.000155
16602 S 16573 1.000000
16602 Z 16640 1.000000
16602 X 16583 0.999071
16602 X 16602 0.000310
16602 X 16640 0.000310
16602 X 16621 0.000310
16602 RY 16621 0.999071
16602 RY 16640 0.000310
16602 RY 16602 0.000310
16602 RY 16583 0.000310
16621 U3 16602 0.999071
16621 U3 16583 0.000310
16621 U3 16621 0.000310
16621 U3 16640 0.000310
16621 H 16735 0.999536
16621 H 16734 0.000155
16621 H 16737 0.000155
16621 H 16736 0.000155
16621 S 16566 1.000000
16621 Z 16583 1.000000
16621 X 16640 0.999071
16621 X 16621 0.000310
16621 X 16583 0.000310
16621 X 16602 0.000310
16621 RY 16602 0.999071
16621 RY 16583 0.000310
16621 RY 16621 0.000310
16621 RY 16640 0.000310
16640 U3 16583 0.999071
16640 U3 16602 0.000310
16640 U3 16640 0.000310
16640 U3 16621 0.000310
16640 H 16736 0.999536
16640 H 16737 0.000155
16640 H 16734 0.000155
16640 H 16735 0.000155
16640 S 16571 1.000000
16640 Z 16602 1.000000
16640 X 16621 0.999071
16640 X 16640 0.000310
16640 X 16602 0.000310
16640 X 16583 0.000310
16640 RY 16583 0.999071
16640 RY 16602 0.000310
16640 RY 16640 0.000310
16640 RY 16621 0.000310
16659 U3 16678 0.999071
16659 U3 16716 0.000310
16659 U3 16659 0.000310
16659 U3 16697 0.000310
16659 H 16810 0.999536
16659 H 16811 0.000155
16659 H 16812 0.000155
16659 H 16813 0.000155
16659 S 16581 1.000000
16659 Z 16716 1.000000
16659 X 16697 0.999071
16659 X 16659 0.000310
16659 X 16716 0.000310
16659 X 16678 0.000310
16659 RY 16678 0.999071
16659 RY 16716 0.000310
16659 RY 16659 0.000310
16659 RY 16697 0.000310
16678 U3 16659 0.999071
16678 U3 16697 0.000310
16678 U3 16678 0.000310
16678 U3 16716 0.000310
16678 H 16812 0.999536
16678 H 16813 0.000155
16678 H 16810 0.000155
16678 H 16811 0.000155
16678 S 16580 1.000000
16678 Z 16697 1.000000
16678 X 16716 0.999071
16678 X 16678 0.000310
16678 X 16697 0.000310
16678 X 16659 0.000310
16678 RY 16659 0.999071
16678 RY 16697 0.000310
16678 RY 16678 0.000310
16678 RY 16716 0.000310
16697 U3 16716 0.999071
16697 U3 16678 0.000310
16697 U3 16697 0.000310
16697 U3 16659 0.000310
16697 H 16813 0.999536
16697 H 16812 0.000155
16697 H 16811 0.000155
16697 H 16810 0.000155
16697 S 16579 1.000000
16697 Z 16678 1.000000
16697 X 16659 0.999071
16697 X 16697 0.000310
16697 X 16678 0.000310
16697 X 16716 0.000310
16697 RY 16716 0.999071
16697 RY 16678 0.000310
16697 RY 16697 0.000310
16697 RY 16659 0.000310
16716 U3 16697 0.999071
16716 U3 16659 0.000310
16716 U3 16716 0.000310
16716 U3 16678 0.000310
16716 H 16811 0.999536
16716 H 16810 0.000155
16716 H 16813 0.000155
16716 H 16812 0.000155
16716 S 16578 1.000000
16716 Z 16659 1.000000
16716 X 16678 0.999071
16716 X 16716 0.000310
16716 X 16659 0.000310
16716 X 16697 0.000310
16716 RY 16697 0.999071
16716 RY 16659 0.000310
16716 RY 16716 0.000310
16716 RY 16678 0.000310
16734 U3 16736 0.999071
16734 U3 16737 0.000310
16734 U3 16734 0.000310
16734 U3 16735 0.000310
16734 H 16583 0.999536
16734 H 16602 0.000155
16734 H 16640 0.000155
16734 H 16621 0.000155
16734 S 16811 1.000000
16734 Z 16737 1.000000
16734 X 16735 0.999071
16734 X 16734 0.000310
16734 X 16737 0.000310
16734 X 16736 0.000310
16734 RY 16736 0.999071
16734 RY 16737 0.000310
16734 RY 16734 0.000310
16734 RY 16735 0.000310
16735 U3 16737 0.999071
16735 U3 16736 0.000310
16735 U3 16735 0.000310
16735 U3 16734 0.000310
16735 H 16621 0.999536
16735 H 16640 0.000155
16735 H 16602 0.000155
16735 H 16583 0.000155
16735 S 16813 1.000000
16735 Z 16736 1.000000
16735 X 16734 0.999071
16735 X 16735 0.000310
16735 X 16736 0.000310
16735 X 16737 0.000310
16735 RY 16737 0.999071
16735 RY 16736 0.000310
16735 RY 16735 0.000310
16735 RY 16734 0.000310
16736 U3 16734 0.999071
16736 U3 16735 0.000310
16736 U3 16736 0.000310
16736 U3 16737 0.000310
16736 H 16640 0.999536
16736 H 16621 0.000155
16736 H 16583 0.000155
16736 H 16602 0.000155
16736 S 16810 1.000000
16736 Z 16735 1.000000
16736 X 16737 0.999071
16736 X 16736 0.000310
16736 X 16735 0.000310
16736 X 16734 0.000310
16736 RY 16734 0.999071
16736 RY 16735 0.000310
16736 RY 16736 0.000310
16736 RY 16737 0.000310
16737 U3 16735 0.999071
16737 U3 16734 0.000310
16737 U3 16737 0.000310
16737 U3 16736 0.000310
16737 H 16602 0.999536
16737 H 16583 0.000155
16737 H 16621 0.000155
16737 H 16640 0.000155
16737 S 16812 1.000000
16737 Z 16734 1.000000
16737 X 16736 0.999071
16737 X 16737 0.000310
16737 X 16734 0.000310
16737 X 16735 0.000310
16737 RY 16735 0.999071
16737 RY 16734 0.000310
16737 RY 16737 0.000310
16737 RY 16736 0.000310
16810 U3 16812 0.999071
16810 U3 16813 0.000310
16810 U3 16810 0.000310
16810 U3 16811 0.000310
16810 H 16659 0.999536
16810 H 16697 0.000155
16810 H 16678 0.000155
16810 H 16716 0.000155
16810 S 16735 1.000000
16810 Z 16813 1.000000
16810 X 16811 0.999071
16810 X 16810 0.000310
16810 X 16813 0.000310
16810 X 16812 0.000310
16810 RY 16812 0.999071
16810 RY 16813 0.000310
16810 RY 16810 0.000310
16810 RY 16811 0.000310
16811 U3 16813 0.999071
16811 U3 16812 0.000310
16811 U3 16811 0.000310
16811 U3 16810 0.000310
16811 H 16716 0.999536
16811 H 16678 0.000155
16811 H 16697 0.000155
16811 H 16659 0.000155
16811 S 16737 1.000000
16811 Z 16812 1.000000
16811 X 16810 0.999071
16811 X 16811 0.000310
16811 X 16812 0.000310
16811 X 16813 0.000310
16811 RY 16813 0.999071
16811 RY 16812 0.000310
16811 RY 16811 0.000310
16811 RY 16810 0.000310
16812 U3 16810 0.999071
16812 U3 16811 0.000310
16812 U3 16812 0.000310
16812 U3 16813 0.000310
16812 H 16678 0.999536
16812 H 16716 0.000155
16812 H 16659 0.000155
16812 H 16697 0.000155
16812 S 16734 1.000000
16812 Z 16811 1.000000
16812 X 16813 0.999071
16812 X 16812 0.000310
16812 X 16811 0.000310
16812 X 16810 0.000310
16812 RY 16810 0.999071
16812 RY 16811 0.000310
16812 RY 16812 0.000310
16812 RY 16813 0.000310
16813 U3 16811 0.999071
16813 U3 16810 0.000310
16813 U3 16813 0.000310
16813 U3 16812 0.000310
16813 H 16697 0.999536
16813 H 16659 0.000155
16813 H 16716 0.000155
16813 H 16678 0.000155
16813 S 16736 1.000000
16813 Z 16810 1.000000
16813 X 16812 0.999071
16813 X 16813 0.000310
16813 X 16810 0.000310
16813 X 16811 0.000310
16813 RY 16811 0.999071
16813 RY 16810 0.000310
16813 RY 16813 0.000310
16813 RY 16812 0.000310
ENDPOMDP
