BEGINPOMDP
INITIALSTATE: 13460
STATES: 13460,13461,13466,13467,13468,13469,13472,13474,13476,13605,13606,13607,13608,13481,13482,13490,13492,13504,13506,13551,13552,13553,13554,13563,13564
REWARDS: 13460:0,13461:0,13466:0,13467:0,13468:0,13469:0,13472:0,13474:0,13476:0,13605:0,13606:0,13607:0,13608:0,13481:0,13482:1,13490:0,13492:0,13504:0,13506:0,13551:0,13552:0,13553:0,13554:0,13563:0,13564:0
GAMMA: 13460:0,13461:0,13466:0,13467:0,13468:0,13469:0,13472:0,13474:0,13476:0,13605:0,13606:0,13607:0,13608:0,13481:0,13482:0,13490:0,13492:0,13504:0,13506:0,13551:0,13552:0,13553:0,13554:0,13563:0,13564:0
BEGINACTIONS
SX
RZPI
RZ3PI
RZPIHalf
S
X
ENDACTIONS
13460 INIT_ 13461 1.000000
13461 SX 13466 0.998700
13461 SX 13467 0.000433
13461 SX 13468 0.000433
13461 SX 13469 0.000433
13461 RZPI 13461 1.000000
13461 RZ3PI 13472 1.000000
13461 RZPIHalf 13474 1.000000
13461 S 13476 1.000000
13461 X 13481 0.998700
13461 X 13461 0.000433
13461 X 13472 0.000433
13461 X 13482 0.000433
13466 SX 13481 0.998700
13466 SX 13461 0.000433
13466 SX 13472 0.000433
13466 SX 13482 0.000433
13466 RZPI 13466 1.000000
13466 RZ3PI 13469 1.000000
13466 RZPIHalf 13490 1.000000
13466 S 13492 1.000000
13466 X 13467 0.998700
13466 X 13466 0.000433
13466 X 13469 0.000433
13466 X 13468 0.000433
13467 SX 13461 0.998700
13467 SX 13481 0.000433
13467 SX 13482 0.000433
13467 SX 13472 0.000433
13467 RZPI 13467 1.000000
13467 RZ3PI 13468 1.000000
13467 RZPIHalf 13504 1.000000
13467 S 13506 1.000000
13467 X 13466 0.998700
13467 X 13467 0.000433
13467 X 13468 0.000433
13467 X 13469 0.000433
13468 SX 13482 0.998700
13468 SX 13472 0.000433
13468 SX 13461 0.000433
13468 SX 13481 0.000433
13468 RZPI 13468 1.000000
13468 RZ3PI 13467 1.000000
13468 RZPIHalf 13506 1.000000
13468 S 13504 1.000000
13468 X 13469 0.998700
13468 X 13468 0.000433
13468 X 13467 0.000433
13468 X 13466 0.000433
13469 SX 13472 0.998700
13469 SX 13482 0.000433
13469 SX 13481 0.000433
13469 SX 13461 0.000433
13469 RZPI 13469 1.000000
13469 RZ3PI 13466 1.000000
13469 RZPIHalf 13492 1.000000
13469 S 13490 1.000000
13469 X 13468 0.998700
13469 X 13469 0.000433
13469 X 13466 0.000433
13469 X 13467 0.000433
13472 SX 13468 0.998700
13472 SX 13469 0.000433
13472 SX 13466 0.000433
13472 SX 13467 0.000433
13472 RZPI 13472 1.000000
13472 RZ3PI 13461 1.000000
13472 RZPIHalf 13476 1.000000
13472 S 13474 1.000000
13472 X 13482 0.998700
13472 X 13472 0.000433
13472 X 13461 0.000433
13472 X 13481 0.000433
13474 SX 13551 0.998700
13474 SX 13552 0.000433
13474 SX 13553 0.000433
13474 SX 13554 0.000433
13474 RZPI 13474 1.000000
13474 RZ3PI 13476 1.000000
13474 RZPIHalf 13472 1.000000
13474 S 13461 1.000000
13474 X 13563 0.998700
13474 X 13474 0.000433
13474 X 13476 0.000433
13474 X 13564 0.000433
13476 SX 13553 0.998700
13476 SX 13554 0.000433
13476 SX 13551 0.000433
13476 SX 13552 0.000433
13476 RZPI 13476 1.000000
13476 RZ3PI 13474 1.000000
13476 RZPIHalf 13461 1.000000
13476 S 13472 1.000000
13476 X 13564 0.998700
13476 X 13476 0.000433
13476 X 13474 0.000433
13476 X 13563 0.000433
13481 SX 13467 0.998700
13481 SX 13466 0.000433
13481 SX 13469 0.000433
13481 SX 13468 0.000433
13481 RZPI 13481 1.000000
13481 RZ3PI 13482 1.000000
13481 RZPIHalf 13564 1.000000
13481 S 13563 1.000000
13481 X 13461 0.998700
13481 X 13481 0.000433
13481 X 13482 0.000433
13481 X 13472 0.000433
13482 SX 13469 0.998700
13482 SX 13468 0.000433
13482 SX 13467 0.000433
13482 SX 13466 0.000433
13482 RZPI 13482 1.000000
13482 RZ3PI 13481 1.000000
13482 RZPIHalf 13563 1.000000
13482 S 13564 1.000000
13482 X 13472 0.998700
13482 X 13482 0.000433
13482 X 13481 0.000433
13482 X 13461 0.000433
13490 SX 13605 0.998700
13490 SX 13606 0.000433
13490 SX 13607 0.000433
13490 SX 13608 0.000433
13490 RZPI 13490 1.000000
13490 RZ3PI 13492 1.000000
13490 RZPIHalf 13469 1.000000
13490 S 13466 1.000000
13490 X 13506 0.998700
13490 X 13490 0.000433
13490 X 13492 0.000433
13490 X 13504 0.000433
13492 SX 13607 0.998700
13492 SX 13608 0.000433
13492 SX 13605 0.000433
13492 SX 13606 0.000433
13492 RZPI 13492 1.000000
13492 RZ3PI 13490 1.000000
13492 RZPIHalf 13466 1.000000
13492 S 13469 1.000000
13492 X 13504 0.998700
13492 X 13492 0.000433
13492 X 13490 0.000433
13492 X 13506 0.000433
13504 SX 13608 0.998700
13504 SX 13607 0.000433
13504 SX 13606 0.000433
13504 SX 13605 0.000433
13504 RZPI 13504 1.000000
13504 RZ3PI 13506 1.000000
13504 RZPIHalf 13468 1.000000
13504 S 13467 1.000000
13504 X 13492 0.998700
13504 X 13504 0.000433
13504 X 13506 0.000433
13504 X 13490 0.000433
13506 SX 13606 0.998700
13506 SX 13605 0.000433
13506 SX 13608 0.000433
13506 SX 13607 0.000433
13506 RZPI 13506 1.000000
13506 RZ3PI 13504 1.000000
13506 RZPIHalf 13467 1.000000
13506 S 13468 1.000000
13506 X 13490 0.998700
13506 X 13506 0.000433
13506 X 13504 0.000433
13506 X 13492 0.000433
13551 SX 13563 0.998700
13551 SX 13474 0.000433
13551 SX 13476 0.000433
13551 SX 13564 0.000433
13551 RZPI 13551 1.000000
13551 RZ3PI 13554 1.000000
13551 RZPIHalf 13605 1.000000
13551 S 13608 1.000000
13551 X 13552 0.998700
13551 X 13551 0.000433
13551 X 13554 0.000433
13551 X 13553 0.000433
13552 SX 13474 0.998700
13552 SX 13563 0.000433
13552 SX 13564 0.000433
13552 SX 13476 0.000433
13552 RZPI 13552 1.000000
13552 RZ3PI 13553 1.000000
13552 RZPIHalf 13607 1.000000
13552 S 13606 1.000000
13552 X 13551 0.998700
13552 X 13552 0.000433
13552 X 13553 0.000433
13552 X 13554 0.000433
13553 SX 13564 0.998700
13553 SX 13476 0.000433
13553 SX 13474 0.000433
13553 SX 13563 0.000433
13553 RZPI 13553 1.000000
13553 RZ3PI 13552 1.000000
13553 RZPIHalf 13606 1.000000
13553 S 13607 1.000000
13553 X 13554 0.998700
13553 X 13553 0.000433
13553 X 13552 0.000433
13553 X 13551 0.000433
13554 SX 13476 0.998700
13554 SX 13564 0.000433
13554 SX 13563 0.000433
13554 SX 13474 0.000433
13554 RZPI 13554 1.000000
13554 RZ3PI 13551 1.000000
13554 RZPIHalf 13608 1.000000
13554 S 13605 1.000000
13554 X 13553 0.998700
13554 X 13554 0.000433
13554 X 13551 0.000433
13554 X 13552 0.000433
13563 SX 13552 0.998700
13563 SX 13551 0.000433
13563 SX 13554 0.000433
13563 SX 13553 0.000433
13563 RZPI 13563 1.000000
13563 RZ3PI 13564 1.000000
13563 RZPIHalf 13481 1.000000
13563 S 13482 1.000000
13563 X 13474 0.998700
13563 X 13563 0.000433
13563 X 13564 0.000433
13563 X 13476 0.000433
13564 SX 13554 0.998700
13564 SX 13553 0.000433
13564 SX 13552 0.000433
13564 SX 13551 0.000433
13564 RZPI 13564 1.000000
13564 RZ3PI 13563 1.000000
13564 RZPIHalf 13482 1.000000
13564 S 13481 1.000000
13564 X 13476 0.998700
13564 X 13564 0.000433
13564 X 13563 0.000433
13564 X 13474 0.000433
13605 SX 13506 0.998700
13605 SX 13490 0.000433
13605 SX 13492 0.000433
13605 SX 13504 0.000433
13605 RZPI 13605 1.000000
13605 RZ3PI 13608 1.000000
13605 RZPIHalf 13554 1.000000
13605 S 13551 1.000000
13605 X 13606 0.998700
13605 X 13605 0.000433
13605 X 13608 0.000433
13605 X 13607 0.000433
13606 SX 13490 0.998700
13606 SX 13506 0.000433
13606 SX 13504 0.000433
13606 SX 13492 0.000433
13606 RZPI 13606 1.000000
13606 RZ3PI 13607 1.000000
13606 RZPIHalf 13552 1.000000
13606 S 13553 1.000000
13606 X 13605 0.998700
13606 X 13606 0.000433
13606 X 13607 0.000433
13606 X 13608 0.000433
13607 SX 13504 0.998700
13607 SX 13492 0.000433
13607 SX 13490 0.000433
13607 SX 13506 0.000433
13607 RZPI 13607 1.000000
13607 RZ3PI 13606 1.000000
13607 RZPIHalf 13553 1.000000
13607 S 13552 1.000000
13607 X 13608 0.998700
13607 X 13607 0.000433
13607 X 13606 0.000433
13607 X 13605 0.000433
13608 SX 13492 0.998700
13608 SX 13504 0.000433
13608 SX 13506 0.000433
13608 SX 13490 0.000433
13608 RZPI 13608 1.000000
13608 RZ3PI 13605 1.000000
13608 RZPIHalf 13551 1.000000
13608 S 13554 1.000000
13608 X 13607 0.998700
13608 X 13608 0.000433
13608 X 13605 0.000433
13608 X 13606 0.000433
ENDPOMDP
