BEGINPOMDP
INITIALSTATE: 18105
STATES: 18180,18199,18218,18350,18351,18352,18353,18105,18106,18237,18111,18112,18113,18118,18119,18120,18121,18123,18256,18142,18274,18275,18276,18277,18161
REWARDS: 18180:0,18199:0,18218:0,18350:0,18351:0,18352:0,18353:0,18105:0,18106:0,18237:0,18111:1,18112:0,18113:0,18118:0,18119:0,18120:0,18121:0,18123:0,18256:0,18142:0,18274:0,18275:0,18276:0,18277:0,18161:0
GAMMA: 18180:0,18199:0,18218:0,18350:0,18351:0,18352:0,18353:0,18105:0,18106:0,18237:0,18111:0,18112:0,18113:0,18118:0,18119:0,18120:0,18121:0,18123:0,18256:0,18142:0,18274:0,18275:0,18276:0,18277:0,18161:0
BEGINACTIONS
U3
H
S
Z
X
RY
ENDACTIONS
18105 INIT_ 18106 1.000000
18106 U3 18111 0.999006
18106 U3 18112 0.000331
18106 U3 18106 0.000331
18106 U3 18113 0.000331
18106 H 18118 0.999503
18106 H 18119 0.000166
18106 H 18120 0.000166
18106 H 18121 0.000166
18106 S 18123 1.000000
18106 Z 18112 1.000000
18106 X 18113 0.999006
18106 X 18106 0.000331
18106 X 18112 0.000331
18106 X 18111 0.000331
18106 RY 18111 0.999006
18106 RY 18112 0.000331
18106 RY 18106 0.000331
18106 RY 18113 0.000331
18111 U3 18106 0.999006
18111 U3 18113 0.000331
18111 U3 18111 0.000331
18111 U3 18112 0.000331
18111 H 18120 0.999503
18111 H 18121 0.000166
18111 H 18118 0.000166
18111 H 18119 0.000166
18111 S 18142 1.000000
18111 Z 18113 1.000000
18111 X 18112 0.999006
18111 X 18111 0.000331
18111 X 18113 0.000331
18111 X 18106 0.000331
18111 RY 18106 0.999006
18111 RY 18113 0.000331
18111 RY 18111 0.000331
18111 RY 18112 0.000331
18112 U3 18113 0.999006
18112 U3 18106 0.000331
18112 U3 18112 0.000331
18112 U3 18111 0.000331
18112 H 18119 0.999503
18112 H 18118 0.000166
18112 H 18121 0.000166
18112 H 18120 0.000166
18112 S 18161 1.000000
18112 Z 18106 1.000000
18112 X 18111 0.999006
18112 X 18112 0.000331
18112 X 18106 0.000331
18112 X 18113 0.000331
18112 RY 18113 0.999006
18112 RY 18106 0.000331
18112 RY 18112 0.000331
18112 RY 18111 0.000331
18113 U3 18112 0.999006
18113 U3 18111 0.000331
18113 U3 18113 0.000331
18113 U3 18106 0.000331
18113 H 18121 0.999503
18113 H 18120 0.000166
18113 H 18119 0.000166
18113 H 18118 0.000166
18113 S 18180 1.000000
18113 Z 18111 1.000000
18113 X 18106 0.999006
18113 X 18113 0.000331
18113 X 18111 0.000331
18113 X 18112 0.000331
18113 RY 18112 0.999006
18113 RY 18111 0.000331
18113 RY 18113 0.000331
18113 RY 18106 0.000331
18118 U3 18120 0.999006
18118 U3 18121 0.000331
18118 U3 18118 0.000331
18118 U3 18119 0.000331
18118 H 18106 0.999503
18118 H 18113 0.000166
18118 H 18111 0.000166
18118 H 18112 0.000166
18118 S 18199 1.000000
18118 Z 18121 1.000000
18118 X 18119 0.999006
18118 X 18118 0.000331
18118 X 18121 0.000331
18118 X 18120 0.000331
18118 RY 18120 0.999006
18118 RY 18121 0.000331
18118 RY 18118 0.000331
18118 RY 18119 0.000331
18119 U3 18121 0.999006
18119 U3 18120 0.000331
18119 U3 18119 0.000331
18119 U3 18118 0.000331
18119 H 18112 0.999503
18119 H 18111 0.000166
18119 H 18113 0.000166
18119 H 18106 0.000166
18119 S 18218 1.000000
18119 Z 18120 1.000000
18119 X 18118 0.999006
18119 X 18119 0.000331
18119 X 18120 0.000331
18119 X 18121 0.000331
18119 RY 18121 0.999006
18119 RY 18120 0.000331
18119 RY 18119 0.000331
18119 RY 18118 0.000331
18120 U3 18118 0.999006
18120 U3 18119 0.000331
18120 U3 18120 0.000331
18120 U3 18121 0.000331
18120 H 18111 0.999503
18120 H 18112 0.000166
18120 H 18106 0.000166
18120 H 18113 0.000166
18120 S 18237 1.000000
18120 Z 18119 1.000000
18120 X 18121 0.999006
18120 X 18120 0.000331
18120 X 18119 0.000331
18120 X 18118 0.000331
18120 RY 18118 0.999006
18120 RY 18119 0.000331
18120 RY 18120 0.000331
18120 RY 18121 0.000331
18121 U3 18119 0.999006
18121 U3 18118 0.000331
18121 U3 18121 0.000331
18121 U3 18120 0.000331
18121 H 18113 0.999503
18121 H 18106 0.000166
18121 H 18112 0.000166
18121 H 18111 0.000166
18121 S 18256 1.000000
18121 Z 18118 1.000000
18121 X 18120 0.999006
18121 X 18121 0.000331
18121 X 18118 0.000331
18121 X 18119 0.000331
18121 RY 18119 0.999006
18121 RY 18118 0.000331
18121 RY 18121 0.000331
18121 RY 18120 0.000331
18123 U3 18180 0.999006
18123 U3 18161 0.000331
18123 U3 18123 0.000331
18123 U3 18142 0.000331
18123 H 18274 0.999503
18123 H 18275 0.000166
18123 H 18276 0.000166
18123 H 18277 0.000166
18123 S 18112 1.000000
18123 Z 18161 1.000000
18123 X 18142 0.999006
18123 X 18123 0.000331
18123 X 18161 0.000331
18123 X 18180 0.000331
18123 RY 18180 0.999006
18123 RY 18161 0.000331
18123 RY 18123 0.000331
18123 RY 18142 0.000331
18142 U3 18161 0.999006
18142 U3 18180 0.000331
18142 U3 18142 0.000331
18142 U3 18123 0.000331
18142 H 18277 0.999503
18142 H 18276 0.000166
18142 H 18275 0.000166
18142 H 18274 0.000166
18142 S 18113 1.000000
18142 Z 18180 1.000000
18142 X 18123 0.999006
18142 X 18142 0.000331
18142 X 18180 0.000331
18142 X 18161 0.000331
18142 RY 18161 0.999006
18142 RY 18180 0.000331
18142 RY 18142 0.000331
18142 RY 18123 0.000331
18161 U3 18142 0.999006
18161 U3 18123 0.000331
18161 U3 18161 0.000331
18161 U3 18180 0.000331
18161 H 18275 0.999503
18161 H 18274 0.000166
18161 H 18277 0.000166
18161 H 18276 0.000166
18161 S 18106 1.000000
18161 Z 18123 1.000000
18161 X 18180 0.999006
18161 X 18161 0.000331
18161 X 18123 0.000331
18161 X 18142 0.000331
18161 RY 18142 0.999006
18161 RY 18123 0.000331
18161 RY 18161 0.000331
18161 RY 18180 0.000331
18180 U3 18123 0.999006
18180 U3 18142 0.000331
18180 U3 18180 0.000331
18180 U3 18161 0.000331
18180 H 18276 0.999503
18180 H 18277 0.000166
18180 H 18274 0.000166
18180 H 18275 0.000166
18180 S 18111 1.000000
18180 Z 18142 1.000000
18180 X 18161 0.999006
18180 X 18180 0.000331
18180 X 18142 0.000331
18180 X 18123 0.000331
18180 RY 18123 0.999006
18180 RY 18142 0.000331
18180 RY 18180 0.000331
18180 RY 18161 0.000331
18199 U3 18218 0.999006
18199 U3 18256 0.000331
18199 U3 18199 0.000331
18199 U3 18237 0.000331
18199 H 18350 0.999503
18199 H 18351 0.000166
18199 H 18352 0.000166
18199 H 18353 0.000166
18199 S 18121 1.000000
18199 Z 18256 1.000000
18199 X 18237 0.999006
18199 X 18199 0.000331
18199 X 18256 0.000331
18199 X 18218 0.000331
18199 RY 18218 0.999006
18199 RY 18256 0.000331
18199 RY 18199 0.000331
18199 RY 18237 0.000331
18218 U3 18199 0.999006
18218 U3 18237 0.000331
18218 U3 18218 0.000331
18218 U3 18256 0.000331
18218 H 18352 0.999503
18218 H 18353 0.000166
18218 H 18350 0.000166
18218 H 18351 0.000166
18218 S 18120 1.000000
18218 Z 18237 1.000000
18218 X 18256 0.999006
18218 X 18218 0.000331
18218 X 18237 0.000331
18218 X 18199 0.000331
18218 RY 18199 0.999006
18218 RY 18237 0.000331
18218 RY 18218 0.000331
18218 RY 18256 0.000331
18237 U3 18256 0.999006
18237 U3 18218 0.000331
18237 U3 18237 0.000331
18237 U3 18199 0.000331
18237 H 18353 0.999503
18237 H 18352 0.000166
18237 H 18351 0.000166
18237 H 18350 0.000166
18237 S 18119 1.000000
18237 Z 18218 1.000000
18237 X 18199 0.999006
18237 X 18237 0.000331
18237 X 18218 0.000331
18237 X 18256 0.000331
18237 RY 18256 0.999006
18237 RY 18218 0.000331
18237 RY 18237 0.000331
18237 RY 18199 0.000331
18256 U3 18237 0.999006
18256 U3 18199 0.000331
18256 U3 18256 0.000331
18256 U3 18218 0.000331
18256 H 18351 0.999503
18256 H 18350 0.000166
18256 H 18353 0.000166
18256 H 18352 0.000166
18256 S 18118 1.000000
18256 Z 18199 1.000000
18256 X 18218 0.999006
18256 X 18256 0.000331
18256 X 18199 0.000331
18256 X 18237 0.000331
18256 RY 18237 0.999006
18256 RY 18199 0.000331
18256 RY 18256 0.000331
18256 RY 18218 0.000331
18274 U3 18276 0.999006
18274 U3 18277 0.000331
18274 U3 18274 0.000331
18274 U3 18275 0.000331
18274 H 18123 0.999503
18274 H 18142 0.000166
18274 H 18180 0.000166
18274 H 18161 0.000166
18274 S 18351 1.000000
18274 Z 18277 1.000000
18274 X 18275 0.999006
18274 X 18274 0.000331
18274 X 18277 0.000331
18274 X 18276 0.000331
18274 RY 18276 0.999006
18274 RY 18277 0.000331
18274 RY 18274 0.000331
18274 RY 18275 0.000331
18275 U3 18277 0.999006
18275 U3 18276 0.000331
18275 U3 18275 0.000331
18275 U3 18274 0.000331
18275 H 18161 0.999503
18275 H 18180 0.000166
18275 H 18142 0.000166
18275 H 18123 0.000166
18275 S 18353 1.000000
18275 Z 18276 1.000000
18275 X 18274 0.999006
18275 X 18275 0.000331
18275 X 18276 0.000331
18275 X 18277 0.000331
18275 RY 18277 0.999006
18275 RY 18276 0.000331
18275 RY 18275 0.000331
18275 RY 18274 0.000331
18276 U3 18274 0.999006
18276 U3 18275 0.000331
18276 U3 18276 0.000331
18276 U3 18277 0.000331
18276 H 18180 0.999503
18276 H 18161 0.000166
18276 H 18123 0.000166
18276 H 18142 0.000166
18276 S 18350 1.000000
18276 Z 18275 1.000000
18276 X 18277 0.999006
18276 X 18276 0.000331
18276 X 18275 0.000331
18276 X 18274 0.000331
18276 RY 18274 0.999006
18276 RY 18275 0.000331
18276 RY 18276 0.000331
18276 RY 18277 0.000331
18277 U3 18275 0.999006
18277 U3 18274 0.000331
18277 U3 18277 0.000331
18277 U3 18276 0.000331
18277 H 18142 0.999503
18277 H 18123 0.000166
18277 H 18161 0.000166
18277 H 18180 0.000166
18277 S 18352 1.000000
18277 Z 18274 1.000000
18277 X 18276 0.999006
18277 X 18277 0.000331
18277 X 18274 0.000331
18277 X 18275 0.000331
18277 RY 18275 0.999006
18277 RY 18274 0.000331
18277 RY 18277 0.000331
18277 RY 18276 0.000331
18350 U3 18352 0.999006
18350 U3 18353 0.000331
18350 U3 18350 0.000331
18350 U3 18351 0.000331
18350 H 18199 0.999503
18350 H 18237 0.000166
18350 H 18218 0.000166
18350 H 18256 0.000166
18350 S 18275 1.000000
18350 Z 18353 1.000000
18350 X 18351 0.999006
18350 X 18350 0.000331
18350 X 18353 0.000331
18350 X 18352 0.000331
18350 RY 18352 0.999006
18350 RY 18353 0.000331
18350 RY 18350 0.000331
18350 RY 18351 0.000331
18351 U3 18353 0.999006
18351 U3 18352 0.000331
18351 U3 18351 0.000331
18351 U3 18350 0.000331
18351 H 18256 0.999503
18351 H 18218 0.000166
18351 H 18237 0.000166
18351 H 18199 0.000166
18351 S 18277 1.000000
18351 Z 18352 1.000000
18351 X 18350 0.999006
18351 X 18351 0.000331
18351 X 18352 0.000331
18351 X 18353 0.000331
18351 RY 18353 0.999006
18351 RY 18352 0.000331
18351 RY 18351 0.000331
18351 RY 18350 0.000331
18352 U3 18350 0.999006
18352 U3 18351 0.000331
18352 U3 18352 0.000331
18352 U3 18353 0.000331
18352 H 18218 0.999503
18352 H 18256 0.000166
18352 H 18199 0.000166
18352 H 18237 0.000166
18352 S 18274 1.000000
18352 Z 18351 1.000000
18352 X 18353 0.999006
18352 X 18352 0.000331
18352 X 18351 0.000331
18352 X 18350 0.000331
18352 RY 18350 0.999006
18352 RY 18351 0.000331
18352 RY 18352 0.000331
18352 RY 18353 0.000331
18353 U3 18351 0.999006
18353 U3 18350 0.000331
18353 U3 18353 0.000331
18353 U3 18352 0.000331
18353 H 18237 0.999503
18353 H 18199 0.000166
18353 H 18256 0.000166
18353 H 18218 0.000166
18353 S 18276 1.000000
18353 Z 18350 1.000000
18353 X 18352 0.999006
18353 X 18353 0.000331
18353 X 18350 0.000331
18353 X 18351 0.000331
18353 RY 18351 0.999006
18353 RY 18350 0.000331
18353 RY 18353 0.000331
18353 RY 18352 0.000331
ENDPOMDP
