BEGINPOMDP
INITIALSTATE: 15025
STATES: 15116,15117,15118,15119,15128,15129,15025,15026,15031,15032,15033,15034,15037,15039,15041,15170,15171,15172,15173,15046,15047,15055,15057,15069,15071
REWARDS: 15116:0,15117:0,15118:0,15119:0,15128:0,15129:0,15025:0,15026:0,15031:0,15032:0,15033:0,15034:0,15037:0,15039:0,15041:0,15170:0,15171:0,15172:0,15173:0,15046:0,15047:1,15055:0,15057:0,15069:0,15071:0
GAMMA: 15116:0,15117:0,15118:0,15119:0,15128:0,15129:0,15025:0,15026:0,15031:0,15032:0,15033:0,15034:0,15037:0,15039:0,15041:0,15170:0,15171:0,15172:0,15173:0,15046:0,15047:0,15055:0,15057:0,15069:0,15071:0
BEGINACTIONS
SX
RZPI
RZ3PI
RZPIHalf
S
X
ENDACTIONS
15025 INIT_ 15026 1.000000
15026 SX 15031 0.999535
15026 SX 15032 0.000155
15026 SX 15033 0.000155
15026 SX 15034 0.000155
15026 RZPI 15026 1.000000
15026 RZ3PI 15037 1.000000
15026 RZPIHalf 15039 1.000000
15026 S 15041 1.000000
15026 X 15046 0.999535
15026 X 15026 0.000155
15026 X 15037 0.000155
15026 X 15047 0.000155
15031 SX 15046 0.999535
15031 SX 15026 0.000155
15031 SX 15037 0.000155
15031 SX 15047 0.000155
15031 RZPI 15031 1.000000
15031 RZ3PI 15034 1.000000
15031 RZPIHalf 15055 1.000000
15031 S 15057 1.000000
15031 X 15032 0.999535
15031 X 15031 0.000155
15031 X 15034 0.000155
15031 X 15033 0.000155
15032 SX 15026 0.999535
15032 SX 15046 0.000155
15032 SX 15047 0.000155
15032 SX 15037 0.000155
15032 RZPI 15032 1.000000
15032 RZ3PI 15033 1.000000
15032 RZPIHalf 15069 1.000000
15032 S 15071 1.000000
15032 X 15031 0.999535
15032 X 15032 0.000155
15032 X 15033 0.000155
15032 X 15034 0.000155
15033 SX 15047 0.999535
15033 SX 15037 0.000155
15033 SX 15026 0.000155
15033 SX 15046 0.000155
15033 RZPI 15033 1.000000
15033 RZ3PI 15032 1.000000
15033 RZPIHalf 15071 1.000000
15033 S 15069 1.000000
15033 X 15034 0.999535
15033 X 15033 0.000155
15033 X 15032 0.000155
15033 X 15031 0.000155
15034 SX 15037 0.999535
15034 SX 15047 0.000155
15034 SX 15046 0.000155
15034 SX 15026 0.000155
15034 RZPI 15034 1.000000
15034 RZ3PI 15031 1.000000
15034 RZPIHalf 15057 1.000000
15034 S 15055 1.000000
15034 X 15033 0.999535
15034 X 15034 0.000155
15034 X 15031 0.000155
15034 X 15032 0.000155
15037 SX 15033 0.999535
15037 SX 15034 0.000155
15037 SX 15031 0.000155
15037 SX 15032 0.000155
15037 RZPI 15037 1.000000
15037 RZ3PI 15026 1.000000
15037 RZPIHalf 15041 1.000000
15037 S 15039 1.000000
15037 X 15047 0.999535
15037 X 15037 0.000155
15037 X 15026 0.000155
15037 X 15046 0.000155
15039 SX 15116 0.999535
15039 SX 15117 0.000155
15039 SX 15118 0.000155
15039 SX 15119 0.000155
15039 RZPI 15039 1.000000
15039 RZ3PI 15041 1.000000
15039 RZPIHalf 15037 1.000000
15039 S 15026 1.000000
15039 X 15128 0.999535
15039 X 15039 0.000155
15039 X 15041 0.000155
15039 X 15129 0.000155
15041 SX 15118 0.999535
15041 SX 15119 0.000155
15041 SX 15116 0.000155
15041 SX 15117 0.000155
15041 RZPI 15041 1.000000
15041 RZ3PI 15039 1.000000
15041 RZPIHalf 15026 1.000000
15041 S 15037 1.000000
15041 X 15129 0.999535
15041 X 15041 0.000155
15041 X 15039 0.000155
15041 X 15128 0.000155
15046 SX 15032 0.999535
15046 SX 15031 0.000155
15046 SX 15034 0.000155
15046 SX 15033 0.000155
15046 RZPI 15046 1.000000
15046 RZ3PI 15047 1.000000
15046 RZPIHalf 15129 1.000000
15046 S 15128 1.000000
15046 X 15026 0.999535
15046 X 15046 0.000155
15046 X 15047 0.000155
15046 X 15037 0.000155
15047 SX 15034 0.999535
15047 SX 15033 0.000155
15047 SX 15032 0.000155
15047 SX 15031 0.000155
15047 RZPI 15047 1.000000
15047 RZ3PI 15046 1.000000
15047 RZPIHalf 15128 1.000000
15047 S 15129 1.000000
15047 X 15037 0.999535
15047 X 15047 0.000155
15047 X 15046 0.000155
15047 X 15026 0.000155
15055 SX 15170 0.999535
15055 SX 15171 0.000155
15055 SX 15172 0.000155
15055 SX 15173 0.000155
15055 RZPI 15055 1.000000
15055 RZ3PI 15057 1.000000
15055 RZPIHalf 15034 1.000000
15055 S 15031 1.000000
15055 X 15071 0.999535
15055 X 15055 0.000155
15055 X 15057 0.000155
15055 X 15069 0.000155
15057 SX 15172 0.999535
15057 SX 15173 0.000155
15057 SX 15170 0.000155
15057 SX 15171 0.000155
15057 RZPI 15057 1.000000
15057 RZ3PI 15055 1.000000
15057 RZPIHalf 15031 1.000000
15057 S 15034 1.000000
15057 X 15069 0.999535
15057 X 15057 0.000155
15057 X 15055 0.000155
15057 X 15071 0.000155
15069 SX 15173 0.999535
15069 SX 15172 0.000155
15069 SX 15171 0.000155
15069 SX 15170 0.000155
15069 RZPI 15069 1.000000
15069 RZ3PI 15071 1.000000
15069 RZPIHalf 15033 1.000000
15069 S 15032 1.000000
15069 X 15057 0.999535
15069 X 15069 0.000155
15069 X 15071 0.000155
15069 X 15055 0.000155
15071 SX 15171 0.999535
15071 SX 15170 0.000155
15071 SX 15173 0.000155
15071 SX 15172 0.000155
15071 RZPI 15071 1.000000
15071 RZ3PI 15069 1.000000
15071 RZPIHalf 15032 1.000000
15071 S 15033 1.000000
15071 X 15055 0.999535
15071 X 15071 0.000155
15071 X 15069 0.000155
15071 X 15057 0.000155
15116 SX 15128 0.999535
15116 SX 15039 0.000155
15116 SX 15041 0.000155
15116 SX 15129 0.000155
15116 RZPI 15116 1.000000
15116 RZ3PI 15119 1.000000
15116 RZPIHalf 15170 1.000000
15116 S 15173 1.000000
15116 X 15117 0.999535
15116 X 15116 0.000155
15116 X 15119 0.000155
15116 X 15118 0.000155
15117 SX 15039 0.999535
15117 SX 15128 0.000155
15117 SX 15129 0.000155
15117 SX 15041 0.000155
15117 RZPI 15117 1.000000
15117 RZ3PI 15118 1.000000
15117 RZPIHalf 15172 1.000000
15117 S 15171 1.000000
15117 X 15116 0.999535
15117 X 15117 0.000155
15117 X 15118 0.000155
15117 X 15119 0.000155
15118 SX 15129 0.999535
15118 SX 15041 0.000155
15118 SX 15039 0.000155
15118 SX 15128 0.000155
15118 RZPI 15118 1.000000
15118 RZ3PI 15117 1.000000
15118 RZPIHalf 15171 1.000000
15118 S 15172 1.000000
15118 X 15119 0.999535
15118 X 15118 0.000155
15118 X 15117 0.000155
15118 X 15116 0.000155
15119 SX 15041 0.999535
15119 SX 15129 0.000155
15119 SX 15128 0.000155
15119 SX 15039 0.000155
15119 RZPI 15119 1.000000
15119 RZ3PI 15116 1.000000
15119 RZPIHalf 15173 1.000000
15119 S 15170 1.000000
15119 X 15118 0.999535
15119 X 15119 0.000155
15119 X 15116 0.000155
15119 X 15117 0.000155
15128 SX 15117 0.999535
15128 SX 15116 0.000155
15128 SX 15119 0.000155
15128 SX 15118 0.000155
15128 RZPI 15128 1.000000
15128 RZ3PI 15129 1.000000
15128 RZPIHalf 15046 1.000000
15128 S 15047 1.000000
15128 X 15039 0.999535
15128 X 15128 0.000155
15128 X 15129 0.000155
15128 X 15041 0.000155
15129 SX 15119 0.999535
15129 SX 15118 0.000155
15129 SX 15117 0.000155
15129 SX 15116 0.000155
15129 RZPI 15129 1.000000
15129 RZ3PI 15128 1.000000
15129 RZPIHalf 15047 1.000000
15129 S 15046 1.000000
15129 X 15041 0.999535
15129 X 15129 0.000155
15129 X 15128 0.000155
15129 X 15039 0.000155
15170 SX 15071 0.999535
15170 SX 15055 0.000155
15170 SX 15057 0.000155
15170 SX 15069 0.000155
15170 RZPI 15170 1.000000
15170 RZ3PI 15173 1.000000
15170 RZPIHalf 15119 1.000000
15170 S 15116 1.000000
15170 X 15171 0.999535
15170 X 15170 0.000155
15170 X 15173 0.000155
15170 X 15172 0.000155
15171 SX 15055 0.999535
15171 SX 15071 0.000155
15171 SX 15069 0.000155
15171 SX 15057 0.000155
15171 RZPI 15171 1.000000
15171 RZ3PI 15172 1.000000
15171 RZPIHalf 15117 1.000000
15171 S 15118 1.000000
15171 X 15170 0.999535
15171 X 15171 0.000155
15171 X 15172 0.000155
15171 X 15173 0.000155
15172 SX 15069 0.999535
15172 SX 15057 0.000155
15172 SX 15055 0.000155
15172 SX 15071 0.000155
15172 RZPI 15172 1.000000
15172 RZ3PI 15171 1.000000
15172 RZPIHalf 15118 1.000000
15172 S 15117 1.000000
15172 X 15173 0.999535
15172 X 15172 0.000155
15172 X 15171 0.000155
15172 X 15170 0.000155
15173 SX 15057 0.999535
15173 SX 15069 0.000155
15173 SX 15071 0.000155
15173 SX 15055 0.000155
15173 RZPI 15173 1.000000
15173 RZ3PI 15170 1.000000
15173 RZPIHalf 15116 1.000000
15173 S 15119 1.000000
15173 X 15172 0.999535
15173 X 15173 0.000155
15173 X 15170 0.000155
15173 X 15171 0.000155
ENDPOMDP
