BEGINPOMDP
INITIALSTATE: 19958
STATES: 19970,19972,19974,20103,20104,20105,20106,19979,19980,19988,19990,20002,20004,20049,20050,20051,20052,20061,20062,19958,19959,19964,19965,19966,19967
REWARDS: 19970:0,19972:0,19974:0,20103:0,20104:0,20105:0,20106:0,19979:0,19980:1,19988:0,19990:0,20002:0,20004:0,20049:0,20050:0,20051:0,20052:0,20061:0,20062:0,19958:0,19959:0,19964:0,19965:0,19966:0,19967:0
GAMMA: 19970:0,19972:0,19974:0,20103:0,20104:0,20105:0,20106:0,19979:0,19980:0,19988:0,19990:0,20002:0,20004:0,20049:0,20050:0,20051:0,20052:0,20061:0,20062:0,19958:0,19959:0,19964:0,19965:0,19966:0,19967:0
BEGINACTIONS
SX
RZPI
RZ3PI
RZPIHalf
S
X
ENDACTIONS
19958 INIT_ 19959 1.000000
19959 SX 19964 0.999411
19959 SX 19965 0.000196
19959 SX 19966 0.000196
19959 SX 19967 0.000196
19959 RZPI 19959 1.000000
19959 RZ3PI 19970 1.000000
19959 RZPIHalf 19972 1.000000
19959 S 19974 1.000000
19959 X 19979 0.999411
19959 X 19959 0.000196
19959 X 19970 0.000196
19959 X 19980 0.000196
19964 SX 19979 0.999411
19964 SX 19959 0.000196
19964 SX 19970 0.000196
19964 SX 19980 0.000196
19964 RZPI 19964 1.000000
19964 RZ3PI 19967 1.000000
19964 RZPIHalf 19988 1.000000
19964 S 19990 1.000000
19964 X 19965 0.999411
19964 X 19964 0.000196
19964 X 19967 0.000196
19964 X 19966 0.000196
19965 SX 19959 0.999411
19965 SX 19979 0.000196
19965 SX 19980 0.000196
19965 SX 19970 0.000196
19965 RZPI 19965 1.000000
19965 RZ3PI 19966 1.000000
19965 RZPIHalf 20002 1.000000
19965 S 20004 1.000000
19965 X 19964 0.999411
19965 X 19965 0.000196
19965 X 19966 0.000196
19965 X 19967 0.000196
19966 SX 19980 0.999411
19966 SX 19970 0.000196
19966 SX 19959 0.000196
19966 SX 19979 0.000196
19966 RZPI 19966 1.000000
19966 RZ3PI 19965 1.000000
19966 RZPIHalf 20004 1.000000
19966 S 20002 1.000000
19966 X 19967 0.999411
19966 X 19966 0.000196
19966 X 19965 0.000196
19966 X 19964 0.000196
19967 SX 19970 0.999411
19967 SX 19980 0.000196
19967 SX 19979 0.000196
19967 SX 19959 0.000196
19967 RZPI 19967 1.000000
19967 RZ3PI 19964 1.000000
19967 RZPIHalf 19990 1.000000
19967 S 19988 1.000000
19967 X 19966 0.999411
19967 X 19967 0.000196
19967 X 19964 0.000196
19967 X 19965 0.000196
19970 SX 19966 0.999411
19970 SX 19967 0.000196
19970 SX 19964 0.000196
19970 SX 19965 0.000196
19970 RZPI 19970 1.000000
19970 RZ3PI 19959 1.000000
19970 RZPIHalf 19974 1.000000
19970 S 19972 1.000000
19970 X 19980 0.999411
19970 X 19970 0.000196
19970 X 19959 0.000196
19970 X 19979 0.000196
19972 SX 20049 0.999411
19972 SX 20050 0.000196
19972 SX 20051 0.000196
19972 SX 20052 0.000196
19972 RZPI 19972 1.000000
19972 RZ3PI 19974 1.000000
19972 RZPIHalf 19970 1.000000
19972 S 19959 1.000000
19972 X 20061 0.999411
19972 X 19972 0.000196
19972 X 19974 0.000196
19972 X 20062 0.000196
19974 SX 20051 0.999411
19974 SX 20052 0.000196
19974 SX 20049 0.000196
19974 SX 20050 0.000196
19974 RZPI 19974 1.000000
19974 RZ3PI 19972 1.000000
19974 RZPIHalf 19959 1.000000
19974 S 19970 1.000000
19974 X 20062 0.999411
19974 X 19974 0.000196
19974 X 19972 0.000196
19974 X 20061 0.000196
19979 SX 19965 0.999411
19979 SX 19964 0.000196
19979 SX 19967 0.000196
19979 SX 19966 0.000196
19979 RZPI 19979 1.000000
19979 RZ3PI 19980 1.000000
19979 RZPIHalf 20062 1.000000
19979 S 20061 1.000000
19979 X 19959 0.999411
19979 X 19979 0.000196
19979 X 19980 0.000196
19979 X 19970 0.000196
19980 SX 19967 0.999411
19980 SX 19966 0.000196
19980 SX 19965 0.000196
19980 SX 19964 0.000196
19980 RZPI 19980 1.000000
19980 RZ3PI 19979 1.000000
19980 RZPIHalf 20061 1.000000
19980 S 20062 1.000000
19980 X 19970 0.999411
19980 X 19980 0.000196
19980 X 19979 0.000196
19980 X 19959 0.000196
19988 SX 20103 0.999411
19988 SX 20104 0.000196
19988 SX 20105 0.000196
19988 SX 20106 0.000196
19988 RZPI 19988 1.000000
19988 RZ3PI 19990 1.000000
19988 RZPIHalf 19967 1.000000
19988 S 19964 1.000000
19988 X 20004 0.999411
19988 X 19988 0.000196
19988 X 19990 0.000196
19988 X 20002 0.000196
19990 SX 20105 0.999411
19990 SX 20106 0.000196
19990 SX 20103 0.000196
19990 SX 20104 0.000196
19990 RZPI 19990 1.000000
19990 RZ3PI 19988 1.000000
19990 RZPIHalf 19964 1.000000
19990 S 19967 1.000000
19990 X 20002 0.999411
19990 X 19990 0.000196
19990 X 19988 0.000196
19990 X 20004 0.000196
20002 SX 20106 0.999411
20002 SX 20105 0.000196
20002 SX 20104 0.000196
20002 SX 20103 0.000196
20002 RZPI 20002 1.000000
20002 RZ3PI 20004 1.000000
20002 RZPIHalf 19966 1.000000
20002 S 19965 1.000000
20002 X 19990 0.999411
20002 X 20002 0.000196
20002 X 20004 0.000196
20002 X 19988 0.000196
20004 SX 20104 0.999411
20004 SX 20103 0.000196
20004 SX 20106 0.000196
20004 SX 20105 0.000196
20004 RZPI 20004 1.000000
20004 RZ3PI 20002 1.000000
20004 RZPIHalf 19965 1.000000
20004 S 19966 1.000000
20004 X 19988 0.999411
20004 X 20004 0.000196
20004 X 20002 0.000196
20004 X 19990 0.000196
20049 SX 20061 0.999411
20049 SX 19972 0.000196
20049 SX 19974 0.000196
20049 SX 20062 0.000196
20049 RZPI 20049 1.000000
20049 RZ3PI 20052 1.000000
20049 RZPIHalf 20103 1.000000
20049 S 20106 1.000000
20049 X 20050 0.999411
20049 X 20049 0.000196
20049 X 20052 0.000196
20049 X 20051 0.000196
20050 SX 19972 0.999411
20050 SX 20061 0.000196
20050 SX 20062 0.000196
20050 SX 19974 0.000196
20050 RZPI 20050 1.000000
20050 RZ3PI 20051 1.000000
20050 RZPIHalf 20105 1.000000
20050 S 20104 1.000000
20050 X 20049 0.999411
20050 X 20050 0.000196
20050 X 20051 0.000196
20050 X 20052 0.000196
20051 SX 20062 0.999411
20051 SX 19974 0.000196
20051 SX 19972 0.000196
20051 SX 20061 0.000196
20051 RZPI 20051 1.000000
20051 RZ3PI 20050 1.000000
20051 RZPIHalf 20104 1.000000
20051 S 20105 1.000000
20051 X 20052 0.999411
20051 X 20051 0.000196
20051 X 20050 0.000196
20051 X 20049 0.000196
20052 SX 19974 0.999411
20052 SX 20062 0.000196
20052 SX 20061 0.000196
20052 SX 19972 0.000196
20052 RZPI 20052 1.000000
20052 RZ3PI 20049 1.000000
20052 RZPIHalf 20106 1.000000
20052 S 20103 1.000000
20052 X 20051 0.999411
20052 X 20052 0.000196
20052 X 20049 0.000196
20052 X 20050 0.000196
20061 SX 20050 0.999411
20061 SX 20049 0.000196
20061 SX 20052 0.000196
20061 SX 20051 0.000196
20061 RZPI 20061 1.000000
20061 RZ3PI 20062 1.000000
20061 RZPIHalf 19979 1.000000
20061 S 19980 1.000000
20061 X 19972 0.999411
20061 X 20061 0.000196
20061 X 20062 0.000196
20061 X 19974 0.000196
20062 SX 20052 0.999411
20062 SX 20051 0.000196
20062 SX 20050 0.000196
20062 SX 20049 0.000196
20062 RZPI 20062 1.000000
20062 RZ3PI 20061 1.000000
20062 RZPIHalf 19980 1.000000
20062 S 19979 1.000000
20062 X 19974 0.999411
20062 X 20062 0.000196
20062 X 20061 0.000196
20062 X 19972 0.000196
20103 SX 20004 0.999411
20103 SX 19988 0.000196
20103 SX 19990 0.000196
20103 SX 20002 0.000196
20103 RZPI 20103 1.000000
20103 RZ3PI 20106 1.000000
20103 RZPIHalf 20052 1.000000
20103 S 20049 1.000000
20103 X 20104 0.999411
20103 X 20103 0.000196
20103 X 20106 0.000196
20103 X 20105 0.000196
20104 SX 19988 0.999411
20104 SX 20004 0.000196
20104 SX 20002 0.000196
20104 SX 19990 0.000196
20104 RZPI 20104 1.000000
20104 RZ3PI 20105 1.000000
20104 RZPIHalf 20050 1.000000
20104 S 20051 1.000000
20104 X 20103 0.999411
20104 X 20104 0.000196
20104 X 20105 0.000196
20104 X 20106 0.000196
20105 SX 20002 0.999411
20105 SX 19990 0.000196
20105 SX 19988 0.000196
20105 SX 20004 0.000196
20105 RZPI 20105 1.000000
20105 RZ3PI 20104 1.000000
20105 RZPIHalf 20051 1.000000
20105 S 20050 1.000000
20105 X 20106 0.999411
20105 X 20105 0.000196
20105 X 20104 0.000196
20105 X 20103 0.000196
20106 SX 19990 0.999411
20106 SX 20002 0.000196
20106 SX 20004 0.000196
20106 SX 19988 0.000196
20106 RZPI 20106 1.000000
20106 RZ3PI 20103 1.000000
20106 RZPIHalf 20049 1.000000
20106 S 20052 1.000000
20106 X 20105 0.999411
20106 X 20106 0.000196
20106 X 20103 0.000196
20106 X 20104 0.000196
ENDPOMDP
