BEGINPOMDP
INITIALSTATE: 13773
STATES: 13864,13865,13866,13867,13876,13877,13773,13774,13779,13780,13781,13782,13785,13787,13789,13918,13919,13920,13921,13794,13795,13803,13805,13817,13819
REWARDS: 13864:0,13865:0,13866:0,13867:0,13876:0,13877:0,13773:0,13774:0,13779:0,13780:0,13781:0,13782:0,13785:0,13787:0,13789:0,13918:0,13919:0,13920:0,13921:0,13794:0,13795:1,13803:0,13805:0,13817:0,13819:0
GAMMA: 13864:0,13865:0,13866:0,13867:0,13876:0,13877:0,13773:0,13774:0,13779:0,13780:0,13781:0,13782:0,13785:0,13787:0,13789:0,13918:0,13919:0,13920:0,13921:0,13794:0,13795:0,13803:0,13805:0,13817:0,13819:0
BEGINACTIONS
SX
RZPI
RZ3PI
RZPIHalf
S
X
ENDACTIONS
13773 INIT_ 13774 1.000000
13774 SX 13779 0.999434
13774 SX 13780 0.000189
13774 SX 13781 0.000189
13774 SX 13782 0.000189
13774 RZPI 13774 1.000000
13774 RZ3PI 13785 1.000000
13774 RZPIHalf 13787 1.000000
13774 S 13789 1.000000
13774 X 13794 0.999434
13774 X 13774 0.000189
13774 X 13785 0.000189
13774 X 13795 0.000189
13779 SX 13794 0.999434
13779 SX 13774 0.000189
13779 SX 13785 0.000189
13779 SX 13795 0.000189
13779 RZPI 13779 1.000000
13779 RZ3PI 13782 1.000000
13779 RZPIHalf 13803 1.000000
13779 S 13805 1.000000
13779 X 13780 0.999434
13779 X 13779 0.000189
13779 X 13782 0.000189
13779 X 13781 0.000189
13780 SX 13774 0.999434
13780 SX 13794 0.000189
13780 SX 13795 0.000189
13780 SX 13785 0.000189
13780 RZPI 13780 1.000000
13780 RZ3PI 13781 1.000000
13780 RZPIHalf 13817 1.000000
13780 S 13819 1.000000
13780 X 13779 0.999434
13780 X 13780 0.000189
13780 X 13781 0.000189
13780 X 13782 0.000189
13781 SX 13795 0.999434
13781 SX 13785 0.000189
13781 SX 13774 0.000189
13781 SX 13794 0.000189
13781 RZPI 13781 1.000000
13781 RZ3PI 13780 1.000000
13781 RZPIHalf 13819 1.000000
13781 S 13817 1.000000
13781 X 13782 0.999434
13781 X 13781 0.000189
13781 X 13780 0.000189
13781 X 13779 0.000189
13782 SX 13785 0.999434
13782 SX 13795 0.000189
13782 SX 13794 0.000189
13782 SX 13774 0.000189
13782 RZPI 13782 1.000000
13782 RZ3PI 13779 1.000000
13782 RZPIHalf 13805 1.000000
13782 S 13803 1.000000
13782 X 13781 0.999434
13782 X 13782 0.000189
13782 X 13779 0.000189
13782 X 13780 0.000189
13785 SX 13781 0.999434
13785 SX 13782 0.000189
13785 SX 13779 0.000189
13785 SX 13780 0.000189
13785 RZPI 13785 1.000000
13785 RZ3PI 13774 1.000000
13785 RZPIHalf 13789 1.000000
13785 S 13787 1.000000
13785 X 13795 0.999434
13785 X 13785 0.000189
13785 X 13774 0.000189
13785 X 13794 0.000189
13787 SX 13864 0.999434
13787 SX 13865 0.000189
13787 SX 13866 0.000189
13787 SX 13867 0.000189
13787 RZPI 13787 1.000000
13787 RZ3PI 13789 1.000000
13787 RZPIHalf 13785 1.000000
13787 S 13774 1.000000
13787 X 13876 0.999434
13787 X 13787 0.000189
13787 X 13789 0.000189
13787 X 13877 0.000189
13789 SX 13866 0.999434
13789 SX 13867 0.000189
13789 SX 13864 0.000189
13789 SX 13865 0.000189
13789 RZPI 13789 1.000000
13789 RZ3PI 13787 1.000000
13789 RZPIHalf 13774 1.000000
13789 S 13785 1.000000
13789 X 13877 0.999434
13789 X 13789 0.000189
13789 X 13787 0.000189
13789 X 13876 0.000189
13794 SX 13780 0.999434
13794 SX 13779 0.000189
13794 SX 13782 0.000189
13794 SX 13781 0.000189
13794 RZPI 13794 1.000000
13794 RZ3PI 13795 1.000000
13794 RZPIHalf 13877 1.000000
13794 S 13876 1.000000
13794 X 13774 0.999434
13794 X 13794 0.000189
13794 X 13795 0.000189
13794 X 13785 0.000189
13795 SX 13782 0.999434
13795 SX 13781 0.000189
13795 SX 13780 0.000189
13795 SX 13779 0.000189
13795 RZPI 13795 1.000000
13795 RZ3PI 13794 1.000000
13795 RZPIHalf 13876 1.000000
13795 S 13877 1.000000
13795 X 13785 0.999434
13795 X 13795 0.000189
13795 X 13794 0.000189
13795 X 13774 0.000189
13803 SX 13918 0.999434
13803 SX 13919 0.000189
13803 SX 13920 0.000189
13803 SX 13921 0.000189
13803 RZPI 13803 1.000000
13803 RZ3PI 13805 1.000000
13803 RZPIHalf 13782 1.000000
13803 S 13779 1.000000
13803 X 13819 0.999434
13803 X 13803 0.000189
13803 X 13805 0.000189
13803 X 13817 0.000189
13805 SX 13920 0.999434
13805 SX 13921 0.000189
13805 SX 13918 0.000189
13805 SX 13919 0.000189
13805 RZPI 13805 1.000000
13805 RZ3PI 13803 1.000000
13805 RZPIHalf 13779 1.000000
13805 S 13782 1.000000
13805 X 13817 0.999434
13805 X 13805 0.000189
13805 X 13803 0.000189
13805 X 13819 0.000189
13817 SX 13921 0.999434
13817 SX 13920 0.000189
13817 SX 13919 0.000189
13817 SX 13918 0.000189
13817 RZPI 13817 1.000000
13817 RZ3PI 13819 1.000000
13817 RZPIHalf 13781 1.000000
13817 S 13780 1.000000
13817 X 13805 0.999434
13817 X 13817 0.000189
13817 X 13819 0.000189
13817 X 13803 0.000189
13819 SX 13919 0.999434
13819 SX 13918 0.000189
13819 SX 13921 0.000189
13819 SX 13920 0.000189
13819 RZPI 13819 1.000000
13819 RZ3PI 13817 1.000000
13819 RZPIHalf 13780 1.000000
13819 S 13781 1.000000
13819 X 13803 0.999434
13819 X 13819 0.000189
13819 X 13817 0.000189
13819 X 13805 0.000189
13864 SX 13876 0.999434
13864 SX 13787 0.000189
13864 SX 13789 0.000189
13864 SX 13877 0.000189
13864 RZPI 13864 1.000000
13864 RZ3PI 13867 1.000000
13864 RZPIHalf 13918 1.000000
13864 S 13921 1.000000
13864 X 13865 0.999434
13864 X 13864 0.000189
13864 X 13867 0.000189
13864 X 13866 0.000189
13865 SX 13787 0.999434
13865 SX 13876 0.000189
13865 SX 13877 0.000189
13865 SX 13789 0.000189
13865 RZPI 13865 1.000000
13865 RZ3PI 13866 1.000000
13865 RZPIHalf 13920 1.000000
13865 S 13919 1.000000
13865 X 13864 0.999434
13865 X 13865 0.000189
13865 X 13866 0.000189
13865 X 13867 0.000189
13866 SX 13877 0.999434
13866 SX 13789 0.000189
13866 SX 13787 0.000189
13866 SX 13876 0.000189
13866 RZPI 13866 1.000000
13866 RZ3PI 13865 1.000000
13866 RZPIHalf 13919 1.000000
13866 S 13920 1.000000
13866 X 13867 0.999434
13866 X 13866 0.000189
13866 X 13865 0.000189
13866 X 13864 0.000189
13867 SX 13789 0.999434
13867 SX 13877 0.000189
13867 SX 13876 0.000189
13867 SX 13787 0.000189
13867 RZPI 13867 1.000000
13867 RZ3PI 13864 1.000000
13867 RZPIHalf 13921 1.000000
13867 S 13918 1.000000
13867 X 13866 0.999434
13867 X 13867 0.000189
13867 X 13864 0.000189
13867 X 13865 0.000189
13876 SX 13865 0.999434
13876 SX 13864 0.000189
13876 SX 13867 0.000189
13876 SX 13866 0.000189
13876 RZPI 13876 1.000000
13876 RZ3PI 13877 1.000000
13876 RZPIHalf 13794 1.000000
13876 S 13795 1.000000
13876 X 13787 0.999434
13876 X 13876 0.000189
13876 X 13877 0.000189
13876 X 13789 0.000189
13877 SX 13867 0.999434
13877 SX 13866 0.000189
13877 SX 13865 0.000189
13877 SX 13864 0.000189
13877 RZPI 13877 1.000000
13877 RZ3PI 13876 1.000000
13877 RZPIHalf 13795 1.000000
13877 S 13794 1.000000
13877 X 13789 0.999434
13877 X 13877 0.000189
13877 X 13876 0.000189
13877 X 13787 0.000189
13918 SX 13819 0.999434
13918 SX 13803 0.000189
13918 SX 13805 0.000189
13918 SX 13817 0.000189
13918 RZPI 13918 1.000000
13918 RZ3PI 13921 1.000000
13918 RZPIHalf 13867 1.000000
13918 S 13864 1.000000
13918 X 13919 0.999434
13918 X 13918 0.000189
13918 X 13921 0.000189
13918 X 13920 0.000189
13919 SX 13803 0.999434
13919 SX 13819 0.000189
13919 SX 13817 0.000189
13919 SX 13805 0.000189
13919 RZPI 13919 1.000000
13919 RZ3PI 13920 1.000000
13919 RZPIHalf 13865 1.000000
13919 S 13866 1.000000
13919 X 13918 0.999434
13919 X 13919 0.000189
13919 X 13920 0.000189
13919 X 13921 0.000189
13920 SX 13817 0.999434
13920 SX 13805 0.000189
13920 SX 13803 0.000189
13920 SX 13819 0.000189
13920 RZPI 13920 1.000000
13920 RZ3PI 13919 1.000000
13920 RZPIHalf 13866 1.000000
13920 S 13865 1.000000
13920 X 13921 0.999434
13920 X 13920 0.000189
13920 X 13919 0.000189
13920 X 13918 0.000189
13921 SX 13805 0.999434
13921 SX 13817 0.000189
13921 SX 13819 0.000189
13921 SX 13803 0.000189
13921 RZPI 13921 1.000000
13921 RZ3PI 13918 1.000000
13921 RZPIHalf 13864 1.000000
13921 S 13867 1.000000
13921 X 13920 0.999434
13921 X 13921 0.000189
13921 X 13918 0.000189
13921 X 13919 0.000189
ENDPOMDP
