BEGINPOMDP
INITIALSTATE: 23088
STATES: 23179,23180,23181,23182,23191,23192,23088,23089,23094,23095,23096,23097,23100,23102,23104,23233,23234,23235,23236,23109,23110,23118,23120,23132,23134
REWARDS: 23179:0,23180:0,23181:0,23182:0,23191:0,23192:0,23088:0,23089:0,23094:0,23095:0,23096:0,23097:0,23100:0,23102:0,23104:0,23233:0,23234:0,23235:0,23236:0,23109:0,23110:1,23118:0,23120:0,23132:0,23134:0
GAMMA: 23179:0,23180:0,23181:0,23182:0,23191:0,23192:0,23088:0,23089:0,23094:0,23095:0,23096:0,23097:0,23100:0,23102:0,23104:0,23233:0,23234:0,23235:0,23236:0,23109:0,23110:0,23118:0,23120:0,23132:0,23134:0
BEGINACTIONS
SX
RZPI
RZ3PI
RZPIHalf
S
X
ENDACTIONS
23088 INIT_ 23089 1.000000
23089 SX 23094 0.995158
23089 SX 23095 0.001614
23089 SX 23096 0.001614
23089 SX 23097 0.001614
23089 RZPI 23089 1.000000
23089 RZ3PI 23100 1.000000
23089 RZPIHalf 23102 1.000000
23089 S 23104 1.000000
23089 X 23109 0.995158
23089 X 23089 0.001614
23089 X 23100 0.001614
23089 X 23110 0.001614
23094 SX 23109 0.995158
23094 SX 23089 0.001614
23094 SX 23100 0.001614
23094 SX 23110 0.001614
23094 RZPI 23094 1.000000
23094 RZ3PI 23097 1.000000
23094 RZPIHalf 23118 1.000000
23094 S 23120 1.000000
23094 X 23095 0.995158
23094 X 23094 0.001614
23094 X 23097 0.001614
23094 X 23096 0.001614
23095 SX 23089 0.995158
23095 SX 23109 0.001614
23095 SX 23110 0.001614
23095 SX 23100 0.001614
23095 RZPI 23095 1.000000
23095 RZ3PI 23096 1.000000
23095 RZPIHalf 23132 1.000000
23095 S 23134 1.000000
23095 X 23094 0.995158
23095 X 23095 0.001614
23095 X 23096 0.001614
23095 X 23097 0.001614
23096 SX 23110 0.995158
23096 SX 23100 0.001614
23096 SX 23089 0.001614
23096 SX 23109 0.001614
23096 RZPI 23096 1.000000
23096 RZ3PI 23095 1.000000
23096 RZPIHalf 23134 1.000000
23096 S 23132 1.000000
23096 X 23097 0.995158
23096 X 23096 0.001614
23096 X 23095 0.001614
23096 X 23094 0.001614
23097 SX 23100 0.995158
23097 SX 23110 0.001614
23097 SX 23109 0.001614
23097 SX 23089 0.001614
23097 RZPI 23097 1.000000
23097 RZ3PI 23094 1.000000
23097 RZPIHalf 23120 1.000000
23097 S 23118 1.000000
23097 X 23096 0.995158
23097 X 23097 0.001614
23097 X 23094 0.001614
23097 X 23095 0.001614
23100 SX 23096 0.995158
23100 SX 23097 0.001614
23100 SX 23094 0.001614
23100 SX 23095 0.001614
23100 RZPI 23100 1.000000
23100 RZ3PI 23089 1.000000
23100 RZPIHalf 23104 1.000000
23100 S 23102 1.000000
23100 X 23110 0.995158
23100 X 23100 0.001614
23100 X 23089 0.001614
23100 X 23109 0.001614
23102 SX 23179 0.995158
23102 SX 23180 0.001614
23102 SX 23181 0.001614
23102 SX 23182 0.001614
23102 RZPI 23102 1.000000
23102 RZ3PI 23104 1.000000
23102 RZPIHalf 23100 1.000000
23102 S 23089 1.000000
23102 X 23191 0.995158
23102 X 23102 0.001614
23102 X 23104 0.001614
23102 X 23192 0.001614
23104 SX 23181 0.995158
23104 SX 23182 0.001614
23104 SX 23179 0.001614
23104 SX 23180 0.001614
23104 RZPI 23104 1.000000
23104 RZ3PI 23102 1.000000
23104 RZPIHalf 23089 1.000000
23104 S 23100 1.000000
23104 X 23192 0.995158
23104 X 23104 0.001614
23104 X 23102 0.001614
23104 X 23191 0.001614
23109 SX 23095 0.995158
23109 SX 23094 0.001614
23109 SX 23097 0.001614
23109 SX 23096 0.001614
23109 RZPI 23109 1.000000
23109 RZ3PI 23110 1.000000
23109 RZPIHalf 23192 1.000000
23109 S 23191 1.000000
23109 X 23089 0.995158
23109 X 23109 0.001614
23109 X 23110 0.001614
23109 X 23100 0.001614
23110 SX 23097 0.995158
23110 SX 23096 0.001614
23110 SX 23095 0.001614
23110 SX 23094 0.001614
23110 RZPI 23110 1.000000
23110 RZ3PI 23109 1.000000
23110 RZPIHalf 23191 1.000000
23110 S 23192 1.000000
23110 X 23100 0.995158
23110 X 23110 0.001614
23110 X 23109 0.001614
23110 X 23089 0.001614
23118 SX 23233 0.995158
23118 SX 23234 0.001614
23118 SX 23235 0.001614
23118 SX 23236 0.001614
23118 RZPI 23118 1.000000
23118 RZ3PI 23120 1.000000
23118 RZPIHalf 23097 1.000000
23118 S 23094 1.000000
23118 X 23134 0.995158
23118 X 23118 0.001614
23118 X 23120 0.001614
23118 X 23132 0.001614
23120 SX 23235 0.995158
23120 SX 23236 0.001614
23120 SX 23233 0.001614
23120 SX 23234 0.001614
23120 RZPI 23120 1.000000
23120 RZ3PI 23118 1.000000
23120 RZPIHalf 23094 1.000000
23120 S 23097 1.000000
23120 X 23132 0.995158
23120 X 23120 0.001614
23120 X 23118 0.001614
23120 X 23134 0.001614
23132 SX 23236 0.995158
23132 SX 23235 0.001614
23132 SX 23234 0.001614
23132 SX 23233 0.001614
23132 RZPI 23132 1.000000
23132 RZ3PI 23134 1.000000
23132 RZPIHalf 23096 1.000000
23132 S 23095 1.000000
23132 X 23120 0.995158
23132 X 23132 0.001614
23132 X 23134 0.001614
23132 X 23118 0.001614
23134 SX 23234 0.995158
23134 SX 23233 0.001614
23134 SX 23236 0.001614
23134 SX 23235 0.001614
23134 RZPI 23134 1.000000
23134 RZ3PI 23132 1.000000
23134 RZPIHalf 23095 1.000000
23134 S 23096 1.000000
23134 X 23118 0.995158
23134 X 23134 0.001614
23134 X 23132 0.001614
23134 X 23120 0.001614
23179 SX 23191 0.995158
23179 SX 23102 0.001614
23179 SX 23104 0.001614
23179 SX 23192 0.001614
23179 RZPI 23179 1.000000
23179 RZ3PI 23182 1.000000
23179 RZPIHalf 23233 1.000000
23179 S 23236 1.000000
23179 X 23180 0.995158
23179 X 23179 0.001614
23179 X 23182 0.001614
23179 X 23181 0.001614
23180 SX 23102 0.995158
23180 SX 23191 0.001614
23180 SX 23192 0.001614
23180 SX 23104 0.001614
23180 RZPI 23180 1.000000
23180 RZ3PI 23181 1.000000
23180 RZPIHalf 23235 1.000000
23180 S 23234 1.000000
23180 X 23179 0.995158
23180 X 23180 0.001614
23180 X 23181 0.001614
23180 X 23182 0.001614
23181 SX 23192 0.995158
23181 SX 23104 0.001614
23181 SX 23102 0.001614
23181 SX 23191 0.001614
23181 RZPI 23181 1.000000
23181 RZ3PI 23180 1.000000
23181 RZPIHalf 23234 1.000000
23181 S 23235 1.000000
23181 X 23182 0.995158
23181 X 23181 0.001614
23181 X 23180 0.001614
23181 X 23179 0.001614
23182 SX 23104 0.995158
23182 SX 23192 0.001614
23182 SX 23191 0.001614
23182 SX 23102 0.001614
23182 RZPI 23182 1.000000
23182 RZ3PI 23179 1.000000
23182 RZPIHalf 23236 1.000000
23182 S 23233 1.000000
23182 X 23181 0.995158
23182 X 23182 0.001614
23182 X 23179 0.001614
23182 X 23180 0.001614
23191 SX 23180 0.995158
23191 SX 23179 0.001614
23191 SX 23182 0.001614
23191 SX 23181 0.001614
23191 RZPI 23191 1.000000
23191 RZ3PI 23192 1.000000
23191 RZPIHalf 23109 1.000000
23191 S 23110 1.000000
23191 X 23102 0.995158
23191 X 23191 0.001614
23191 X 23192 0.001614
23191 X 23104 0.001614
23192 SX 23182 0.995158
23192 SX 23181 0.001614
23192 SX 23180 0.001614
23192 SX 23179 0.001614
23192 RZPI 23192 1.000000
23192 RZ3PI 23191 1.000000
23192 RZPIHalf 23110 1.000000
23192 S 23109 1.000000
23192 X 23104 0.995158
23192 X 23192 0.001614
23192 X 23191 0.001614
23192 X 23102 0.001614
23233 SX 23134 0.995158
23233 SX 23118 0.001614
23233 SX 23120 0.001614
23233 SX 23132 0.001614
23233 RZPI 23233 1.000000
23233 RZ3PI 23236 1.000000
23233 RZPIHalf 23182 1.000000
23233 S 23179 1.000000
23233 X 23234 0.995158
23233 X 23233 0.001614
23233 X 23236 0.001614
23233 X 23235 0.001614
23234 SX 23118 0.995158
23234 SX 23134 0.001614
23234 SX 23132 0.001614
23234 SX 23120 0.001614
23234 RZPI 23234 1.000000
23234 RZ3PI 23235 1.000000
23234 RZPIHalf 23180 1.000000
23234 S 23181 1.000000
23234 X 23233 0.995158
23234 X 23234 0.001614
23234 X 23235 0.001614
23234 X 23236 0.001614
23235 SX 23132 0.995158
23235 SX 23120 0.001614
23235 SX 23118 0.001614
23235 SX 23134 0.001614
23235 RZPI 23235 1.000000
23235 RZ3PI 23234 1.000000
23235 RZPIHalf 23181 1.000000
23235 S 23180 1.000000
23235 X 23236 0.995158
23235 X 23235 0.001614
23235 X 23234 0.001614
23235 X 23233 0.001614
23236 SX 23120 0.995158
23236 SX 23132 0.001614
23236 SX 23134 0.001614
23236 SX 23118 0.001614
23236 RZPI 23236 1.000000
23236 RZ3PI 23233 1.000000
23236 RZPIHalf 23179 1.000000
23236 S 23182 1.000000
23236 X 23235 0.995158
23236 X 23236 0.001614
23236 X 23233 0.001614
23236 X 23234 0.001614
ENDPOMDP
