BEGINPOMDP
INITIALSTATE: 104373
STATES: 104455,104456,104460,104461,104718,104720,104373,104374,104505,104378,104379,104506,104383,104385,104514,104387,104518,104391,104392,104519,104527,104400,104528,104402,104532,104533,104406,104407,104445,104446
REWARDS: 104455:0,104456:0,104460:0,104461:0,104718:0,104720:0,104373:0,104374:0,104505:0,104378:0,104379:0,104506:0,104383:0,104385:0,104514:0,104387:0,104518:0,104391:0,104392:1,104519:0,104527:0,104400:0,104528:0,104402:0,104532:0,104533:0,104406:0,104407:0,104445:0,104446:0
GAMMA: 104455:0,104456:0,104460:0,104461:0,104718:0,104720:0,104373:0,104374:0,104505:0,104378:0,104379:0,104506:0,104383:0,104385:0,104514:0,104387:0,104518:0,104391:0,104392:0,104519:0,104527:0,104400:0,104528:0,104402:0,104532:0,104533:0,104406:0,104407:0,104445:0,104446:0
BEGINACTIONS
SX
RZPI
RZ3PI
RZPIHalf
S
X
ENDACTIONS
104373 INIT_ 104374 1.000000
104373 SX 104505 0.998306
104373 SX 104506 0.001254
104373 SX 104373 0.000441
104373 RZPI 104373 1.000000
104373 RZ3PI 104373 1.000000
104373 RZPIHalf 104373 1.000000
104373 S 104373 1.000000
104373 X 104514 0.999559
104373 X 104373 0.000441
104374 SX 104378 0.998306
104374 SX 104379 0.001254
104374 RZPI 104374 1.000000
104374 RZ3PI 104383 1.000000
104374 RZPIHalf 104385 1.000000
104374 S 104387 1.000000
104374 X 104391 0.998306
104374 X 104392 0.001254
104378 SX 104391 0.998306
104378 SX 104392 0.001254
104378 SX 104373 0.000441
104378 RZPI 104378 1.000000
104378 RZ3PI 104379 1.000000
104378 RZPIHalf 104400 1.000000
104378 S 104402 1.000000
104378 X 104406 0.998306
104378 X 104407 0.001254
104379 SX 104383 0.998306
104379 SX 104374 0.001254
104379 SX 104373 0.000441
104379 RZPI 104379 1.000000
104379 RZ3PI 104378 1.000000
104379 RZPIHalf 104402 1.000000
104379 S 104400 1.000000
104379 X 104407 0.998306
104379 X 104406 0.001254
104383 SX 104407 0.998306
104383 SX 104406 0.001254
104383 RZPI 104383 1.000000
104383 RZ3PI 104374 1.000000
104383 RZPIHalf 104387 1.000000
104383 S 104385 1.000000
104383 X 104392 0.998306
104383 X 104391 0.001254
104383 X 104373 0.000441
104385 SX 104445 0.998306
104385 SX 104446 0.001254
104385 RZPI 104385 1.000000
104385 RZ3PI 104387 1.000000
104385 RZPIHalf 104383 1.000000
104385 S 104374 1.000000
104385 X 104455 0.998306
104385 X 104456 0.001254
104385 X 104373 0.000441
104387 SX 104460 0.998306
104387 SX 104461 0.001254
104387 RZPI 104387 1.000000
104387 RZ3PI 104385 1.000000
104387 RZPIHalf 104374 1.000000
104387 S 104383 1.000000
104387 X 104456 0.998306
104387 X 104455 0.001254
104387 X 104373 0.000441
104391 SX 104406 0.998306
104391 SX 104407 0.001254
104391 RZPI 104391 1.000000
104391 RZ3PI 104392 1.000000
104391 RZPIHalf 104456 1.000000
104391 S 104455 1.000000
104391 X 104374 0.998306
104391 X 104383 0.001254
104392 SX 104379 0.998306
104392 SX 104378 0.001254
104392 RZPI 104392 1.000000
104392 RZ3PI 104391 1.000000
104392 RZPIHalf 104455 1.000000
104392 S 104456 1.000000
104392 X 104383 0.998306
104392 X 104374 0.001254
104400 SX 104518 0.998306
104400 SX 104519 0.001254
104400 RZPI 104400 1.000000
104400 RZ3PI 104402 1.000000
104400 RZPIHalf 104379 1.000000
104400 S 104378 1.000000
104400 X 104527 0.998306
104400 X 104528 0.001254
104402 SX 104532 0.998306
104402 SX 104533 0.001254
104402 RZPI 104402 1.000000
104402 RZ3PI 104400 1.000000
104402 RZPIHalf 104378 1.000000
104402 S 104379 1.000000
104402 X 104528 0.998306
104402 X 104527 0.001254
104406 SX 104374 0.998306
104406 SX 104383 0.001254
104406 SX 104373 0.000441
104406 RZPI 104406 1.000000
104406 RZ3PI 104407 1.000000
104406 RZPIHalf 104528 1.000000
104406 S 104527 1.000000
104406 X 104378 0.998306
104406 X 104379 0.001254
104407 SX 104392 0.998306
104407 SX 104391 0.001254
104407 RZPI 104407 1.000000
104407 RZ3PI 104406 1.000000
104407 RZPIHalf 104527 1.000000
104407 S 104528 1.000000
104407 X 104379 0.998306
104407 X 104378 0.001254
104445 SX 104455 0.998306
104445 SX 104456 0.001254
104445 SX 104373 0.000441
104445 RZPI 104445 1.000000
104445 RZ3PI 104446 1.000000
104445 RZPIHalf 104518 1.000000
104445 S 104519 1.000000
104445 X 104461 0.998306
104445 X 104460 0.001254
104446 SX 104387 0.998306
104446 SX 104385 0.001254
104446 SX 104373 0.000441
104446 RZPI 104446 1.000000
104446 RZ3PI 104445 1.000000
104446 RZPIHalf 104519 1.000000
104446 S 104518 1.000000
104446 X 104460 0.998306
104446 X 104461 0.001254
104455 SX 104461 0.998306
104455 SX 104460 0.001254
104455 RZPI 104455 1.000000
104455 RZ3PI 104456 1.000000
104455 RZPIHalf 104391 1.000000
104455 S 104392 1.000000
104455 X 104385 0.998306
104455 X 104387 0.001254
104455 X 104373 0.000441
104456 SX 104446 0.998306
104456 SX 104445 0.001254
104456 RZPI 104456 1.000000
104456 RZ3PI 104455 1.000000
104456 RZPIHalf 104392 1.000000
104456 S 104391 1.000000
104456 X 104387 0.998306
104456 X 104385 0.001254
104460 SX 104456 0.998306
104460 SX 104455 0.001254
104460 SX 104373 0.000441
104460 RZPI 104460 1.000000
104460 RZ3PI 104461 1.000000
104460 RZPIHalf 104533 1.000000
104460 S 104532 1.000000
104460 X 104446 0.998306
104460 X 104445 0.001254
104461 SX 104385 0.998306
104461 SX 104387 0.001254
104461 RZPI 104461 1.000000
104461 RZ3PI 104460 1.000000
104461 RZPIHalf 104532 1.000000
104461 S 104533 1.000000
104461 X 104445 0.998306
104461 X 104446 0.001254
104505 SX 104514 0.999559
104505 SX 104373 0.000441
104505 RZPI 104505 1.000000
104505 RZ3PI 104506 1.000000
104505 RZPIHalf 104718 1.000000
104505 S 104720 1.000000
104505 X 104506 0.998306
104505 X 104505 0.001254
104505 X 104373 0.000441
104506 SX 104373 1.000000
104506 RZPI 104506 1.000000
104506 RZ3PI 104505 1.000000
104506 RZPIHalf 104720 1.000000
104506 S 104718 1.000000
104506 X 104505 0.998306
104506 X 104506 0.001254
104506 X 104373 0.000441
104514 SX 104506 0.998306
104514 SX 104505 0.001254
104514 SX 104373 0.000441
104514 RZPI 104514 1.000000
104514 RZ3PI 104514 1.000000
104514 RZPIHalf 104514 1.000000
104514 S 104514 1.000000
104514 X 104373 1.000000
104518 SX 104527 0.998306
104518 SX 104528 0.001254
104518 RZPI 104518 1.000000
104518 RZ3PI 104519 1.000000
104518 RZPIHalf 104446 1.000000
104518 S 104445 1.000000
104518 X 104533 0.998306
104518 X 104532 0.001254
104519 SX 104402 0.998306
104519 SX 104400 0.001254
104519 RZPI 104519 1.000000
104519 RZ3PI 104518 1.000000
104519 RZPIHalf 104445 1.000000
104519 S 104446 1.000000
104519 X 104532 0.998306
104519 X 104533 0.001254
104527 SX 104533 0.998306
104527 SX 104532 0.001254
104527 RZPI 104527 1.000000
104527 RZ3PI 104528 1.000000
104527 RZPIHalf 104406 1.000000
104527 S 104407 1.000000
104527 X 104400 0.998306
104527 X 104402 0.001254
104528 SX 104519 0.998306
104528 SX 104518 0.001254
104528 RZPI 104528 1.000000
104528 RZ3PI 104527 1.000000
104528 RZPIHalf 104407 1.000000
104528 S 104406 1.000000
104528 X 104402 0.998306
104528 X 104400 0.001254
104532 SX 104528 0.998306
104532 SX 104527 0.001254
104532 RZPI 104532 1.000000
104532 RZ3PI 104533 1.000000
104532 RZPIHalf 104460 1.000000
104532 S 104461 1.000000
104532 X 104519 0.998306
104532 X 104518 0.001254
104533 SX 104400 0.998306
104533 SX 104402 0.001254
104533 RZPI 104533 1.000000
104533 RZ3PI 104532 1.000000
104533 RZPIHalf 104461 1.000000
104533 S 104460 1.000000
104533 X 104518 0.998306
104533 X 104519 0.001254
104718 SX 104718 0.998306
104718 SX 104720 0.001254
104718 SX 104373 0.000441
104718 RZPI 104718 1.000000
104718 RZ3PI 104720 1.000000
104718 RZPIHalf 104506 1.000000
104718 S 104505 1.000000
104718 X 104718 0.998306
104718 X 104720 0.001254
104718 X 104373 0.000441
104720 SX 104720 0.998306
104720 SX 104718 0.001254
104720 SX 104373 0.000441
104720 RZPI 104720 1.000000
104720 RZ3PI 104718 1.000000
104720 RZPIHalf 104505 1.000000
104720 S 104506 1.000000
104720 X 104720 0.998306
104720 X 104718 0.001254
104720 X 104373 0.000441
ENDPOMDP
