BEGINPOMDP
INITIALSTATE: 105033
STATES: 105090,105475,105092,105476,105477,105478,105996,105998,105413,105414,105033,105034,105293,105294,105296,105297,105047,105048,105431,105050,105051,105179,105181,105055,105057,105315,105316,105059,105072,105073
REWARDS: 105090:0,105475:0,105092:0,105476:0,105477:0,105478:0,105996:0,105998:0,105413:0,105414:0,105033:0,105034:0,105293:0,105294:0,105296:0,105297:0,105047:0,105048:0,105431:0,105050:0,105051:0,105179:0,105181:0,105055:0,105057:0,105315:0,105316:0,105059:0,105072:0,105073:1
GAMMA: 105090:0,105475:0,105092:0,105476:0,105477:0,105478:0,105996:0,105998:0,105413:0,105414:0,105033:0,105034:0,105293:0,105294:0,105296:0,105297:0,105047:0,105048:0,105431:0,105050:0,105051:0,105179:0,105181:0,105055:0,105057:0,105315:0,105316:0,105059:0,105072:0,105073:0
BEGINACTIONS
SX
RZPI
RZ3PI
RZPIHalf
S
X
ENDACTIONS
105033 INIT_ 105034 1.000000
105033 SX 105413 0.999423
105033 SX 105414 0.000231
105033 SX 105033 0.000346
105033 RZPI 105033 1.000000
105033 RZ3PI 105033 1.000000
105033 RZPIHalf 105033 1.000000
105033 S 105033 1.000000
105033 X 105431 0.999582
105033 X 105033 0.000418
105034 SX 105047 0.999387
105034 SX 105048 0.000195
105034 SX 105050 0.000036
105034 SX 105051 0.000036
105034 RZPI 105034 1.000000
105034 RZ3PI 105055 1.000000
105034 RZPIHalf 105057 1.000000
105034 S 105059 1.000000
105034 X 105072 0.999387
105034 X 105073 0.000195
105034 X 105033 0.000346
105034 X 105034 0.000036
105034 X 105055 0.000036
105047 SX 105072 0.999387
105047 SX 105073 0.000195
105047 SX 105033 0.000346
105047 SX 105034 0.000036
105047 SX 105055 0.000036
105047 RZPI 105047 1.000000
105047 RZ3PI 105048 1.000000
105047 RZPIHalf 105090 1.000000
105047 S 105092 1.000000
105047 X 105050 0.999387
105047 X 105051 0.000195
105047 X 105047 0.000036
105047 X 105048 0.000036
105048 SX 105055 0.999387
105048 SX 105034 0.000195
105048 SX 105073 0.000036
105048 SX 105072 0.000036
105048 SX 105033 0.000000
105048 RZPI 105048 1.000000
105048 RZ3PI 105047 1.000000
105048 RZPIHalf 105092 1.000000
105048 S 105090 1.000000
105048 X 105051 0.999387
105048 X 105050 0.000195
105048 X 105048 0.000036
105048 X 105047 0.000036
105050 SX 105034 0.999387
105050 SX 105055 0.000195
105050 SX 105033 0.000346
105050 SX 105072 0.000036
105050 SX 105073 0.000036
105050 RZPI 105050 1.000000
105050 RZ3PI 105051 1.000000
105050 RZPIHalf 105179 1.000000
105050 S 105181 1.000000
105050 X 105047 0.999387
105050 X 105048 0.000195
105050 X 105050 0.000036
105050 X 105051 0.000036
105051 SX 105073 0.999387
105051 SX 105072 0.000195
105051 SX 105033 0.000346
105051 SX 105055 0.000036
105051 SX 105034 0.000036
105051 RZPI 105051 1.000000
105051 RZ3PI 105050 1.000000
105051 RZPIHalf 105181 1.000000
105051 S 105179 1.000000
105051 X 105048 0.999387
105051 X 105047 0.000195
105051 X 105051 0.000036
105051 X 105050 0.000036
105055 SX 105051 0.999387
105055 SX 105050 0.000195
105055 SX 105048 0.000036
105055 SX 105047 0.000036
105055 RZPI 105055 1.000000
105055 RZ3PI 105034 1.000000
105055 RZPIHalf 105059 1.000000
105055 S 105057 1.000000
105055 X 105073 0.999387
105055 X 105072 0.000195
105055 X 105055 0.000036
105055 X 105034 0.000036
105055 X 105033 0.000000
105057 SX 105293 0.999387
105057 SX 105294 0.000195
105057 SX 105296 0.000036
105057 SX 105297 0.000036
105057 RZPI 105057 1.000000
105057 RZ3PI 105059 1.000000
105057 RZPIHalf 105055 1.000000
105057 S 105034 1.000000
105057 X 105315 0.999387
105057 X 105316 0.000195
105057 X 105033 0.000346
105057 X 105057 0.000036
105057 X 105059 0.000036
105059 SX 105297 0.999387
105059 SX 105296 0.000195
105059 SX 105294 0.000036
105059 SX 105293 0.000036
105059 RZPI 105059 1.000000
105059 RZ3PI 105057 1.000000
105059 RZPIHalf 105034 1.000000
105059 S 105055 1.000000
105059 X 105316 0.999387
105059 X 105315 0.000195
105059 X 105059 0.000036
105059 X 105057 0.000036
105059 X 105033 0.000000
105072 SX 105050 0.999387
105072 SX 105051 0.000195
105072 SX 105047 0.000036
105072 SX 105048 0.000036
105072 RZPI 105072 1.000000
105072 RZ3PI 105073 1.000000
105072 RZPIHalf 105316 1.000000
105072 S 105315 1.000000
105072 X 105034 0.999387
105072 X 105055 0.000195
105072 X 105033 0.000346
105072 X 105072 0.000036
105072 X 105073 0.000036
105073 SX 105048 0.999387
105073 SX 105047 0.000195
105073 SX 105051 0.000036
105073 SX 105050 0.000036
105073 RZPI 105073 1.000000
105073 RZ3PI 105072 1.000000
105073 RZPIHalf 105315 1.000000
105073 S 105316 1.000000
105073 X 105055 0.999387
105073 X 105034 0.000195
105073 X 105073 0.000036
105073 X 105072 0.000036
105073 X 105033 0.000000
105090 SX 105475 0.999387
105090 SX 105476 0.000195
105090 SX 105477 0.000036
105090 SX 105478 0.000036
105090 RZPI 105090 1.000000
105090 RZ3PI 105092 1.000000
105090 RZPIHalf 105048 1.000000
105090 S 105047 1.000000
105090 X 105181 0.999387
105090 X 105179 0.000195
105090 X 105090 0.000036
105090 X 105092 0.000036
105092 SX 105478 0.999387
105092 SX 105477 0.000195
105092 SX 105476 0.000036
105092 SX 105475 0.000036
105092 RZPI 105092 1.000000
105092 RZ3PI 105090 1.000000
105092 RZPIHalf 105047 1.000000
105092 S 105048 1.000000
105092 X 105179 0.999387
105092 X 105181 0.000195
105092 X 105092 0.000036
105092 X 105090 0.000036
105179 SX 105476 0.999387
105179 SX 105475 0.000195
105179 SX 105478 0.000036
105179 SX 105477 0.000036
105179 RZPI 105179 1.000000
105179 RZ3PI 105181 1.000000
105179 RZPIHalf 105051 1.000000
105179 S 105050 1.000000
105179 X 105092 0.999387
105179 X 105090 0.000195
105179 X 105179 0.000036
105179 X 105181 0.000036
105181 SX 105477 0.999387
105181 SX 105478 0.000195
105181 SX 105475 0.000036
105181 SX 105476 0.000036
105181 RZPI 105181 1.000000
105181 RZ3PI 105179 1.000000
105181 RZPIHalf 105050 1.000000
105181 S 105051 1.000000
105181 X 105090 0.999387
105181 X 105092 0.000195
105181 X 105181 0.000036
105181 X 105179 0.000036
105293 SX 105315 0.999387
105293 SX 105316 0.000195
105293 SX 105033 0.000346
105293 SX 105057 0.000036
105293 SX 105059 0.000036
105293 RZPI 105293 1.000000
105293 RZ3PI 105294 1.000000
105293 RZPIHalf 105475 1.000000
105293 S 105476 1.000000
105293 X 105296 0.999387
105293 X 105297 0.000195
105293 X 105293 0.000036
105293 X 105294 0.000036
105294 SX 105059 0.999387
105294 SX 105057 0.000195
105294 SX 105316 0.000036
105294 SX 105315 0.000036
105294 SX 105033 0.000000
105294 RZPI 105294 1.000000
105294 RZ3PI 105293 1.000000
105294 RZPIHalf 105476 1.000000
105294 S 105475 1.000000
105294 X 105297 0.999387
105294 X 105296 0.000195
105294 X 105294 0.000036
105294 X 105293 0.000036
105296 SX 105057 0.999387
105296 SX 105059 0.000195
105296 SX 105315 0.000036
105296 SX 105316 0.000036
105296 SX 105033 0.000000
105296 RZPI 105296 1.000000
105296 RZ3PI 105297 1.000000
105296 RZPIHalf 105478 1.000000
105296 S 105477 1.000000
105296 X 105293 0.999387
105296 X 105294 0.000195
105296 X 105296 0.000036
105296 X 105297 0.000036
105297 SX 105316 0.999387
105297 SX 105315 0.000195
105297 SX 105059 0.000036
105297 SX 105057 0.000036
105297 SX 105033 0.000000
105297 RZPI 105297 1.000000
105297 RZ3PI 105296 1.000000
105297 RZPIHalf 105477 1.000000
105297 S 105478 1.000000
105297 X 105294 0.999387
105297 X 105293 0.000195
105297 X 105297 0.000036
105297 X 105296 0.000036
105315 SX 105296 0.999387
105315 SX 105297 0.000195
105315 SX 105293 0.000036
105315 SX 105294 0.000036
105315 RZPI 105315 1.000000
105315 RZ3PI 105316 1.000000
105315 RZPIHalf 105072 1.000000
105315 S 105073 1.000000
105315 X 105057 0.999387
105315 X 105059 0.000195
105315 X 105315 0.000036
105315 X 105316 0.000036
105316 SX 105294 0.999387
105316 SX 105293 0.000195
105316 SX 105297 0.000036
105316 SX 105296 0.000036
105316 RZPI 105316 1.000000
105316 RZ3PI 105315 1.000000
105316 RZPIHalf 105073 1.000000
105316 S 105072 1.000000
105316 X 105059 0.999387
105316 X 105057 0.000195
105316 X 105316 0.000036
105316 X 105315 0.000036
105413 SX 105431 0.999582
105413 SX 105033 0.000418
105413 RZPI 105413 1.000000
105413 RZ3PI 105414 1.000000
105413 RZPIHalf 105996 1.000000
105413 S 105998 1.000000
105413 X 105414 0.999423
105413 X 105413 0.000231
105413 X 105033 0.000346
105414 SX 105033 0.999928
105414 SX 105431 0.000072
105414 RZPI 105414 1.000000
105414 RZ3PI 105413 1.000000
105414 RZPIHalf 105998 1.000000
105414 S 105996 1.000000
105414 X 105413 0.999423
105414 X 105414 0.000231
105414 X 105033 0.000346
105431 SX 105414 0.999423
105431 SX 105413 0.000231
105431 SX 105033 0.000346
105431 RZPI 105431 1.000000
105431 RZ3PI 105431 1.000000
105431 RZPIHalf 105431 1.000000
105431 S 105431 1.000000
105431 X 105033 0.999928
105431 X 105431 0.000072
105475 SX 105181 0.999387
105475 SX 105179 0.000195
105475 SX 105090 0.000036
105475 SX 105092 0.000036
105475 RZPI 105475 1.000000
105475 RZ3PI 105476 1.000000
105475 RZPIHalf 105294 1.000000
105475 S 105293 1.000000
105475 X 105477 0.999387
105475 X 105478 0.000195
105475 X 105475 0.000036
105475 X 105476 0.000036
105476 SX 105092 0.999387
105476 SX 105090 0.000195
105476 SX 105179 0.000036
105476 SX 105181 0.000036
105476 RZPI 105476 1.000000
105476 RZ3PI 105475 1.000000
105476 RZPIHalf 105293 1.000000
105476 S 105294 1.000000
105476 X 105478 0.999387
105476 X 105477 0.000195
105476 X 105476 0.000036
105476 X 105475 0.000036
105477 SX 105090 0.999387
105477 SX 105092 0.000195
105477 SX 105181 0.000036
105477 SX 105179 0.000036
105477 RZPI 105477 1.000000
105477 RZ3PI 105478 1.000000
105477 RZPIHalf 105296 1.000000
105477 S 105297 1.000000
105477 X 105475 0.999387
105477 X 105476 0.000195
105477 X 105477 0.000036
105477 X 105478 0.000036
105478 SX 105179 0.999387
105478 SX 105181 0.000195
105478 SX 105092 0.000036
105478 SX 105090 0.000036
105478 RZPI 105478 1.000000
105478 RZ3PI 105477 1.000000
105478 RZPIHalf 105297 1.000000
105478 S 105296 1.000000
105478 X 105476 0.999387
105478 X 105475 0.000195
105478 X 105478 0.000036
105478 X 105477 0.000036
105996 SX 105996 0.999423
105996 SX 105998 0.000231
105996 SX 105033 0.000346
105996 RZPI 105996 1.000000
105996 RZ3PI 105998 1.000000
105996 RZPIHalf 105414 1.000000
105996 S 105413 1.000000
105996 X 105996 0.999423
105996 X 105998 0.000231
105996 X 105033 0.000346
105998 SX 105998 0.999423
105998 SX 105996 0.000231
105998 SX 105033 0.000346
105998 RZPI 105998 1.000000
105998 RZ3PI 105996 1.000000
105998 RZPIHalf 105413 1.000000
105998 S 105414 1.000000
105998 X 105998 0.999423
105998 X 105996 0.000231
105998 X 105033 0.000346
ENDPOMDP
