BEGINPOMDP
INITIALSTATE: 106773
STATES: 106773,106774,107033,107034,107036,107037,106787,106788,106790,106791,106919,106921,106795,106797,107822,107055,107056,106799,107184,107185,107824,106812,106813,107202,106830,107215,106832,107216,107217,107218
REWARDS: 106773:0,106774:0,107033:0,107034:0,107036:0,107037:0,106787:0,106788:0,106790:0,106791:0,106919:0,106921:0,106795:0,106797:0,107822:0,107055:0,107056:0,106799:0,107184:0,107185:0,107824:0,106812:0,106813:1,107202:0,106830:0,107215:0,106832:0,107216:0,107217:0,107218:0
GAMMA: 106773:0,106774:0,107033:0,107034:0,107036:0,107037:0,106787:0,106788:0,106790:0,106791:0,106919:0,106921:0,106795:0,106797:0,107822:0,107055:0,107056:0,106799:0,107184:0,107185:0,107824:0,106812:0,106813:0,107202:0,106830:0,107215:0,106832:0,107216:0,107217:0,107218:0
BEGINACTIONS
SX
RZPI
RZ3PI
RZPIHalf
S
X
ENDACTIONS
106773 INIT_ 106774 1.000000
106773 SX 107184 0.998942
106773 SX 107185 0.000739
106773 SX 106773 0.000319
106773 RZPI 106773 1.000000
106773 RZ3PI 106773 1.000000
106773 RZPIHalf 106773 1.000000
106773 S 106773 1.000000
106773 X 107202 0.998945
106773 X 106773 0.001055
106774 SX 106787 0.998574
106774 SX 106788 0.000371
106774 SX 106790 0.000368
106774 SX 106791 0.000368
106774 RZPI 106774 1.000000
106774 RZ3PI 106795 1.000000
106774 RZPIHalf 106797 1.000000
106774 S 106799 1.000000
106774 X 106812 0.998574
106774 X 106813 0.000371
106774 X 106774 0.000368
106774 X 106795 0.000368
106787 SX 106812 0.998574
106787 SX 106813 0.000371
106787 SX 106773 0.000319
106787 SX 106774 0.000368
106787 SX 106795 0.000368
106787 RZPI 106787 1.000000
106787 RZ3PI 106788 1.000000
106787 RZPIHalf 106830 1.000000
106787 S 106832 1.000000
106787 X 106790 0.998574
106787 X 106791 0.000371
106787 X 106787 0.000368
106787 X 106788 0.000368
106788 SX 106795 0.998574
106788 SX 106774 0.000371
106788 SX 106773 0.000319
106788 SX 106813 0.000368
106788 SX 106812 0.000368
106788 RZPI 106788 1.000000
106788 RZ3PI 106787 1.000000
106788 RZPIHalf 106832 1.000000
106788 S 106830 1.000000
106788 X 106791 0.998574
106788 X 106790 0.000371
106788 X 106788 0.000368
106788 X 106787 0.000368
106790 SX 106774 0.998574
106790 SX 106795 0.000371
106790 SX 106773 0.000319
106790 SX 106812 0.000368
106790 SX 106813 0.000368
106790 RZPI 106790 1.000000
106790 RZ3PI 106791 1.000000
106790 RZPIHalf 106919 1.000000
106790 S 106921 1.000000
106790 X 106787 0.998574
106790 X 106788 0.000371
106790 X 106790 0.000368
106790 X 106791 0.000368
106791 SX 106813 0.998574
106791 SX 106812 0.000371
106791 SX 106795 0.000368
106791 SX 106774 0.000368
106791 SX 106773 0.000000
106791 RZPI 106791 1.000000
106791 RZ3PI 106790 1.000000
106791 RZPIHalf 106921 1.000000
106791 S 106919 1.000000
106791 X 106788 0.998574
106791 X 106787 0.000371
106791 X 106791 0.000368
106791 X 106790 0.000368
106795 SX 106791 0.998574
106795 SX 106790 0.000371
106795 SX 106788 0.000368
106795 SX 106787 0.000368
106795 RZPI 106795 1.000000
106795 RZ3PI 106774 1.000000
106795 RZPIHalf 106799 1.000000
106795 S 106797 1.000000
106795 X 106813 0.998574
106795 X 106812 0.000371
106795 X 106773 0.000319
106795 X 106795 0.000368
106795 X 106774 0.000368
106797 SX 107033 0.998574
106797 SX 107034 0.000371
106797 SX 107036 0.000368
106797 SX 107037 0.000368
106797 RZPI 106797 1.000000
106797 RZ3PI 106799 1.000000
106797 RZPIHalf 106795 1.000000
106797 S 106774 1.000000
106797 X 107055 0.998574
106797 X 107056 0.000371
106797 X 106797 0.000368
106797 X 106799 0.000368
106797 X 106773 0.000000
106799 SX 107037 0.998574
106799 SX 107036 0.000371
106799 SX 107034 0.000368
106799 SX 107033 0.000368
106799 RZPI 106799 1.000000
106799 RZ3PI 106797 1.000000
106799 RZPIHalf 106774 1.000000
106799 S 106795 1.000000
106799 X 107056 0.998574
106799 X 107055 0.000371
106799 X 106799 0.000368
106799 X 106797 0.000368
106799 X 106773 0.000000
106812 SX 106790 0.998574
106812 SX 106791 0.000371
106812 SX 106787 0.000368
106812 SX 106788 0.000368
106812 RZPI 106812 1.000000
106812 RZ3PI 106813 1.000000
106812 RZPIHalf 107056 1.000000
106812 S 107055 1.000000
106812 X 106774 0.998574
106812 X 106795 0.000371
106812 X 106773 0.000319
106812 X 106812 0.000368
106812 X 106813 0.000368
106813 SX 106788 0.998574
106813 SX 106787 0.000371
106813 SX 106791 0.000368
106813 SX 106790 0.000368
106813 RZPI 106813 1.000000
106813 RZ3PI 106812 1.000000
106813 RZPIHalf 107055 1.000000
106813 S 107056 1.000000
106813 X 106795 0.998574
106813 X 106774 0.000371
106813 X 106773 0.000319
106813 X 106813 0.000368
106813 X 106812 0.000368
106830 SX 107215 0.998574
106830 SX 107216 0.000371
106830 SX 107217 0.000368
106830 SX 107218 0.000368
106830 RZPI 106830 1.000000
106830 RZ3PI 106832 1.000000
106830 RZPIHalf 106788 1.000000
106830 S 106787 1.000000
106830 X 106921 0.998574
106830 X 106919 0.000371
106830 X 106830 0.000368
106830 X 106832 0.000368
106832 SX 107218 0.998574
106832 SX 107217 0.000371
106832 SX 107216 0.000368
106832 SX 107215 0.000368
106832 RZPI 106832 1.000000
106832 RZ3PI 106830 1.000000
106832 RZPIHalf 106787 1.000000
106832 S 106788 1.000000
106832 X 106919 0.998574
106832 X 106921 0.000371
106832 X 106832 0.000368
106832 X 106830 0.000368
106919 SX 107216 0.998574
106919 SX 107215 0.000371
106919 SX 107218 0.000368
106919 SX 107217 0.000368
106919 RZPI 106919 1.000000
106919 RZ3PI 106921 1.000000
106919 RZPIHalf 106791 1.000000
106919 S 106790 1.000000
106919 X 106832 0.998574
106919 X 106830 0.000371
106919 X 106919 0.000368
106919 X 106921 0.000368
106921 SX 107217 0.998574
106921 SX 107218 0.000371
106921 SX 107215 0.000368
106921 SX 107216 0.000368
106921 RZPI 106921 1.000000
106921 RZ3PI 106919 1.000000
106921 RZPIHalf 106790 1.000000
106921 S 106791 1.000000
106921 X 106830 0.998574
106921 X 106832 0.000371
106921 X 106921 0.000368
106921 X 106919 0.000368
107033 SX 107055 0.998574
107033 SX 107056 0.000371
107033 SX 106773 0.000319
107033 SX 106797 0.000368
107033 SX 106799 0.000368
107033 RZPI 107033 1.000000
107033 RZ3PI 107034 1.000000
107033 RZPIHalf 107215 1.000000
107033 S 107216 1.000000
107033 X 107036 0.998574
107033 X 107037 0.000371
107033 X 107033 0.000368
107033 X 107034 0.000368
107034 SX 106799 0.998574
107034 SX 106797 0.000371
107034 SX 107056 0.000368
107034 SX 107055 0.000368
107034 SX 106773 0.000000
107034 RZPI 107034 1.000000
107034 RZ3PI 107033 1.000000
107034 RZPIHalf 107216 1.000000
107034 S 107215 1.000000
107034 X 107037 0.998574
107034 X 107036 0.000371
107034 X 107034 0.000368
107034 X 107033 0.000368
107036 SX 106797 0.998574
107036 SX 106799 0.000371
107036 SX 107055 0.000368
107036 SX 107056 0.000368
107036 SX 106773 0.000000
107036 RZPI 107036 1.000000
107036 RZ3PI 107037 1.000000
107036 RZPIHalf 107218 1.000000
107036 S 107217 1.000000
107036 X 107033 0.998574
107036 X 107034 0.000371
107036 X 107036 0.000368
107036 X 107037 0.000368
107037 SX 107056 0.998574
107037 SX 107055 0.000371
107037 SX 106799 0.000368
107037 SX 106797 0.000368
107037 SX 106773 0.000000
107037 RZPI 107037 1.000000
107037 RZ3PI 107036 1.000000
107037 RZPIHalf 107217 1.000000
107037 S 107218 1.000000
107037 X 107034 0.998574
107037 X 107033 0.000371
107037 X 107037 0.000368
107037 X 107036 0.000368
107055 SX 107036 0.998574
107055 SX 107037 0.000371
107055 SX 107033 0.000368
107055 SX 107034 0.000368
107055 RZPI 107055 1.000000
107055 RZ3PI 107056 1.000000
107055 RZPIHalf 106812 1.000000
107055 S 106813 1.000000
107055 X 106797 0.998574
107055 X 106799 0.000371
107055 X 107055 0.000368
107055 X 107056 0.000368
107056 SX 107034 0.998574
107056 SX 107033 0.000371
107056 SX 107037 0.000368
107056 SX 107036 0.000368
107056 RZPI 107056 1.000000
107056 RZ3PI 107055 1.000000
107056 RZPIHalf 106813 1.000000
107056 S 106812 1.000000
107056 X 106799 0.998574
107056 X 106797 0.000371
107056 X 106773 0.000319
107056 X 107056 0.000368
107056 X 107055 0.000368
107184 SX 107202 0.998945
107184 SX 106773 0.001055
107184 RZPI 107184 1.000000
107184 RZ3PI 107185 1.000000
107184 RZPIHalf 107822 1.000000
107184 S 107824 1.000000
107184 X 107185 0.998942
107184 X 107184 0.000739
107184 X 106773 0.000319
107185 SX 106773 0.999264
107185 SX 107202 0.000736
107185 RZPI 107185 1.000000
107185 RZ3PI 107184 1.000000
107185 RZPIHalf 107824 1.000000
107185 S 107822 1.000000
107185 X 107184 0.998942
107185 X 107185 0.000739
107185 X 106773 0.000319
107202 SX 107185 0.998942
107202 SX 107184 0.000739
107202 SX 106773 0.000319
107202 RZPI 107202 1.000000
107202 RZ3PI 107202 1.000000
107202 RZPIHalf 107202 1.000000
107202 S 107202 1.000000
107202 X 106773 0.999264
107202 X 107202 0.000736
107215 SX 106921 0.998574
107215 SX 106919 0.000371
107215 SX 106830 0.000368
107215 SX 106832 0.000368
107215 RZPI 107215 1.000000
107215 RZ3PI 107216 1.000000
107215 RZPIHalf 107034 1.000000
107215 S 107033 1.000000
107215 X 107217 0.998574
107215 X 107218 0.000371
107215 X 107215 0.000368
107215 X 107216 0.000368
107216 SX 106832 0.998574
107216 SX 106830 0.000371
107216 SX 106919 0.000368
107216 SX 106921 0.000368
107216 RZPI 107216 1.000000
107216 RZ3PI 107215 1.000000
107216 RZPIHalf 107033 1.000000
107216 S 107034 1.000000
107216 X 107218 0.998574
107216 X 107217 0.000371
107216 X 107216 0.000368
107216 X 107215 0.000368
107217 SX 106830 0.998574
107217 SX 106832 0.000371
107217 SX 106921 0.000368
107217 SX 106919 0.000368
107217 RZPI 107217 1.000000
107217 RZ3PI 107218 1.000000
107217 RZPIHalf 107036 1.000000
107217 S 107037 1.000000
107217 X 107215 0.998574
107217 X 107216 0.000371
107217 X 107217 0.000368
107217 X 107218 0.000368
107218 SX 106919 0.998574
107218 SX 106921 0.000371
107218 SX 106832 0.000368
107218 SX 106830 0.000368
107218 RZPI 107218 1.000000
107218 RZ3PI 107217 1.000000
107218 RZPIHalf 107037 1.000000
107218 S 107036 1.000000
107218 X 107216 0.998574
107218 X 107215 0.000371
107218 X 107218 0.000368
107218 X 107217 0.000368
107822 SX 107822 0.998942
107822 SX 107824 0.000739
107822 SX 106773 0.000319
107822 RZPI 107822 1.000000
107822 RZ3PI 107824 1.000000
107822 RZPIHalf 107185 1.000000
107822 S 107184 1.000000
107822 X 107822 0.998942
107822 X 107824 0.000739
107822 X 106773 0.000319
107824 SX 107824 0.998942
107824 SX 107822 0.000739
107824 SX 106773 0.000319
107824 RZPI 107824 1.000000
107824 RZ3PI 107822 1.000000
107824 RZPIHalf 107184 1.000000
107824 S 107185 1.000000
107824 X 107824 0.998942
107824 X 107822 0.000739
107824 X 106773 0.000319
ENDPOMDP
