BEGINPOMDP
INITIALSTATE: 102393
STATES: 102403,102405,102534,102407,102538,102411,102412,102539,102547,102420,102548,102422,102552,102553,102426,102427,102465,102466,102526,102475,102476,102480,102481,102738,102740,102393,102394,102525,102398,102399
REWARDS: 102403:0,102405:0,102534:0,102407:0,102538:0,102411:0,102412:1,102539:0,102547:0,102420:0,102548:0,102422:0,102552:0,102553:0,102426:0,102427:0,102465:0,102466:0,102526:0,102475:0,102476:0,102480:0,102481:0,102738:0,102740:0,102393:0,102394:0,102525:0,102398:0,102399:0
GAMMA: 102403:0,102405:0,102534:0,102407:0,102538:0,102411:0,102412:0,102539:0,102547:0,102420:0,102548:0,102422:0,102552:0,102553:0,102426:0,102427:0,102465:0,102466:0,102526:0,102475:0,102476:0,102480:0,102481:0,102738:0,102740:0,102393:0,102394:0,102525:0,102398:0,102399:0
BEGINACTIONS
SX
RZPI
RZ3PI
RZPIHalf
S
X
ENDACTIONS
102393 INIT_ 102394 1.000000
102393 SX 102525 0.999345
102393 SX 102526 0.000412
102393 SX 102393 0.000243
102393 RZPI 102393 1.000000
102393 RZ3PI 102393 1.000000
102393 RZPIHalf 102393 1.000000
102393 S 102393 1.000000
102393 X 102534 0.999757
102393 X 102393 0.000243
102394 SX 102398 0.999345
102394 SX 102399 0.000412
102394 RZPI 102394 1.000000
102394 RZ3PI 102403 1.000000
102394 RZPIHalf 102405 1.000000
102394 S 102407 1.000000
102394 X 102411 0.999345
102394 X 102412 0.000412
102398 SX 102411 0.999345
102398 SX 102412 0.000412
102398 SX 102393 0.000243
102398 RZPI 102398 1.000000
102398 RZ3PI 102399 1.000000
102398 RZPIHalf 102420 1.000000
102398 S 102422 1.000000
102398 X 102426 0.999345
102398 X 102427 0.000412
102399 SX 102403 0.999345
102399 SX 102394 0.000412
102399 RZPI 102399 1.000000
102399 RZ3PI 102398 1.000000
102399 RZPIHalf 102422 1.000000
102399 S 102420 1.000000
102399 X 102427 0.999345
102399 X 102426 0.000412
102403 SX 102427 0.999345
102403 SX 102426 0.000412
102403 RZPI 102403 1.000000
102403 RZ3PI 102394 1.000000
102403 RZPIHalf 102407 1.000000
102403 S 102405 1.000000
102403 X 102412 0.999345
102403 X 102411 0.000412
102405 SX 102465 0.999345
102405 SX 102466 0.000412
102405 RZPI 102405 1.000000
102405 RZ3PI 102407 1.000000
102405 RZPIHalf 102403 1.000000
102405 S 102394 1.000000
102405 X 102475 0.999345
102405 X 102476 0.000412
102407 SX 102480 0.999345
102407 SX 102481 0.000412
102407 RZPI 102407 1.000000
102407 RZ3PI 102405 1.000000
102407 RZPIHalf 102394 1.000000
102407 S 102403 1.000000
102407 X 102476 0.999345
102407 X 102475 0.000412
102407 X 102393 0.000243
102411 SX 102426 0.999345
102411 SX 102427 0.000412
102411 RZPI 102411 1.000000
102411 RZ3PI 102412 1.000000
102411 RZPIHalf 102476 1.000000
102411 S 102475 1.000000
102411 X 102394 0.999345
102411 X 102403 0.000412
102412 SX 102399 0.999345
102412 SX 102398 0.000412
102412 RZPI 102412 1.000000
102412 RZ3PI 102411 1.000000
102412 RZPIHalf 102475 1.000000
102412 S 102476 1.000000
102412 X 102403 0.999345
102412 X 102394 0.000412
102420 SX 102538 0.999345
102420 SX 102539 0.000412
102420 RZPI 102420 1.000000
102420 RZ3PI 102422 1.000000
102420 RZPIHalf 102399 1.000000
102420 S 102398 1.000000
102420 X 102547 0.999345
102420 X 102548 0.000412
102422 SX 102552 0.999345
102422 SX 102553 0.000412
102422 RZPI 102422 1.000000
102422 RZ3PI 102420 1.000000
102422 RZPIHalf 102398 1.000000
102422 S 102399 1.000000
102422 X 102548 0.999345
102422 X 102547 0.000412
102426 SX 102394 0.999345
102426 SX 102403 0.000412
102426 RZPI 102426 1.000000
102426 RZ3PI 102427 1.000000
102426 RZPIHalf 102548 1.000000
102426 S 102547 1.000000
102426 X 102398 0.999345
102426 X 102399 0.000412
102427 SX 102412 0.999345
102427 SX 102411 0.000412
102427 SX 102393 0.000243
102427 RZPI 102427 1.000000
102427 RZ3PI 102426 1.000000
102427 RZPIHalf 102547 1.000000
102427 S 102548 1.000000
102427 X 102399 0.999345
102427 X 102398 0.000412
102465 SX 102475 0.999345
102465 SX 102476 0.000412
102465 RZPI 102465 1.000000
102465 RZ3PI 102466 1.000000
102465 RZPIHalf 102538 1.000000
102465 S 102539 1.000000
102465 X 102481 0.999345
102465 X 102480 0.000412
102466 SX 102407 0.999345
102466 SX 102405 0.000412
102466 RZPI 102466 1.000000
102466 RZ3PI 102465 1.000000
102466 RZPIHalf 102539 1.000000
102466 S 102538 1.000000
102466 X 102480 0.999345
102466 X 102481 0.000412
102475 SX 102481 0.999345
102475 SX 102480 0.000412
102475 RZPI 102475 1.000000
102475 RZ3PI 102476 1.000000
102475 RZPIHalf 102411 1.000000
102475 S 102412 1.000000
102475 X 102405 0.999345
102475 X 102407 0.000412
102475 X 102393 0.000243
102476 SX 102466 0.999345
102476 SX 102465 0.000412
102476 RZPI 102476 1.000000
102476 RZ3PI 102475 1.000000
102476 RZPIHalf 102412 1.000000
102476 S 102411 1.000000
102476 X 102407 0.999345
102476 X 102405 0.000412
102476 X 102393 0.000243
102480 SX 102476 0.999345
102480 SX 102475 0.000412
102480 SX 102393 0.000243
102480 RZPI 102480 1.000000
102480 RZ3PI 102481 1.000000
102480 RZPIHalf 102553 1.000000
102480 S 102552 1.000000
102480 X 102466 0.999345
102480 X 102465 0.000412
102481 SX 102405 0.999345
102481 SX 102407 0.000412
102481 RZPI 102481 1.000000
102481 RZ3PI 102480 1.000000
102481 RZPIHalf 102552 1.000000
102481 S 102553 1.000000
102481 X 102465 0.999345
102481 X 102466 0.000412
102525 SX 102534 0.999757
102525 SX 102393 0.000243
102525 RZPI 102525 1.000000
102525 RZ3PI 102526 1.000000
102525 RZPIHalf 102738 1.000000
102525 S 102740 1.000000
102525 X 102526 0.999345
102525 X 102525 0.000412
102525 X 102393 0.000243
102526 SX 102393 1.000000
102526 RZPI 102526 1.000000
102526 RZ3PI 102525 1.000000
102526 RZPIHalf 102740 1.000000
102526 S 102738 1.000000
102526 X 102525 0.999345
102526 X 102526 0.000412
102526 X 102393 0.000243
102534 SX 102526 0.999345
102534 SX 102525 0.000412
102534 SX 102393 0.000243
102534 RZPI 102534 1.000000
102534 RZ3PI 102534 1.000000
102534 RZPIHalf 102534 1.000000
102534 S 102534 1.000000
102534 X 102393 1.000000
102538 SX 102547 0.999345
102538 SX 102548 0.000412
102538 RZPI 102538 1.000000
102538 RZ3PI 102539 1.000000
102538 RZPIHalf 102466 1.000000
102538 S 102465 1.000000
102538 X 102553 0.999345
102538 X 102552 0.000412
102539 SX 102422 0.999345
102539 SX 102420 0.000412
102539 RZPI 102539 1.000000
102539 RZ3PI 102538 1.000000
102539 RZPIHalf 102465 1.000000
102539 S 102466 1.000000
102539 X 102552 0.999345
102539 X 102553 0.000412
102547 SX 102553 0.999345
102547 SX 102552 0.000412
102547 RZPI 102547 1.000000
102547 RZ3PI 102548 1.000000
102547 RZPIHalf 102426 1.000000
102547 S 102427 1.000000
102547 X 102420 0.999345
102547 X 102422 0.000412
102548 SX 102539 0.999345
102548 SX 102538 0.000412
102548 RZPI 102548 1.000000
102548 RZ3PI 102547 1.000000
102548 RZPIHalf 102427 1.000000
102548 S 102426 1.000000
102548 X 102422 0.999345
102548 X 102420 0.000412
102552 SX 102548 0.999345
102552 SX 102547 0.000412
102552 RZPI 102552 1.000000
102552 RZ3PI 102553 1.000000
102552 RZPIHalf 102480 1.000000
102552 S 102481 1.000000
102552 X 102539 0.999345
102552 X 102538 0.000412
102553 SX 102420 0.999345
102553 SX 102422 0.000412
102553 RZPI 102553 1.000000
102553 RZ3PI 102552 1.000000
102553 RZPIHalf 102481 1.000000
102553 S 102480 1.000000
102553 X 102538 0.999345
102553 X 102539 0.000412
102738 SX 102738 0.999345
102738 SX 102740 0.000412
102738 SX 102393 0.000243
102738 RZPI 102738 1.000000
102738 RZ3PI 102740 1.000000
102738 RZPIHalf 102526 1.000000
102738 S 102525 1.000000
102738 X 102738 0.999345
102738 X 102740 0.000412
102738 X 102393 0.000243
102740 SX 102740 0.999345
102740 SX 102738 0.000412
102740 SX 102393 0.000243
102740 RZPI 102740 1.000000
102740 RZ3PI 102738 1.000000
102740 RZPIHalf 102525 1.000000
102740 S 102526 1.000000
102740 X 102740 0.999345
102740 X 102738 0.000412
102740 X 102393 0.000243
ENDPOMDP
