BEGINPOMDP
INITIALSTATE: 2401
STATES: 2561,2434,2435,2562,2473,2474,2483,2484,2488,2428,2489,2759,2761,2401,2402,2406,2407,2534,2535,2411,2413,2415,2543,2419,2420,2548,2547,2556,2557,2430
REWARDS: 2561:0,2434:0,2435:0,2562:0,2473:0,2474:0,2483:0,2484:0,2488:0,2428:0,2489:0,2759:0,2761:0,2401:0,2402:0,2406:0,2407:0,2534:0,2535:0,2411:0,2413:0,2415:0,2543:0,2419:0,2420:1,2548:0,2547:0,2556:0,2557:0,2430:0
GAMMA: 2561:0,2434:0,2435:0,2562:0,2473:0,2474:0,2483:0,2484:0,2488:0,2428:0,2489:0,2759:0,2761:0,2401:0,2402:0,2406:0,2407:0,2534:0,2535:0,2411:0,2413:0,2415:0,2543:0,2419:0,2420:0,2548:0,2547:0,2556:0,2557:0,2430:0
BEGINACTIONS
SX
RZPI
RZ3PI
RZPIHalf
S
X
ENDACTIONS
2401 INIT_ 2402 1.000000
2401 SX 2534 0.908888
2401 SX 2535 0.090313
2401 SX 2401 0.000798
2401 RZPI 2401 1.000000
2401 RZ3PI 2401 1.000000
2401 RZPIHalf 2401 1.000000
2401 S 2401 1.000000
2401 X 2543 0.999202
2401 X 2401 0.000798
2402 SX 2406 0.908888
2402 SX 2407 0.090313
2402 RZPI 2402 1.000000
2402 RZ3PI 2411 1.000000
2402 RZPIHalf 2413 1.000000
2402 S 2415 1.000000
2402 X 2419 0.908888
2402 X 2420 0.090313
2406 SX 2419 0.908888
2406 SX 2420 0.090313
2406 SX 2401 0.000798
2406 RZPI 2406 1.000000
2406 RZ3PI 2407 1.000000
2406 RZPIHalf 2428 1.000000
2406 S 2430 1.000000
2406 X 2434 0.908888
2406 X 2435 0.090313
2407 SX 2411 0.908888
2407 SX 2402 0.090313
2407 RZPI 2407 1.000000
2407 RZ3PI 2406 1.000000
2407 RZPIHalf 2430 1.000000
2407 S 2428 1.000000
2407 X 2435 0.908888
2407 X 2434 0.090313
2411 SX 2435 0.908888
2411 SX 2434 0.090313
2411 RZPI 2411 1.000000
2411 RZ3PI 2402 1.000000
2411 RZPIHalf 2415 1.000000
2411 S 2413 1.000000
2411 X 2420 0.908888
2411 X 2419 0.090313
2413 SX 2473 0.908888
2413 SX 2474 0.090313
2413 RZPI 2413 1.000000
2413 RZ3PI 2415 1.000000
2413 RZPIHalf 2411 1.000000
2413 S 2402 1.000000
2413 X 2483 0.908888
2413 X 2484 0.090313
2415 SX 2488 0.908888
2415 SX 2489 0.090313
2415 RZPI 2415 1.000000
2415 RZ3PI 2413 1.000000
2415 RZPIHalf 2402 1.000000
2415 S 2411 1.000000
2415 X 2484 0.908888
2415 X 2483 0.090313
2415 X 2401 0.000798
2419 SX 2434 0.908888
2419 SX 2435 0.090313
2419 RZPI 2419 1.000000
2419 RZ3PI 2420 1.000000
2419 RZPIHalf 2484 1.000000
2419 S 2483 1.000000
2419 X 2402 0.908888
2419 X 2411 0.090313
2419 X 2401 0.000798
2420 SX 2407 0.908888
2420 SX 2406 0.090313
2420 RZPI 2420 1.000000
2420 RZ3PI 2419 1.000000
2420 RZPIHalf 2483 1.000000
2420 S 2484 1.000000
2420 X 2411 0.908888
2420 X 2402 0.090313
2420 X 2401 0.000798
2428 SX 2547 0.908888
2428 SX 2548 0.090313
2428 RZPI 2428 1.000000
2428 RZ3PI 2430 1.000000
2428 RZPIHalf 2407 1.000000
2428 S 2406 1.000000
2428 X 2556 0.908888
2428 X 2557 0.090313
2430 SX 2561 0.908888
2430 SX 2562 0.090313
2430 RZPI 2430 1.000000
2430 RZ3PI 2428 1.000000
2430 RZPIHalf 2406 1.000000
2430 S 2407 1.000000
2430 X 2557 0.908888
2430 X 2556 0.090313
2434 SX 2402 0.908888
2434 SX 2411 0.090313
2434 SX 2401 0.000798
2434 RZPI 2434 1.000000
2434 RZ3PI 2435 1.000000
2434 RZPIHalf 2557 1.000000
2434 S 2556 1.000000
2434 X 2406 0.908888
2434 X 2407 0.090313
2435 SX 2420 0.908888
2435 SX 2419 0.090313
2435 RZPI 2435 1.000000
2435 RZ3PI 2434 1.000000
2435 RZPIHalf 2556 1.000000
2435 S 2557 1.000000
2435 X 2407 0.908888
2435 X 2406 0.090313
2473 SX 2483 0.908888
2473 SX 2484 0.090313
2473 RZPI 2473 1.000000
2473 RZ3PI 2474 1.000000
2473 RZPIHalf 2547 1.000000
2473 S 2548 1.000000
2473 X 2489 0.908888
2473 X 2488 0.090313
2474 SX 2415 0.908888
2474 SX 2413 0.090313
2474 RZPI 2474 1.000000
2474 RZ3PI 2473 1.000000
2474 RZPIHalf 2548 1.000000
2474 S 2547 1.000000
2474 X 2488 0.908888
2474 X 2489 0.090313
2483 SX 2489 0.908888
2483 SX 2488 0.090313
2483 RZPI 2483 1.000000
2483 RZ3PI 2484 1.000000
2483 RZPIHalf 2419 1.000000
2483 S 2420 1.000000
2483 X 2413 0.908888
2483 X 2415 0.090313
2483 X 2401 0.000798
2484 SX 2474 0.908888
2484 SX 2473 0.090313
2484 RZPI 2484 1.000000
2484 RZ3PI 2483 1.000000
2484 RZPIHalf 2420 1.000000
2484 S 2419 1.000000
2484 X 2415 0.908888
2484 X 2413 0.090313
2484 X 2401 0.000798
2488 SX 2484 0.908888
2488 SX 2483 0.090313
2488 SX 2401 0.000798
2488 RZPI 2488 1.000000
2488 RZ3PI 2489 1.000000
2488 RZPIHalf 2562 1.000000
2488 S 2561 1.000000
2488 X 2474 0.908888
2488 X 2473 0.090313
2489 SX 2413 0.908888
2489 SX 2415 0.090313
2489 SX 2401 0.000798
2489 RZPI 2489 1.000000
2489 RZ3PI 2488 1.000000
2489 RZPIHalf 2561 1.000000
2489 S 2562 1.000000
2489 X 2473 0.908888
2489 X 2474 0.090313
2534 SX 2543 0.999202
2534 SX 2401 0.000798
2534 RZPI 2534 1.000000
2534 RZ3PI 2535 1.000000
2534 RZPIHalf 2759 1.000000
2534 S 2761 1.000000
2534 X 2535 0.908888
2534 X 2534 0.090313
2534 X 2401 0.000798
2535 SX 2401 1.000000
2535 RZPI 2535 1.000000
2535 RZ3PI 2534 1.000000
2535 RZPIHalf 2761 1.000000
2535 S 2759 1.000000
2535 X 2534 0.908888
2535 X 2535 0.090313
2535 X 2401 0.000798
2543 SX 2535 0.908888
2543 SX 2534 0.090313
2543 SX 2401 0.000798
2543 RZPI 2543 1.000000
2543 RZ3PI 2543 1.000000
2543 RZPIHalf 2543 1.000000
2543 S 2543 1.000000
2543 X 2401 1.000000
2547 SX 2556 0.908888
2547 SX 2557 0.090313
2547 RZPI 2547 1.000000
2547 RZ3PI 2548 1.000000
2547 RZPIHalf 2474 1.000000
2547 S 2473 1.000000
2547 X 2562 0.908888
2547 X 2561 0.090313
2548 SX 2430 0.908888
2548 SX 2428 0.090313
2548 RZPI 2548 1.000000
2548 RZ3PI 2547 1.000000
2548 RZPIHalf 2473 1.000000
2548 S 2474 1.000000
2548 X 2561 0.908888
2548 X 2562 0.090313
2556 SX 2562 0.908888
2556 SX 2561 0.090313
2556 RZPI 2556 1.000000
2556 RZ3PI 2557 1.000000
2556 RZPIHalf 2434 1.000000
2556 S 2435 1.000000
2556 X 2428 0.908888
2556 X 2430 0.090313
2557 SX 2548 0.908888
2557 SX 2547 0.090313
2557 RZPI 2557 1.000000
2557 RZ3PI 2556 1.000000
2557 RZPIHalf 2435 1.000000
2557 S 2434 1.000000
2557 X 2430 0.908888
2557 X 2428 0.090313
2561 SX 2557 0.908888
2561 SX 2556 0.090313
2561 RZPI 2561 1.000000
2561 RZ3PI 2562 1.000000
2561 RZPIHalf 2488 1.000000
2561 S 2489 1.000000
2561 X 2548 0.908888
2561 X 2547 0.090313
2562 SX 2428 0.908888
2562 SX 2430 0.090313
2562 RZPI 2562 1.000000
2562 RZ3PI 2561 1.000000
2562 RZPIHalf 2489 1.000000
2562 S 2488 1.000000
2562 X 2547 0.908888
2562 X 2548 0.090313
2759 SX 2759 0.908888
2759 SX 2761 0.090313
2759 SX 2401 0.000798
2759 RZPI 2759 1.000000
2759 RZ3PI 2761 1.000000
2759 RZPIHalf 2535 1.000000
2759 S 2534 1.000000
2759 X 2759 0.908888
2759 X 2761 0.090313
2759 X 2401 0.000798
2761 SX 2761 0.908888
2761 SX 2759 0.090313
2761 SX 2401 0.000798
2761 RZPI 2761 1.000000
2761 RZ3PI 2759 1.000000
2761 RZPIHalf 2534 1.000000
2761 S 2535 1.000000
2761 X 2761 0.908888
2761 X 2759 0.090313
2761 X 2401 0.000798
ENDPOMDP
