BEGINPOMDP
INITIALSTATE: 1
STATES: 1,2,261,262,264,265,15,16,399,18,19,147,149,23,25,27,283,284,40,41,58,443,60,444,445,446,964,966,381,382
REWARDS: 1:0,2:0,261:0,262:0,264:0,265:0,15:0,16:0,399:0,18:0,19:0,147:0,149:0,23:0,25:0,27:0,283:0,284:0,40:0,41:1,58:0,443:0,60:0,444:0,445:0,446:0,964:0,966:0,381:0,382:0
GAMMA: 1:0,2:0,261:0,262:0,264:0,265:0,15:0,16:0,399:0,18:0,19:0,147:0,149:0,23:0,25:0,27:0,283:0,284:0,40:0,41:0,58:0,443:0,60:0,444:0,445:0,446:0,964:0,966:0,381:0,382:0
BEGINACTIONS
SX
RZPI
RZ3PI
RZPIHalf
S
X
ENDACTIONS
1 INIT_ 2 1.000000
1 SX 381 0.998760
1 SX 382 0.000864
1 SX 1 0.000376
1 RZPI 1 1.000000
1 RZ3PI 1 1.000000
1 RZPIHalf 1 1.000000
1 S 1 1.000000
1 X 399 0.998760
1 X 1 0.001239
2 SX 15 0.998328
2 SX 16 0.000432
2 SX 18 0.000432
2 SX 19 0.000432
2 RZPI 2 1.000000
2 RZ3PI 23 1.000000
2 RZPIHalf 25 1.000000
2 S 27 1.000000
2 X 40 0.998328
2 X 41 0.000432
2 X 1 0.000376
2 X 2 0.000432
2 X 23 0.000432
15 SX 40 0.998328
15 SX 41 0.000432
15 SX 1 0.000376
15 SX 2 0.000432
15 SX 23 0.000432
15 RZPI 15 1.000000
15 RZ3PI 16 1.000000
15 RZPIHalf 58 1.000000
15 S 60 1.000000
15 X 18 0.998328
15 X 19 0.000432
15 X 15 0.000432
15 X 16 0.000432
16 SX 23 0.998328
16 SX 2 0.000432
16 SX 41 0.000432
16 SX 40 0.000432
16 SX 1 0.000000
16 RZPI 16 1.000000
16 RZ3PI 15 1.000000
16 RZPIHalf 60 1.000000
16 S 58 1.000000
16 X 19 0.998328
16 X 18 0.000432
16 X 16 0.000432
16 X 15 0.000432
18 SX 2 0.998328
18 SX 23 0.000432
18 SX 40 0.000432
18 SX 41 0.000432
18 SX 1 0.000000
18 RZPI 18 1.000000
18 RZ3PI 19 1.000000
18 RZPIHalf 147 1.000000
18 S 149 1.000000
18 X 15 0.998328
18 X 16 0.000432
18 X 18 0.000432
18 X 19 0.000432
19 SX 41 0.998328
19 SX 40 0.000432
19 SX 1 0.000376
19 SX 23 0.000432
19 SX 2 0.000432
19 RZPI 19 1.000000
19 RZ3PI 18 1.000000
19 RZPIHalf 149 1.000000
19 S 147 1.000000
19 X 16 0.998328
19 X 15 0.000432
19 X 19 0.000432
19 X 18 0.000432
23 SX 19 0.998328
23 SX 18 0.000432
23 SX 16 0.000432
23 SX 15 0.000432
23 RZPI 23 1.000000
23 RZ3PI 2 1.000000
23 RZPIHalf 27 1.000000
23 S 25 1.000000
23 X 41 0.998328
23 X 40 0.000432
23 X 23 0.000432
23 X 2 0.000432
23 X 1 0.000000
25 SX 261 0.998328
25 SX 262 0.000432
25 SX 264 0.000432
25 SX 265 0.000432
25 RZPI 25 1.000000
25 RZ3PI 27 1.000000
25 RZPIHalf 23 1.000000
25 S 2 1.000000
25 X 283 0.998328
25 X 284 0.000432
25 X 1 0.000376
25 X 25 0.000432
25 X 27 0.000432
27 SX 265 0.998328
27 SX 264 0.000432
27 SX 262 0.000432
27 SX 261 0.000432
27 RZPI 27 1.000000
27 RZ3PI 25 1.000000
27 RZPIHalf 2 1.000000
27 S 23 1.000000
27 X 284 0.998328
27 X 283 0.000432
27 X 27 0.000432
27 X 25 0.000432
27 X 1 0.000000
40 SX 18 0.998328
40 SX 19 0.000432
40 SX 15 0.000432
40 SX 16 0.000432
40 RZPI 40 1.000000
40 RZ3PI 41 1.000000
40 RZPIHalf 284 1.000000
40 S 283 1.000000
40 X 2 0.998328
40 X 23 0.000432
40 X 1 0.000376
40 X 40 0.000432
40 X 41 0.000432
41 SX 16 0.998328
41 SX 15 0.000432
41 SX 19 0.000432
41 SX 18 0.000432
41 RZPI 41 1.000000
41 RZ3PI 40 1.000000
41 RZPIHalf 283 1.000000
41 S 284 1.000000
41 X 23 0.998328
41 X 2 0.000432
41 X 41 0.000432
41 X 40 0.000432
41 X 1 0.000000
58 SX 443 0.998328
58 SX 444 0.000432
58 SX 445 0.000432
58 SX 446 0.000432
58 RZPI 58 1.000000
58 RZ3PI 60 1.000000
58 RZPIHalf 16 1.000000
58 S 15 1.000000
58 X 149 0.998328
58 X 147 0.000432
58 X 58 0.000432
58 X 60 0.000432
60 SX 446 0.998328
60 SX 445 0.000432
60 SX 444 0.000432
60 SX 443 0.000432
60 RZPI 60 1.000000
60 RZ3PI 58 1.000000
60 RZPIHalf 15 1.000000
60 S 16 1.000000
60 X 147 0.998328
60 X 149 0.000432
60 X 60 0.000432
60 X 58 0.000432
147 SX 444 0.998328
147 SX 443 0.000432
147 SX 446 0.000432
147 SX 445 0.000432
147 RZPI 147 1.000000
147 RZ3PI 149 1.000000
147 RZPIHalf 19 1.000000
147 S 18 1.000000
147 X 60 0.998328
147 X 58 0.000432
147 X 147 0.000432
147 X 149 0.000432
149 SX 445 0.998328
149 SX 446 0.000432
149 SX 443 0.000432
149 SX 444 0.000432
149 RZPI 149 1.000000
149 RZ3PI 147 1.000000
149 RZPIHalf 18 1.000000
149 S 19 1.000000
149 X 58 0.998328
149 X 60 0.000432
149 X 149 0.000432
149 X 147 0.000432
261 SX 283 0.998328
261 SX 284 0.000432
261 SX 1 0.000376
261 SX 25 0.000432
261 SX 27 0.000432
261 RZPI 261 1.000000
261 RZ3PI 262 1.000000
261 RZPIHalf 443 1.000000
261 S 444 1.000000
261 X 264 0.998328
261 X 265 0.000432
261 X 261 0.000432
261 X 262 0.000432
262 SX 27 0.998328
262 SX 25 0.000432
262 SX 1 0.000376
262 SX 284 0.000432
262 SX 283 0.000432
262 RZPI 262 1.000000
262 RZ3PI 261 1.000000
262 RZPIHalf 444 1.000000
262 S 443 1.000000
262 X 265 0.998328
262 X 264 0.000432
262 X 262 0.000432
262 X 261 0.000432
264 SX 25 0.998328
264 SX 27 0.000432
264 SX 1 0.000376
264 SX 283 0.000432
264 SX 284 0.000432
264 RZPI 264 1.000000
264 RZ3PI 265 1.000000
264 RZPIHalf 446 1.000000
264 S 445 1.000000
264 X 261 0.998328
264 X 262 0.000432
264 X 264 0.000432
264 X 265 0.000432
265 SX 284 0.998328
265 SX 283 0.000432
265 SX 1 0.000376
265 SX 27 0.000432
265 SX 25 0.000432
265 RZPI 265 1.000000
265 RZ3PI 264 1.000000
265 RZPIHalf 445 1.000000
265 S 446 1.000000
265 X 262 0.998328
265 X 261 0.000432
265 X 265 0.000432
265 X 264 0.000432
283 SX 264 0.998328
283 SX 265 0.000432
283 SX 261 0.000432
283 SX 262 0.000432
283 RZPI 283 1.000000
283 RZ3PI 284 1.000000
283 RZPIHalf 40 1.000000
283 S 41 1.000000
283 X 25 0.998328
283 X 27 0.000432
283 X 283 0.000432
283 X 284 0.000432
283 X 1 0.000000
284 SX 262 0.998328
284 SX 261 0.000432
284 SX 265 0.000432
284 SX 264 0.000432
284 RZPI 284 1.000000
284 RZ3PI 283 1.000000
284 RZPIHalf 41 1.000000
284 S 40 1.000000
284 X 27 0.998328
284 X 25 0.000432
284 X 1 0.000376
284 X 284 0.000432
284 X 283 0.000432
381 SX 399 0.998760
381 SX 1 0.001239
381 RZPI 381 1.000000
381 RZ3PI 382 1.000000
381 RZPIHalf 964 1.000000
381 S 966 1.000000
381 X 382 0.998760
381 X 381 0.000864
381 X 1 0.000376
382 SX 1 0.999137
382 SX 399 0.000863
382 RZPI 382 1.000000
382 RZ3PI 381 1.000000
382 RZPIHalf 966 1.000000
382 S 964 1.000000
382 X 381 0.998760
382 X 382 0.000864
382 X 1 0.000376
399 SX 382 0.998760
399 SX 381 0.000864
399 SX 1 0.000376
399 RZPI 399 1.000000
399 RZ3PI 399 1.000000
399 RZPIHalf 399 1.000000
399 S 399 1.000000
399 X 1 0.999137
399 X 399 0.000863
443 SX 149 0.998328
443 SX 147 0.000432
443 SX 58 0.000432
443 SX 60 0.000432
443 RZPI 443 1.000000
443 RZ3PI 444 1.000000
443 RZPIHalf 262 1.000000
443 S 261 1.000000
443 X 445 0.998328
443 X 446 0.000432
443 X 443 0.000432
443 X 444 0.000432
444 SX 60 0.998328
444 SX 58 0.000432
444 SX 147 0.000432
444 SX 149 0.000432
444 RZPI 444 1.000000
444 RZ3PI 443 1.000000
444 RZPIHalf 261 1.000000
444 S 262 1.000000
444 X 446 0.998328
444 X 445 0.000432
444 X 444 0.000432
444 X 443 0.000432
445 SX 58 0.998328
445 SX 60 0.000432
445 SX 149 0.000432
445 SX 147 0.000432
445 RZPI 445 1.000000
445 RZ3PI 446 1.000000
445 RZPIHalf 264 1.000000
445 S 265 1.000000
445 X 443 0.998328
445 X 444 0.000432
445 X 445 0.000432
445 X 446 0.000432
446 SX 147 0.998328
446 SX 149 0.000432
446 SX 60 0.000432
446 SX 58 0.000432
446 RZPI 446 1.000000
446 RZ3PI 445 1.000000
446 RZPIHalf 265 1.000000
446 S 264 1.000000
446 X 444 0.998328
446 X 443 0.000432
446 X 446 0.000432
446 X 445 0.000432
964 SX 964 0.998760
964 SX 966 0.000864
964 SX 1 0.000376
964 RZPI 964 1.000000
964 RZ3PI 966 1.000000
964 RZPIHalf 382 1.000000
964 S 381 1.000000
964 X 964 0.998760
964 X 966 0.000864
964 X 1 0.000376
966 SX 966 0.998760
966 SX 964 0.000864
966 SX 1 0.000376
966 RZPI 966 1.000000
966 RZ3PI 964 1.000000
966 RZPIHalf 381 1.000000
966 S 382 1.000000
966 X 966 0.998760
966 X 964 0.000864
966 X 1 0.000376
ENDPOMDP
