BEGINPOMDP
INITIALSTATE: 3061
STATES: 3073,3202,3075,3206,3079,3080,3207,3088,3216,3090,3217,3221,3094,3095,3222,3133,3134,3194,3143,3144,3148,3149,3406,3408,3061,3062,3193,3066,3067,3071
REWARDS: 3073:0,3202:0,3075:0,3206:0,3079:0,3080:1,3207:0,3088:0,3216:0,3090:0,3217:0,3221:0,3094:0,3095:0,3222:0,3133:0,3134:0,3194:0,3143:0,3144:0,3148:0,3149:0,3406:0,3408:0,3061:0,3062:0,3193:0,3066:0,3067:0,3071:0
GAMMA: 3073:0,3202:0,3075:0,3206:0,3079:0,3080:0,3207:0,3088:0,3216:0,3090:0,3217:0,3221:0,3094:0,3095:0,3222:0,3133:0,3134:0,3194:0,3143:0,3144:0,3148:0,3149:0,3406:0,3408:0,3061:0,3062:0,3193:0,3066:0,3067:0,3071:0
BEGINACTIONS
SX
RZPI
RZ3PI
RZPIHalf
S
X
ENDACTIONS
3061 INIT_ 3062 1.000000
3061 SX 3193 0.999464
3061 SX 3194 0.000464
3061 SX 3061 0.000073
3061 RZPI 3061 1.000000
3061 RZ3PI 3061 1.000000
3061 RZPIHalf 3061 1.000000
3061 S 3061 1.000000
3061 X 3202 0.999927
3061 X 3061 0.000073
3062 SX 3066 0.999464
3062 SX 3067 0.000464
3062 RZPI 3062 1.000000
3062 RZ3PI 3071 1.000000
3062 RZPIHalf 3073 1.000000
3062 S 3075 1.000000
3062 X 3079 0.999464
3062 X 3080 0.000464
3066 SX 3079 0.999464
3066 SX 3080 0.000464
3066 SX 3061 0.000073
3066 RZPI 3066 1.000000
3066 RZ3PI 3067 1.000000
3066 RZPIHalf 3088 1.000000
3066 S 3090 1.000000
3066 X 3094 0.999464
3066 X 3095 0.000464
3067 SX 3071 0.999464
3067 SX 3062 0.000464
3067 RZPI 3067 1.000000
3067 RZ3PI 3066 1.000000
3067 RZPIHalf 3090 1.000000
3067 S 3088 1.000000
3067 X 3095 0.999464
3067 X 3094 0.000464
3071 SX 3095 0.999464
3071 SX 3094 0.000464
3071 RZPI 3071 1.000000
3071 RZ3PI 3062 1.000000
3071 RZPIHalf 3075 1.000000
3071 S 3073 1.000000
3071 X 3080 0.999464
3071 X 3079 0.000464
3073 SX 3133 0.999464
3073 SX 3134 0.000464
3073 RZPI 3073 1.000000
3073 RZ3PI 3075 1.000000
3073 RZPIHalf 3071 1.000000
3073 S 3062 1.000000
3073 X 3143 0.999464
3073 X 3144 0.000464
3073 X 3061 0.000073
3075 SX 3148 0.999464
3075 SX 3149 0.000464
3075 RZPI 3075 1.000000
3075 RZ3PI 3073 1.000000
3075 RZPIHalf 3062 1.000000
3075 S 3071 1.000000
3075 X 3144 0.999464
3075 X 3143 0.000464
3075 X 3061 0.000073
3079 SX 3094 0.999464
3079 SX 3095 0.000464
3079 RZPI 3079 1.000000
3079 RZ3PI 3080 1.000000
3079 RZPIHalf 3144 1.000000
3079 S 3143 1.000000
3079 X 3062 0.999464
3079 X 3071 0.000464
3079 X 3061 0.000073
3080 SX 3067 0.999464
3080 SX 3066 0.000464
3080 RZPI 3080 1.000000
3080 RZ3PI 3079 1.000000
3080 RZPIHalf 3143 1.000000
3080 S 3144 1.000000
3080 X 3071 0.999464
3080 X 3062 0.000464
3088 SX 3206 0.999464
3088 SX 3207 0.000464
3088 RZPI 3088 1.000000
3088 RZ3PI 3090 1.000000
3088 RZPIHalf 3067 1.000000
3088 S 3066 1.000000
3088 X 3216 0.999464
3088 X 3217 0.000464
3090 SX 3221 0.999464
3090 SX 3222 0.000464
3090 RZPI 3090 1.000000
3090 RZ3PI 3088 1.000000
3090 RZPIHalf 3066 1.000000
3090 S 3067 1.000000
3090 X 3217 0.999464
3090 X 3216 0.000464
3094 SX 3062 0.999464
3094 SX 3071 0.000464
3094 RZPI 3094 1.000000
3094 RZ3PI 3095 1.000000
3094 RZPIHalf 3217 1.000000
3094 S 3216 1.000000
3094 X 3066 0.999464
3094 X 3067 0.000464
3095 SX 3080 0.999464
3095 SX 3079 0.000464
3095 SX 3061 0.000073
3095 RZPI 3095 1.000000
3095 RZ3PI 3094 1.000000
3095 RZPIHalf 3216 1.000000
3095 S 3217 1.000000
3095 X 3067 0.999464
3095 X 3066 0.000464
3133 SX 3143 0.999464
3133 SX 3144 0.000464
3133 SX 3061 0.000073
3133 RZPI 3133 1.000000
3133 RZ3PI 3134 1.000000
3133 RZPIHalf 3206 1.000000
3133 S 3207 1.000000
3133 X 3149 0.999464
3133 X 3148 0.000464
3134 SX 3075 0.999464
3134 SX 3073 0.000464
3134 RZPI 3134 1.000000
3134 RZ3PI 3133 1.000000
3134 RZPIHalf 3207 1.000000
3134 S 3206 1.000000
3134 X 3148 0.999464
3134 X 3149 0.000464
3143 SX 3149 0.999464
3143 SX 3148 0.000464
3143 RZPI 3143 1.000000
3143 RZ3PI 3144 1.000000
3143 RZPIHalf 3079 1.000000
3143 S 3080 1.000000
3143 X 3073 0.999464
3143 X 3075 0.000464
3143 X 3061 0.000073
3144 SX 3134 0.999464
3144 SX 3133 0.000464
3144 RZPI 3144 1.000000
3144 RZ3PI 3143 1.000000
3144 RZPIHalf 3080 1.000000
3144 S 3079 1.000000
3144 X 3075 0.999464
3144 X 3073 0.000464
3144 X 3061 0.000073
3148 SX 3144 0.999464
3148 SX 3143 0.000464
3148 SX 3061 0.000073
3148 RZPI 3148 1.000000
3148 RZ3PI 3149 1.000000
3148 RZPIHalf 3222 1.000000
3148 S 3221 1.000000
3148 X 3134 0.999464
3148 X 3133 0.000464
3149 SX 3073 0.999464
3149 SX 3075 0.000464
3149 SX 3061 0.000073
3149 RZPI 3149 1.000000
3149 RZ3PI 3148 1.000000
3149 RZPIHalf 3221 1.000000
3149 S 3222 1.000000
3149 X 3133 0.999464
3149 X 3134 0.000464
3193 SX 3202 0.999927
3193 SX 3061 0.000073
3193 RZPI 3193 1.000000
3193 RZ3PI 3194 1.000000
3193 RZPIHalf 3406 1.000000
3193 S 3408 1.000000
3193 X 3194 0.999464
3193 X 3193 0.000464
3193 X 3061 0.000073
3194 SX 3061 1.000000
3194 RZPI 3194 1.000000
3194 RZ3PI 3193 1.000000
3194 RZPIHalf 3408 1.000000
3194 S 3406 1.000000
3194 X 3193 0.999464
3194 X 3194 0.000464
3194 X 3061 0.000073
3202 SX 3194 0.999464
3202 SX 3193 0.000464
3202 SX 3061 0.000073
3202 RZPI 3202 1.000000
3202 RZ3PI 3202 1.000000
3202 RZPIHalf 3202 1.000000
3202 S 3202 1.000000
3202 X 3061 1.000000
3206 SX 3216 0.999464
3206 SX 3217 0.000464
3206 RZPI 3206 1.000000
3206 RZ3PI 3207 1.000000
3206 RZPIHalf 3134 1.000000
3206 S 3133 1.000000
3206 X 3222 0.999464
3206 X 3221 0.000464
3207 SX 3090 0.999464
3207 SX 3088 0.000464
3207 RZPI 3207 1.000000
3207 RZ3PI 3206 1.000000
3207 RZPIHalf 3133 1.000000
3207 S 3134 1.000000
3207 X 3221 0.999464
3207 X 3222 0.000464
3216 SX 3222 0.999464
3216 SX 3221 0.000464
3216 RZPI 3216 1.000000
3216 RZ3PI 3217 1.000000
3216 RZPIHalf 3094 1.000000
3216 S 3095 1.000000
3216 X 3088 0.999464
3216 X 3090 0.000464
3217 SX 3207 0.999464
3217 SX 3206 0.000464
3217 RZPI 3217 1.000000
3217 RZ3PI 3216 1.000000
3217 RZPIHalf 3095 1.000000
3217 S 3094 1.000000
3217 X 3090 0.999464
3217 X 3088 0.000464
3221 SX 3217 0.999464
3221 SX 3216 0.000464
3221 RZPI 3221 1.000000
3221 RZ3PI 3222 1.000000
3221 RZPIHalf 3148 1.000000
3221 S 3149 1.000000
3221 X 3207 0.999464
3221 X 3206 0.000464
3222 SX 3088 0.999464
3222 SX 3090 0.000464
3222 RZPI 3222 1.000000
3222 RZ3PI 3221 1.000000
3222 RZPIHalf 3149 1.000000
3222 S 3148 1.000000
3222 X 3206 0.999464
3222 X 3207 0.000464
3406 SX 3406 0.999464
3406 SX 3408 0.000464
3406 SX 3061 0.000073
3406 RZPI 3406 1.000000
3406 RZ3PI 3408 1.000000
3406 RZPIHalf 3194 1.000000
3406 S 3193 1.000000
3406 X 3406 0.999464
3406 X 3408 0.000464
3406 X 3061 0.000073
3408 SX 3408 0.999464
3408 SX 3406 0.000464
3408 SX 3061 0.000073
3408 RZPI 3408 1.000000
3408 RZ3PI 3406 1.000000
3408 RZPIHalf 3193 1.000000
3408 S 3194 1.000000
3408 X 3408 0.999464
3408 X 3406 0.000464
3408 X 3061 0.000073
ENDPOMDP
