BEGINPOMDP
INITIALSTATE: 4121
STATES: 4240,4241,4121,4122,4249,4253,4126,4127,4254,4131,4133,4262,4135,4263,4139,4140,4268,4267,4147,4149,4153,4154,4434,4436,4192,4193,4202,4203,4207,4208
REWARDS: 4240:0,4241:0,4121:0,4122:0,4249:0,4253:0,4126:0,4127:0,4254:0,4131:0,4133:0,4262:0,4135:0,4263:0,4139:0,4140:1,4268:0,4267:0,4147:0,4149:0,4153:0,4154:0,4434:0,4436:0,4192:0,4193:0,4202:0,4203:0,4207:0,4208:0
GAMMA: 4240:0,4241:0,4121:0,4122:0,4249:0,4253:0,4126:0,4127:0,4254:0,4131:0,4133:0,4262:0,4135:0,4263:0,4139:0,4140:0,4268:0,4267:0,4147:0,4149:0,4153:0,4154:0,4434:0,4436:0,4192:0,4193:0,4202:0,4203:0,4207:0,4208:0
BEGINACTIONS
SX
RZPI
RZ3PI
RZPIHalf
S
X
ENDACTIONS
4121 INIT_ 4122 1.000000
4121 SX 4240 0.919189
4121 SX 4241 0.080319
4121 SX 4121 0.000492
4121 RZPI 4121 1.000000
4121 RZ3PI 4121 1.000000
4121 RZPIHalf 4121 1.000000
4121 S 4121 1.000000
4121 X 4249 0.999508
4121 X 4121 0.000492
4122 SX 4126 0.919189
4122 SX 4127 0.080319
4122 RZPI 4122 1.000000
4122 RZ3PI 4131 1.000000
4122 RZPIHalf 4133 1.000000
4122 S 4135 1.000000
4122 X 4139 0.919189
4122 X 4140 0.080319
4122 X 4121 0.000492
4126 SX 4139 0.919189
4126 SX 4140 0.080319
4126 SX 4121 0.000492
4126 RZPI 4126 1.000000
4126 RZ3PI 4127 1.000000
4126 RZPIHalf 4147 1.000000
4126 S 4149 1.000000
4126 X 4153 0.919189
4126 X 4154 0.080319
4127 SX 4131 0.919189
4127 SX 4122 0.080319
4127 RZPI 4127 1.000000
4127 RZ3PI 4126 1.000000
4127 RZPIHalf 4149 1.000000
4127 S 4147 1.000000
4127 X 4154 0.919189
4127 X 4153 0.080319
4131 SX 4154 0.919189
4131 SX 4153 0.080319
4131 RZPI 4131 1.000000
4131 RZ3PI 4122 1.000000
4131 RZPIHalf 4135 1.000000
4131 S 4133 1.000000
4131 X 4140 0.919189
4131 X 4139 0.080319
4131 X 4121 0.000492
4133 SX 4192 0.919189
4133 SX 4193 0.080319
4133 RZPI 4133 1.000000
4133 RZ3PI 4135 1.000000
4133 RZPIHalf 4131 1.000000
4133 S 4122 1.000000
4133 X 4202 0.919189
4133 X 4203 0.080319
4135 SX 4207 0.919189
4135 SX 4208 0.080319
4135 RZPI 4135 1.000000
4135 RZ3PI 4133 1.000000
4135 RZPIHalf 4122 1.000000
4135 S 4131 1.000000
4135 X 4203 0.919189
4135 X 4202 0.080319
4139 SX 4153 0.919189
4139 SX 4154 0.080319
4139 RZPI 4139 1.000000
4139 RZ3PI 4140 1.000000
4139 RZPIHalf 4203 1.000000
4139 S 4202 1.000000
4139 X 4122 0.919189
4139 X 4131 0.080319
4139 X 4121 0.000492
4140 SX 4127 0.919189
4140 SX 4126 0.080319
4140 RZPI 4140 1.000000
4140 RZ3PI 4139 1.000000
4140 RZPIHalf 4202 1.000000
4140 S 4203 1.000000
4140 X 4131 0.919189
4140 X 4122 0.080319
4147 SX 4253 0.919189
4147 SX 4254 0.080319
4147 RZPI 4147 1.000000
4147 RZ3PI 4149 1.000000
4147 RZPIHalf 4127 1.000000
4147 S 4126 1.000000
4147 X 4262 0.919189
4147 X 4263 0.080319
4149 SX 4267 0.919189
4149 SX 4268 0.080319
4149 RZPI 4149 1.000000
4149 RZ3PI 4147 1.000000
4149 RZPIHalf 4126 1.000000
4149 S 4127 1.000000
4149 X 4263 0.919189
4149 X 4262 0.080319
4153 SX 4122 0.919189
4153 SX 4131 0.080319
4153 RZPI 4153 1.000000
4153 RZ3PI 4154 1.000000
4153 RZPIHalf 4263 1.000000
4153 S 4262 1.000000
4153 X 4126 0.919189
4153 X 4127 0.080319
4154 SX 4140 0.919189
4154 SX 4139 0.080319
4154 SX 4121 0.000492
4154 RZPI 4154 1.000000
4154 RZ3PI 4153 1.000000
4154 RZPIHalf 4262 1.000000
4154 S 4263 1.000000
4154 X 4127 0.919189
4154 X 4126 0.080319
4192 SX 4202 0.919189
4192 SX 4203 0.080319
4192 RZPI 4192 1.000000
4192 RZ3PI 4193 1.000000
4192 RZPIHalf 4253 1.000000
4192 S 4254 1.000000
4192 X 4208 0.919189
4192 X 4207 0.080319
4193 SX 4135 0.919189
4193 SX 4133 0.080319
4193 RZPI 4193 1.000000
4193 RZ3PI 4192 1.000000
4193 RZPIHalf 4254 1.000000
4193 S 4253 1.000000
4193 X 4207 0.919189
4193 X 4208 0.080319
4202 SX 4208 0.919189
4202 SX 4207 0.080319
4202 RZPI 4202 1.000000
4202 RZ3PI 4203 1.000000
4202 RZPIHalf 4139 1.000000
4202 S 4140 1.000000
4202 X 4133 0.919189
4202 X 4135 0.080319
4203 SX 4193 0.919189
4203 SX 4192 0.080319
4203 RZPI 4203 1.000000
4203 RZ3PI 4202 1.000000
4203 RZPIHalf 4140 1.000000
4203 S 4139 1.000000
4203 X 4135 0.919189
4203 X 4133 0.080319
4203 X 4121 0.000492
4207 SX 4203 0.919189
4207 SX 4202 0.080319
4207 SX 4121 0.000492
4207 RZPI 4207 1.000000
4207 RZ3PI 4208 1.000000
4207 RZPIHalf 4268 1.000000
4207 S 4267 1.000000
4207 X 4193 0.919189
4207 X 4192 0.080319
4208 SX 4133 0.919189
4208 SX 4135 0.080319
4208 SX 4121 0.000492
4208 RZPI 4208 1.000000
4208 RZ3PI 4207 1.000000
4208 RZPIHalf 4267 1.000000
4208 S 4268 1.000000
4208 X 4192 0.919189
4208 X 4193 0.080319
4240 SX 4249 0.999508
4240 SX 4121 0.000492
4240 RZPI 4240 1.000000
4240 RZ3PI 4241 1.000000
4240 RZPIHalf 4434 1.000000
4240 S 4436 1.000000
4240 X 4241 0.919189
4240 X 4240 0.080319
4240 X 4121 0.000492
4241 SX 4121 1.000000
4241 RZPI 4241 1.000000
4241 RZ3PI 4240 1.000000
4241 RZPIHalf 4436 1.000000
4241 S 4434 1.000000
4241 X 4240 0.919189
4241 X 4241 0.080319
4241 X 4121 0.000492
4249 SX 4241 0.919189
4249 SX 4240 0.080319
4249 SX 4121 0.000492
4249 RZPI 4249 1.000000
4249 RZ3PI 4249 1.000000
4249 RZPIHalf 4249 1.000000
4249 S 4249 1.000000
4249 X 4121 1.000000
4253 SX 4262 0.919189
4253 SX 4263 0.080319
4253 RZPI 4253 1.000000
4253 RZ3PI 4254 1.000000
4253 RZPIHalf 4193 1.000000
4253 S 4192 1.000000
4253 X 4268 0.919189
4253 X 4267 0.080319
4254 SX 4149 0.919189
4254 SX 4147 0.080319
4254 RZPI 4254 1.000000
4254 RZ3PI 4253 1.000000
4254 RZPIHalf 4192 1.000000
4254 S 4193 1.000000
4254 X 4267 0.919189
4254 X 4268 0.080319
4262 SX 4268 0.919189
4262 SX 4267 0.080319
4262 RZPI 4262 1.000000
4262 RZ3PI 4263 1.000000
4262 RZPIHalf 4153 1.000000
4262 S 4154 1.000000
4262 X 4147 0.919189
4262 X 4149 0.080319
4263 SX 4254 0.919189
4263 SX 4253 0.080319
4263 RZPI 4263 1.000000
4263 RZ3PI 4262 1.000000
4263 RZPIHalf 4154 1.000000
4263 S 4153 1.000000
4263 X 4149 0.919189
4263 X 4147 0.080319
4267 SX 4263 0.919189
4267 SX 4262 0.080319
4267 RZPI 4267 1.000000
4267 RZ3PI 4268 1.000000
4267 RZPIHalf 4207 1.000000
4267 S 4208 1.000000
4267 X 4254 0.919189
4267 X 4253 0.080319
4268 SX 4147 0.919189
4268 SX 4149 0.080319
4268 RZPI 4268 1.000000
4268 RZ3PI 4267 1.000000
4268 RZPIHalf 4208 1.000000
4268 S 4207 1.000000
4268 X 4253 0.919189
4268 X 4254 0.080319
4434 SX 4434 0.919189
4434 SX 4436 0.080319
4434 SX 4121 0.000492
4434 RZPI 4434 1.000000
4434 RZ3PI 4436 1.000000
4434 RZPIHalf 4241 1.000000
4434 S 4240 1.000000
4434 X 4434 0.919189
4434 X 4436 0.080319
4434 X 4121 0.000492
4436 SX 4436 0.919189
4436 SX 4434 0.080319
4436 SX 4121 0.000492
4436 RZPI 4436 1.000000
4436 RZ3PI 4434 1.000000
4436 RZPIHalf 4240 1.000000
4436 S 4241 1.000000
4436 X 4436 0.919189
4436 X 4434 0.080319
4436 X 4121 0.000492
ENDPOMDP
