BEGINPOMDP
INITIALSTATE: 1
STATES: 1,2,129,6,7,11,13,15,146,19,20,147,155,156,28,30,160,161,34,35,313,315,73,74,83,84,88,89,120,121
REWARDS: 1:0,2:0,129:0,6:0,7:0,11:0,13:0,15:0,146:0,19:0,20:1,147:0,155:0,156:0,28:0,30:0,160:0,161:0,34:0,35:0,313:0,315:0,73:0,74:0,83:0,84:0,88:0,89:0,120:0,121:0
GAMMA: 1:0,2:0,129:0,6:0,7:0,11:0,13:0,15:0,146:0,19:0,20:0,147:0,155:0,156:0,28:0,30:0,160:0,161:0,34:0,35:0,313:0,315:0,73:0,74:0,83:0,84:0,88:0,89:0,120:0,121:0
BEGINACTIONS
SX
RZPI
RZ3PI
RZPIHalf
S
X
ENDACTIONS
1 INIT_ 2 1.000000
1 SX 120 0.999516
1 SX 121 0.000309
1 SX 1 0.000174
1 RZPI 1 1.000000
1 RZ3PI 1 1.000000
1 RZPIHalf 1 1.000000
1 S 1 1.000000
1 X 129 0.999826
1 X 1 0.000174
2 SX 6 0.999516
2 SX 7 0.000309
2 RZPI 2 1.000000
2 RZ3PI 11 1.000000
2 RZPIHalf 13 1.000000
2 S 15 1.000000
2 X 19 0.999516
2 X 20 0.000309
2 X 1 0.000174
6 SX 19 0.999516
6 SX 20 0.000309
6 RZPI 6 1.000000
6 RZ3PI 7 1.000000
6 RZPIHalf 28 1.000000
6 S 30 1.000000
6 X 34 0.999516
6 X 35 0.000309
7 SX 11 0.999516
7 SX 2 0.000309
7 RZPI 7 1.000000
7 RZ3PI 6 1.000000
7 RZPIHalf 30 1.000000
7 S 28 1.000000
7 X 35 0.999516
7 X 34 0.000309
11 SX 35 0.999516
11 SX 34 0.000309
11 RZPI 11 1.000000
11 RZ3PI 2 1.000000
11 RZPIHalf 15 1.000000
11 S 13 1.000000
11 X 20 0.999516
11 X 19 0.000309
13 SX 73 0.999516
13 SX 74 0.000309
13 RZPI 13 1.000000
13 RZ3PI 15 1.000000
13 RZPIHalf 11 1.000000
13 S 2 1.000000
13 X 83 0.999516
13 X 84 0.000309
13 X 1 0.000174
15 SX 88 0.999516
15 SX 89 0.000309
15 RZPI 15 1.000000
15 RZ3PI 13 1.000000
15 RZPIHalf 2 1.000000
15 S 11 1.000000
15 X 84 0.999516
15 X 83 0.000309
19 SX 34 0.999516
19 SX 35 0.000309
19 RZPI 19 1.000000
19 RZ3PI 20 1.000000
19 RZPIHalf 84 1.000000
19 S 83 1.000000
19 X 2 0.999516
19 X 11 0.000309
20 SX 7 0.999516
20 SX 6 0.000309
20 RZPI 20 1.000000
20 RZ3PI 19 1.000000
20 RZPIHalf 83 1.000000
20 S 84 1.000000
20 X 11 0.999516
20 X 2 0.000309
28 SX 146 0.999516
28 SX 147 0.000309
28 RZPI 28 1.000000
28 RZ3PI 30 1.000000
28 RZPIHalf 7 1.000000
28 S 6 1.000000
28 X 155 0.999516
28 X 156 0.000309
30 SX 160 0.999516
30 SX 161 0.000309
30 RZPI 30 1.000000
30 RZ3PI 28 1.000000
30 RZPIHalf 6 1.000000
30 S 7 1.000000
30 X 156 0.999516
30 X 155 0.000309
34 SX 2 0.999516
34 SX 11 0.000309
34 SX 1 0.000174
34 RZPI 34 1.000000
34 RZ3PI 35 1.000000
34 RZPIHalf 156 1.000000
34 S 155 1.000000
34 X 6 0.999516
34 X 7 0.000309
35 SX 20 0.999516
35 SX 19 0.000309
35 SX 1 0.000174
35 RZPI 35 1.000000
35 RZ3PI 34 1.000000
35 RZPIHalf 155 1.000000
35 S 156 1.000000
35 X 7 0.999516
35 X 6 0.000309
73 SX 83 0.999516
73 SX 84 0.000309
73 SX 1 0.000174
73 RZPI 73 1.000000
73 RZ3PI 74 1.000000
73 RZPIHalf 146 1.000000
73 S 147 1.000000
73 X 89 0.999516
73 X 88 0.000309
74 SX 15 0.999516
74 SX 13 0.000309
74 SX 1 0.000174
74 RZPI 74 1.000000
74 RZ3PI 73 1.000000
74 RZPIHalf 147 1.000000
74 S 146 1.000000
74 X 88 0.999516
74 X 89 0.000309
83 SX 89 0.999516
83 SX 88 0.000309
83 RZPI 83 1.000000
83 RZ3PI 84 1.000000
83 RZPIHalf 19 1.000000
83 S 20 1.000000
83 X 13 0.999516
83 X 15 0.000309
83 X 1 0.000174
84 SX 74 0.999516
84 SX 73 0.000309
84 RZPI 84 1.000000
84 RZ3PI 83 1.000000
84 RZPIHalf 20 1.000000
84 S 19 1.000000
84 X 15 0.999516
84 X 13 0.000309
88 SX 84 0.999516
88 SX 83 0.000309
88 RZPI 88 1.000000
88 RZ3PI 89 1.000000
88 RZPIHalf 161 1.000000
88 S 160 1.000000
88 X 74 0.999516
88 X 73 0.000309
89 SX 13 0.999516
89 SX 15 0.000309
89 RZPI 89 1.000000
89 RZ3PI 88 1.000000
89 RZPIHalf 160 1.000000
89 S 161 1.000000
89 X 73 0.999516
89 X 74 0.000309
120 SX 129 0.999826
120 SX 1 0.000174
120 RZPI 120 1.000000
120 RZ3PI 121 1.000000
120 RZPIHalf 313 1.000000
120 S 315 1.000000
120 X 121 0.999516
120 X 120 0.000309
120 X 1 0.000174
121 SX 1 1.000000
121 RZPI 121 1.000000
121 RZ3PI 120 1.000000
121 RZPIHalf 315 1.000000
121 S 313 1.000000
121 X 120 0.999516
121 X 121 0.000309
121 X 1 0.000174
129 SX 121 0.999516
129 SX 120 0.000309
129 SX 1 0.000174
129 RZPI 129 1.000000
129 RZ3PI 129 1.000000
129 RZPIHalf 129 1.000000
129 S 129 1.000000
129 X 1 1.000000
146 SX 155 0.999516
146 SX 156 0.000309
146 RZPI 146 1.000000
146 RZ3PI 147 1.000000
146 RZPIHalf 74 1.000000
146 S 73 1.000000
146 X 161 0.999516
146 X 160 0.000309
147 SX 30 0.999516
147 SX 28 0.000309
147 RZPI 147 1.000000
147 RZ3PI 146 1.000000
147 RZPIHalf 73 1.000000
147 S 74 1.000000
147 X 160 0.999516
147 X 161 0.000309
155 SX 161 0.999516
155 SX 160 0.000309
155 RZPI 155 1.000000
155 RZ3PI 156 1.000000
155 RZPIHalf 34 1.000000
155 S 35 1.000000
155 X 28 0.999516
155 X 30 0.000309
156 SX 147 0.999516
156 SX 146 0.000309
156 RZPI 156 1.000000
156 RZ3PI 155 1.000000
156 RZPIHalf 35 1.000000
156 S 34 1.000000
156 X 30 0.999516
156 X 28 0.000309
160 SX 156 0.999516
160 SX 155 0.000309
160 RZPI 160 1.000000
160 RZ3PI 161 1.000000
160 RZPIHalf 88 1.000000
160 S 89 1.000000
160 X 147 0.999516
160 X 146 0.000309
161 SX 28 0.999516
161 SX 30 0.000309
161 RZPI 161 1.000000
161 RZ3PI 160 1.000000
161 RZPIHalf 89 1.000000
161 S 88 1.000000
161 X 146 0.999516
161 X 147 0.000309
313 SX 313 0.999516
313 SX 315 0.000309
313 SX 1 0.000174
313 RZPI 313 1.000000
313 RZ3PI 315 1.000000
313 RZPIHalf 121 1.000000
313 S 120 1.000000
313 X 313 0.999516
313 X 315 0.000309
313 X 1 0.000174
315 SX 315 0.999516
315 SX 313 0.000309
315 SX 1 0.000174
315 RZPI 315 1.000000
315 RZ3PI 313 1.000000
315 RZPIHalf 120 1.000000
315 S 121 1.000000
315 X 315 0.999516
315 X 313 0.000309
315 X 1 0.000174
ENDPOMDP
