BEGINPOMDP
INITIALSTATE: 34519
STATES: 34563,34565,34610,34611,34612,34613,34622,34623,34519,34520,34525,34526,34527,34528,34531,34533,34535,34664,34665,34666,34667,34540,34541,34549,34551
REWARDS: 34563:0,34565:0,34610:0,34611:0,34612:0,34613:0,34622:0,34623:0,34519:0,34520:0,34525:0,34526:0,34527:0,34528:0,34531:0,34533:0,34535:0,34664:0,34665:0,34666:0,34667:0,34540:0,34541:1,34549:0,34551:0
GAMMA: 34563:0,34565:0,34610:0,34611:0,34612:0,34613:0,34622:0,34623:0,34519:0,34520:0,34525:0,34526:0,34527:0,34528:0,34531:0,34533:0,34535:0,34664:0,34665:0,34666:0,34667:0,34540:0,34541:0,34549:0,34551:0
BEGINACTIONS
SX
RZPI
RZ3PI
RZPIHalf
S
X
ENDACTIONS
34519 INIT_ 34520 1.000000
34520 SX 34525 0.999460
34520 SX 34526 0.000180
34520 SX 34527 0.000180
34520 SX 34528 0.000180
34520 RZPI 34520 1.000000
34520 RZ3PI 34531 1.000000
34520 RZPIHalf 34533 1.000000
34520 S 34535 1.000000
34520 X 34540 0.999460
34520 X 34520 0.000180
34520 X 34531 0.000180
34520 X 34541 0.000180
34525 SX 34540 0.999460
34525 SX 34520 0.000180
34525 SX 34531 0.000180
34525 SX 34541 0.000180
34525 RZPI 34525 1.000000
34525 RZ3PI 34528 1.000000
34525 RZPIHalf 34549 1.000000
34525 S 34551 1.000000
34525 X 34526 0.999460
34525 X 34525 0.000180
34525 X 34528 0.000180
34525 X 34527 0.000180
34526 SX 34520 0.999460
34526 SX 34540 0.000180
34526 SX 34541 0.000180
34526 SX 34531 0.000180
34526 RZPI 34526 1.000000
34526 RZ3PI 34527 1.000000
34526 RZPIHalf 34563 1.000000
34526 S 34565 1.000000
34526 X 34525 0.999460
34526 X 34526 0.000180
34526 X 34527 0.000180
34526 X 34528 0.000180
34527 SX 34541 0.999460
34527 SX 34531 0.000180
34527 SX 34520 0.000180
34527 SX 34540 0.000180
34527 RZPI 34527 1.000000
34527 RZ3PI 34526 1.000000
34527 RZPIHalf 34565 1.000000
34527 S 34563 1.000000
34527 X 34528 0.999460
34527 X 34527 0.000180
34527 X 34526 0.000180
34527 X 34525 0.000180
34528 SX 34531 0.999460
34528 SX 34541 0.000180
34528 SX 34540 0.000180
34528 SX 34520 0.000180
34528 RZPI 34528 1.000000
34528 RZ3PI 34525 1.000000
34528 RZPIHalf 34551 1.000000
34528 S 34549 1.000000
34528 X 34527 0.999460
34528 X 34528 0.000180
34528 X 34525 0.000180
34528 X 34526 0.000180
34531 SX 34527 0.999460
34531 SX 34528 0.000180
34531 SX 34525 0.000180
34531 SX 34526 0.000180
34531 RZPI 34531 1.000000
34531 RZ3PI 34520 1.000000
34531 RZPIHalf 34535 1.000000
34531 S 34533 1.000000
34531 X 34541 0.999460
34531 X 34531 0.000180
34531 X 34520 0.000180
34531 X 34540 0.000180
34533 SX 34610 0.999460
34533 SX 34611 0.000180
34533 SX 34612 0.000180
34533 SX 34613 0.000180
34533 RZPI 34533 1.000000
34533 RZ3PI 34535 1.000000
34533 RZPIHalf 34531 1.000000
34533 S 34520 1.000000
34533 X 34622 0.999460
34533 X 34533 0.000180
34533 X 34535 0.000180
34533 X 34623 0.000180
34535 SX 34612 0.999460
34535 SX 34613 0.000180
34535 SX 34610 0.000180
34535 SX 34611 0.000180
34535 RZPI 34535 1.000000
34535 RZ3PI 34533 1.000000
34535 RZPIHalf 34520 1.000000
34535 S 34531 1.000000
34535 X 34623 0.999460
34535 X 34535 0.000180
34535 X 34533 0.000180
34535 X 34622 0.000180
34540 SX 34526 0.999460
34540 SX 34525 0.000180
34540 SX 34528 0.000180
34540 SX 34527 0.000180
34540 RZPI 34540 1.000000
34540 RZ3PI 34541 1.000000
34540 RZPIHalf 34623 1.000000
34540 S 34622 1.000000
34540 X 34520 0.999460
34540 X 34540 0.000180
34540 X 34541 0.000180
34540 X 34531 0.000180
34541 SX 34528 0.999460
34541 SX 34527 0.000180
34541 SX 34526 0.000180
34541 SX 34525 0.000180
34541 RZPI 34541 1.000000
34541 RZ3PI 34540 1.000000
34541 RZPIHalf 34622 1.000000
34541 S 34623 1.000000
34541 X 34531 0.999460
34541 X 34541 0.000180
34541 X 34540 0.000180
34541 X 34520 0.000180
34549 SX 34664 0.999460
34549 SX 34665 0.000180
34549 SX 34666 0.000180
34549 SX 34667 0.000180
34549 RZPI 34549 1.000000
34549 RZ3PI 34551 1.000000
34549 RZPIHalf 34528 1.000000
34549 S 34525 1.000000
34549 X 34565 0.999460
34549 X 34549 0.000180
34549 X 34551 0.000180
34549 X 34563 0.000180
34551 SX 34666 0.999460
34551 SX 34667 0.000180
34551 SX 34664 0.000180
34551 SX 34665 0.000180
34551 RZPI 34551 1.000000
34551 RZ3PI 34549 1.000000
34551 RZPIHalf 34525 1.000000
34551 S 34528 1.000000
34551 X 34563 0.999460
34551 X 34551 0.000180
34551 X 34549 0.000180
34551 X 34565 0.000180
34563 SX 34667 0.999460
34563 SX 34666 0.000180
34563 SX 34665 0.000180
34563 SX 34664 0.000180
34563 RZPI 34563 1.000000
34563 RZ3PI 34565 1.000000
34563 RZPIHalf 34527 1.000000
34563 S 34526 1.000000
34563 X 34551 0.999460
34563 X 34563 0.000180
34563 X 34565 0.000180
34563 X 34549 0.000180
34565 SX 34665 0.999460
34565 SX 34664 0.000180
34565 SX 34667 0.000180
34565 SX 34666 0.000180
34565 RZPI 34565 1.000000
34565 RZ3PI 34563 1.000000
34565 RZPIHalf 34526 1.000000
34565 S 34527 1.000000
34565 X 34549 0.999460
34565 X 34565 0.000180
34565 X 34563 0.000180
34565 X 34551 0.000180
34610 SX 34622 0.999460
34610 SX 34533 0.000180
34610 SX 34535 0.000180
34610 SX 34623 0.000180
34610 RZPI 34610 1.000000
34610 RZ3PI 34613 1.000000
34610 RZPIHalf 34664 1.000000
34610 S 34667 1.000000
34610 X 34611 0.999460
34610 X 34610 0.000180
34610 X 34613 0.000180
34610 X 34612 0.000180
34611 SX 34533 0.999460
34611 SX 34622 0.000180
34611 SX 34623 0.000180
34611 SX 34535 0.000180
34611 RZPI 34611 1.000000
34611 RZ3PI 34612 1.000000
34611 RZPIHalf 34666 1.000000
34611 S 34665 1.000000
34611 X 34610 0.999460
34611 X 34611 0.000180
34611 X 34612 0.000180
34611 X 34613 0.000180
34612 SX 34623 0.999460
34612 SX 34535 0.000180
34612 SX 34533 0.000180
34612 SX 34622 0.000180
34612 RZPI 34612 1.000000
34612 RZ3PI 34611 1.000000
34612 RZPIHalf 34665 1.000000
34612 S 34666 1.000000
34612 X 34613 0.999460
34612 X 34612 0.000180
34612 X 34611 0.000180
34612 X 34610 0.000180
34613 SX 34535 0.999460
34613 SX 34623 0.000180
34613 SX 34622 0.000180
34613 SX 34533 0.000180
34613 RZPI 34613 1.000000
34613 RZ3PI 34610 1.000000
34613 RZPIHalf 34667 1.000000
34613 S 34664 1.000000
34613 X 34612 0.999460
34613 X 34613 0.000180
34613 X 34610 0.000180
34613 X 34611 0.000180
34622 SX 34611 0.999460
34622 SX 34610 0.000180
34622 SX 34613 0.000180
34622 SX 34612 0.000180
34622 RZPI 34622 1.000000
34622 RZ3PI 34623 1.000000
34622 RZPIHalf 34540 1.000000
34622 S 34541 1.000000
34622 X 34533 0.999460
34622 X 34622 0.000180
34622 X 34623 0.000180
34622 X 34535 0.000180
34623 SX 34613 0.999460
34623 SX 34612 0.000180
34623 SX 34611 0.000180
34623 SX 34610 0.000180
34623 RZPI 34623 1.000000
34623 RZ3PI 34622 1.000000
34623 RZPIHalf 34541 1.000000
34623 S 34540 1.000000
34623 X 34535 0.999460
34623 X 34623 0.000180
34623 X 34622 0.000180
34623 X 34533 0.000180
34664 SX 34565 0.999460
34664 SX 34549 0.000180
34664 SX 34551 0.000180
34664 SX 34563 0.000180
34664 RZPI 34664 1.000000
34664 RZ3PI 34667 1.000000
34664 RZPIHalf 34613 1.000000
34664 S 34610 1.000000
34664 X 34665 0.999460
34664 X 34664 0.000180
34664 X 34667 0.000180
34664 X 34666 0.000180
34665 SX 34549 0.999460
34665 SX 34565 0.000180
34665 SX 34563 0.000180
34665 SX 34551 0.000180
34665 RZPI 34665 1.000000
34665 RZ3PI 34666 1.000000
34665 RZPIHalf 34611 1.000000
34665 S 34612 1.000000
34665 X 34664 0.999460
34665 X 34665 0.000180
34665 X 34666 0.000180
34665 X 34667 0.000180
34666 SX 34563 0.999460
34666 SX 34551 0.000180
34666 SX 34549 0.000180
34666 SX 34565 0.000180
34666 RZPI 34666 1.000000
34666 RZ3PI 34665 1.000000
34666 RZPIHalf 34612 1.000000
34666 S 34611 1.000000
34666 X 34667 0.999460
34666 X 34666 0.000180
34666 X 34665 0.000180
34666 X 34664 0.000180
34667 SX 34551 0.999460
34667 SX 34563 0.000180
34667 SX 34565 0.000180
34667 SX 34549 0.000180
34667 RZPI 34667 1.000000
34667 RZ3PI 34664 1.000000
34667 RZPIHalf 34610 1.000000
34667 S 34613 1.000000
34667 X 34666 0.999460
34667 X 34667 0.000180
34667 X 34664 0.000180
34667 X 34665 0.000180
ENDPOMDP
