BEGINPOMDP
INITIALSTATE: 11895
STATES: 11904,11907,11909,11911,12040,12041,12042,12043,11916,11917,11925,11927,11939,11941,11986,11987,11988,11989,11998,11999,11895,11896,11901,11902,11903
REWARDS: 11904:0,11907:0,11909:0,11911:0,12040:0,12041:0,12042:0,12043:0,11916:0,11917:1,11925:0,11927:0,11939:0,11941:0,11986:0,11987:0,11988:0,11989:0,11998:0,11999:0,11895:0,11896:0,11901:0,11902:0,11903:0
GAMMA: 11904:0,11907:0,11909:0,11911:0,12040:0,12041:0,12042:0,12043:0,11916:0,11917:0,11925:0,11927:0,11939:0,11941:0,11986:0,11987:0,11988:0,11989:0,11998:0,11999:0,11895:0,11896:0,11901:0,11902:0,11903:0
BEGINACTIONS
SX
RZPI
RZ3PI
RZPIHalf
S
X
ENDACTIONS
11895 INIT_ 11896 1.000000
11896 SX 11901 0.999622
11896 SX 11902 0.000126
11896 SX 11903 0.000126
11896 SX 11904 0.000126
11896 RZPI 11896 1.000000
11896 RZ3PI 11907 1.000000
11896 RZPIHalf 11909 1.000000
11896 S 11911 1.000000
11896 X 11916 0.999622
11896 X 11896 0.000126
11896 X 11907 0.000126
11896 X 11917 0.000126
11901 SX 11916 0.999622
11901 SX 11896 0.000126
11901 SX 11907 0.000126
11901 SX 11917 0.000126
11901 RZPI 11901 1.000000
11901 RZ3PI 11904 1.000000
11901 RZPIHalf 11925 1.000000
11901 S 11927 1.000000
11901 X 11902 0.999622
11901 X 11901 0.000126
11901 X 11904 0.000126
11901 X 11903 0.000126
11902 SX 11896 0.999622
11902 SX 11916 0.000126
11902 SX 11917 0.000126
11902 SX 11907 0.000126
11902 RZPI 11902 1.000000
11902 RZ3PI 11903 1.000000
11902 RZPIHalf 11939 1.000000
11902 S 11941 1.000000
11902 X 11901 0.999622
11902 X 11902 0.000126
11902 X 11903 0.000126
11902 X 11904 0.000126
11903 SX 11917 0.999622
11903 SX 11907 0.000126
11903 SX 11896 0.000126
11903 SX 11916 0.000126
11903 RZPI 11903 1.000000
11903 RZ3PI 11902 1.000000
11903 RZPIHalf 11941 1.000000
11903 S 11939 1.000000
11903 X 11904 0.999622
11903 X 11903 0.000126
11903 X 11902 0.000126
11903 X 11901 0.000126
11904 SX 11907 0.999622
11904 SX 11917 0.000126
11904 SX 11916 0.000126
11904 SX 11896 0.000126
11904 RZPI 11904 1.000000
11904 RZ3PI 11901 1.000000
11904 RZPIHalf 11927 1.000000
11904 S 11925 1.000000
11904 X 11903 0.999622
11904 X 11904 0.000126
11904 X 11901 0.000126
11904 X 11902 0.000126
11907 SX 11903 0.999622
11907 SX 11904 0.000126
11907 SX 11901 0.000126
11907 SX 11902 0.000126
11907 RZPI 11907 1.000000
11907 RZ3PI 11896 1.000000
11907 RZPIHalf 11911 1.000000
11907 S 11909 1.000000
11907 X 11917 0.999622
11907 X 11907 0.000126
11907 X 11896 0.000126
11907 X 11916 0.000126
11909 SX 11986 0.999622
11909 SX 11987 0.000126
11909 SX 11988 0.000126
11909 SX 11989 0.000126
11909 RZPI 11909 1.000000
11909 RZ3PI 11911 1.000000
11909 RZPIHalf 11907 1.000000
11909 S 11896 1.000000
11909 X 11998 0.999622
11909 X 11909 0.000126
11909 X 11911 0.000126
11909 X 11999 0.000126
11911 SX 11988 0.999622
11911 SX 11989 0.000126
11911 SX 11986 0.000126
11911 SX 11987 0.000126
11911 RZPI 11911 1.000000
11911 RZ3PI 11909 1.000000
11911 RZPIHalf 11896 1.000000
11911 S 11907 1.000000
11911 X 11999 0.999622
11911 X 11911 0.000126
11911 X 11909 0.000126
11911 X 11998 0.000126
11916 SX 11902 0.999622
11916 SX 11901 0.000126
11916 SX 11904 0.000126
11916 SX 11903 0.000126
11916 RZPI 11916 1.000000
11916 RZ3PI 11917 1.000000
11916 RZPIHalf 11999 1.000000
11916 S 11998 1.000000
11916 X 11896 0.999622
11916 X 11916 0.000126
11916 X 11917 0.000126
11916 X 11907 0.000126
11917 SX 11904 0.999622
11917 SX 11903 0.000126
11917 SX 11902 0.000126
11917 SX 11901 0.000126
11917 RZPI 11917 1.000000
11917 RZ3PI 11916 1.000000
11917 RZPIHalf 11998 1.000000
11917 S 11999 1.000000
11917 X 11907 0.999622
11917 X 11917 0.000126
11917 X 11916 0.000126
11917 X 11896 0.000126
11925 SX 12040 0.999622
11925 SX 12041 0.000126
11925 SX 12042 0.000126
11925 SX 12043 0.000126
11925 RZPI 11925 1.000000
11925 RZ3PI 11927 1.000000
11925 RZPIHalf 11904 1.000000
11925 S 11901 1.000000
11925 X 11941 0.999622
11925 X 11925 0.000126
11925 X 11927 0.000126
11925 X 11939 0.000126
11927 SX 12042 0.999622
11927 SX 12043 0.000126
11927 SX 12040 0.000126
11927 SX 12041 0.000126
11927 RZPI 11927 1.000000
11927 RZ3PI 11925 1.000000
11927 RZPIHalf 11901 1.000000
11927 S 11904 1.000000
11927 X 11939 0.999622
11927 X 11927 0.000126
11927 X 11925 0.000126
11927 X 11941 0.000126
11939 SX 12043 0.999622
11939 SX 12042 0.000126
11939 SX 12041 0.000126
11939 SX 12040 0.000126
11939 RZPI 11939 1.000000
11939 RZ3PI 11941 1.000000
11939 RZPIHalf 11903 1.000000
11939 S 11902 1.000000
11939 X 11927 0.999622
11939 X 11939 0.000126
11939 X 11941 0.000126
11939 X 11925 0.000126
11941 SX 12041 0.999622
11941 SX 12040 0.000126
11941 SX 12043 0.000126
11941 SX 12042 0.000126
11941 RZPI 11941 1.000000
11941 RZ3PI 11939 1.000000
11941 RZPIHalf 11902 1.000000
11941 S 11903 1.000000
11941 X 11925 0.999622
11941 X 11941 0.000126
11941 X 11939 0.000126
11941 X 11927 0.000126
11986 SX 11998 0.999622
11986 SX 11909 0.000126
11986 SX 11911 0.000126
11986 SX 11999 0.000126
11986 RZPI 11986 1.000000
11986 RZ3PI 11989 1.000000
11986 RZPIHalf 12040 1.000000
11986 S 12043 1.000000
11986 X 11987 0.999622
11986 X 11986 0.000126
11986 X 11989 0.000126
11986 X 11988 0.000126
11987 SX 11909 0.999622
11987 SX 11998 0.000126
11987 SX 11999 0.000126
11987 SX 11911 0.000126
11987 RZPI 11987 1.000000
11987 RZ3PI 11988 1.000000
11987 RZPIHalf 12042 1.000000
11987 S 12041 1.000000
11987 X 11986 0.999622
11987 X 11987 0.000126
11987 X 11988 0.000126
11987 X 11989 0.000126
11988 SX 11999 0.999622
11988 SX 11911 0.000126
11988 SX 11909 0.000126
11988 SX 11998 0.000126
11988 RZPI 11988 1.000000
11988 RZ3PI 11987 1.000000
11988 RZPIHalf 12041 1.000000
11988 S 12042 1.000000
11988 X 11989 0.999622
11988 X 11988 0.000126
11988 X 11987 0.000126
11988 X 11986 0.000126
11989 SX 11911 0.999622
11989 SX 11999 0.000126
11989 SX 11998 0.000126
11989 SX 11909 0.000126
11989 RZPI 11989 1.000000
11989 RZ3PI 11986 1.000000
11989 RZPIHalf 12043 1.000000
11989 S 12040 1.000000
11989 X 11988 0.999622
11989 X 11989 0.000126
11989 X 11986 0.000126
11989 X 11987 0.000126
11998 SX 11987 0.999622
11998 SX 11986 0.000126
11998 SX 11989 0.000126
11998 SX 11988 0.000126
11998 RZPI 11998 1.000000
11998 RZ3PI 11999 1.000000
11998 RZPIHalf 11916 1.000000
11998 S 11917 1.000000
11998 X 11909 0.999622
11998 X 11998 0.000126
11998 X 11999 0.000126
11998 X 11911 0.000126
11999 SX 11989 0.999622
11999 SX 11988 0.000126
11999 SX 11987 0.000126
11999 SX 11986 0.000126
11999 RZPI 11999 1.000000
11999 RZ3PI 11998 1.000000
11999 RZPIHalf 11917 1.000000
11999 S 11916 1.000000
11999 X 11911 0.999622
11999 X 11999 0.000126
11999 X 11998 0.000126
11999 X 11909 0.000126
12040 SX 11941 0.999622
12040 SX 11925 0.000126
12040 SX 11927 0.000126
12040 SX 11939 0.000126
12040 RZPI 12040 1.000000
12040 RZ3PI 12043 1.000000
12040 RZPIHalf 11989 1.000000
12040 S 11986 1.000000
12040 X 12041 0.999622
12040 X 12040 0.000126
12040 X 12043 0.000126
12040 X 12042 0.000126
12041 SX 11925 0.999622
12041 SX 11941 0.000126
12041 SX 11939 0.000126
12041 SX 11927 0.000126
12041 RZPI 12041 1.000000
12041 RZ3PI 12042 1.000000
12041 RZPIHalf 11987 1.000000
12041 S 11988 1.000000
12041 X 12040 0.999622
12041 X 12041 0.000126
12041 X 12042 0.000126
12041 X 12043 0.000126
12042 SX 11939 0.999622
12042 SX 11927 0.000126
12042 SX 11925 0.000126
12042 SX 11941 0.000126
12042 RZPI 12042 1.000000
12042 RZ3PI 12041 1.000000
12042 RZPIHalf 11988 1.000000
12042 S 11987 1.000000
12042 X 12043 0.999622
12042 X 12042 0.000126
12042 X 12041 0.000126
12042 X 12040 0.000126
12043 SX 11927 0.999622
12043 SX 11939 0.000126
12043 SX 11941 0.000126
12043 SX 11925 0.000126
12043 RZPI 12043 1.000000
12043 RZ3PI 12040 1.000000
12043 RZPIHalf 11986 1.000000
12043 S 11989 1.000000
12043 X 12042 0.999622
12043 X 12043 0.000126
12043 X 12040 0.000126
12043 X 12041 0.000126
ENDPOMDP
