BEGINPOMDP
INITIALSTATE: 12208
STATES: 12299,12300,12301,12302,12311,12312,12208,12209,12214,12215,12216,12217,12220,12222,12224,12353,12354,12355,12356,12229,12230,12238,12240,12252,12254
REWARDS: 12299:0,12300:0,12301:0,12302:0,12311:0,12312:0,12208:0,12209:0,12214:0,12215:0,12216:0,12217:0,12220:0,12222:0,12224:0,12353:0,12354:0,12355:0,12356:0,12229:0,12230:1,12238:0,12240:0,12252:0,12254:0
GAMMA: 12299:0,12300:0,12301:0,12302:0,12311:0,12312:0,12208:0,12209:0,12214:0,12215:0,12216:0,12217:0,12220:0,12222:0,12224:0,12353:0,12354:0,12355:0,12356:0,12229:0,12230:0,12238:0,12240:0,12252:0,12254:0
BEGINACTIONS
SX
RZPI
RZ3PI
RZPIHalf
S
X
ENDACTIONS
12208 INIT_ 12209 1.000000
12209 SX 12214 0.961659
12209 SX 12215 0.012780
12209 SX 12216 0.012780
12209 SX 12217 0.012780
12209 RZPI 12209 1.000000
12209 RZ3PI 12220 1.000000
12209 RZPIHalf 12222 1.000000
12209 S 12224 1.000000
12209 X 12229 0.961659
12209 X 12209 0.012780
12209 X 12220 0.012780
12209 X 12230 0.012780
12214 SX 12229 0.961659
12214 SX 12209 0.012780
12214 SX 12220 0.012780
12214 SX 12230 0.012780
12214 RZPI 12214 1.000000
12214 RZ3PI 12217 1.000000
12214 RZPIHalf 12238 1.000000
12214 S 12240 1.000000
12214 X 12215 0.961659
12214 X 12214 0.012780
12214 X 12217 0.012780
12214 X 12216 0.012780
12215 SX 12209 0.961659
12215 SX 12229 0.012780
12215 SX 12230 0.012780
12215 SX 12220 0.012780
12215 RZPI 12215 1.000000
12215 RZ3PI 12216 1.000000
12215 RZPIHalf 12252 1.000000
12215 S 12254 1.000000
12215 X 12214 0.961659
12215 X 12215 0.012780
12215 X 12216 0.012780
12215 X 12217 0.012780
12216 SX 12230 0.961659
12216 SX 12220 0.012780
12216 SX 12209 0.012780
12216 SX 12229 0.012780
12216 RZPI 12216 1.000000
12216 RZ3PI 12215 1.000000
12216 RZPIHalf 12254 1.000000
12216 S 12252 1.000000
12216 X 12217 0.961659
12216 X 12216 0.012780
12216 X 12215 0.012780
12216 X 12214 0.012780
12217 SX 12220 0.961659
12217 SX 12230 0.012780
12217 SX 12229 0.012780
12217 SX 12209 0.012780
12217 RZPI 12217 1.000000
12217 RZ3PI 12214 1.000000
12217 RZPIHalf 12240 1.000000
12217 S 12238 1.000000
12217 X 12216 0.961659
12217 X 12217 0.012780
12217 X 12214 0.012780
12217 X 12215 0.012780
12220 SX 12216 0.961659
12220 SX 12217 0.012780
12220 SX 12214 0.012780
12220 SX 12215 0.012780
12220 RZPI 12220 1.000000
12220 RZ3PI 12209 1.000000
12220 RZPIHalf 12224 1.000000
12220 S 12222 1.000000
12220 X 12230 0.961659
12220 X 12220 0.012780
12220 X 12209 0.012780
12220 X 12229 0.012780
12222 SX 12299 0.961659
12222 SX 12300 0.012780
12222 SX 12301 0.012780
12222 SX 12302 0.012780
12222 RZPI 12222 1.000000
12222 RZ3PI 12224 1.000000
12222 RZPIHalf 12220 1.000000
12222 S 12209 1.000000
12222 X 12311 0.961659
12222 X 12222 0.012780
12222 X 12224 0.012780
12222 X 12312 0.012780
12224 SX 12301 0.961659
12224 SX 12302 0.012780
12224 SX 12299 0.012780
12224 SX 12300 0.012780
12224 RZPI 12224 1.000000
12224 RZ3PI 12222 1.000000
12224 RZPIHalf 12209 1.000000
12224 S 12220 1.000000
12224 X 12312 0.961659
12224 X 12224 0.012780
12224 X 12222 0.012780
12224 X 12311 0.012780
12229 SX 12215 0.961659
12229 SX 12214 0.012780
12229 SX 12217 0.012780
12229 SX 12216 0.012780
12229 RZPI 12229 1.000000
12229 RZ3PI 12230 1.000000
12229 RZPIHalf 12312 1.000000
12229 S 12311 1.000000
12229 X 12209 0.961659
12229 X 12229 0.012780
12229 X 12230 0.012780
12229 X 12220 0.012780
12230 SX 12217 0.961659
12230 SX 12216 0.012780
12230 SX 12215 0.012780
12230 SX 12214 0.012780
12230 RZPI 12230 1.000000
12230 RZ3PI 12229 1.000000
12230 RZPIHalf 12311 1.000000
12230 S 12312 1.000000
12230 X 12220 0.961659
12230 X 12230 0.012780
12230 X 12229 0.012780
12230 X 12209 0.012780
12238 SX 12353 0.961659
12238 SX 12354 0.012780
12238 SX 12355 0.012780
12238 SX 12356 0.012780
12238 RZPI 12238 1.000000
12238 RZ3PI 12240 1.000000
12238 RZPIHalf 12217 1.000000
12238 S 12214 1.000000
12238 X 12254 0.961659
12238 X 12238 0.012780
12238 X 12240 0.012780
12238 X 12252 0.012780
12240 SX 12355 0.961659
12240 SX 12356 0.012780
12240 SX 12353 0.012780
12240 SX 12354 0.012780
12240 RZPI 12240 1.000000
12240 RZ3PI 12238 1.000000
12240 RZPIHalf 12214 1.000000
12240 S 12217 1.000000
12240 X 12252 0.961659
12240 X 12240 0.012780
12240 X 12238 0.012780
12240 X 12254 0.012780
12252 SX 12356 0.961659
12252 SX 12355 0.012780
12252 SX 12354 0.012780
12252 SX 12353 0.012780
12252 RZPI 12252 1.000000
12252 RZ3PI 12254 1.000000
12252 RZPIHalf 12216 1.000000
12252 S 12215 1.000000
12252 X 12240 0.961659
12252 X 12252 0.012780
12252 X 12254 0.012780
12252 X 12238 0.012780
12254 SX 12354 0.961659
12254 SX 12353 0.012780
12254 SX 12356 0.012780
12254 SX 12355 0.012780
12254 RZPI 12254 1.000000
12254 RZ3PI 12252 1.000000
12254 RZPIHalf 12215 1.000000
12254 S 12216 1.000000
12254 X 12238 0.961659
12254 X 12254 0.012780
12254 X 12252 0.012780
12254 X 12240 0.012780
12299 SX 12311 0.961659
12299 SX 12222 0.012780
12299 SX 12224 0.012780
12299 SX 12312 0.012780
12299 RZPI 12299 1.000000
12299 RZ3PI 12302 1.000000
12299 RZPIHalf 12353 1.000000
12299 S 12356 1.000000
12299 X 12300 0.961659
12299 X 12299 0.012780
12299 X 12302 0.012780
12299 X 12301 0.012780
12300 SX 12222 0.961659
12300 SX 12311 0.012780
12300 SX 12312 0.012780
12300 SX 12224 0.012780
12300 RZPI 12300 1.000000
12300 RZ3PI 12301 1.000000
12300 RZPIHalf 12355 1.000000
12300 S 12354 1.000000
12300 X 12299 0.961659
12300 X 12300 0.012780
12300 X 12301 0.012780
12300 X 12302 0.012780
12301 SX 12312 0.961659
12301 SX 12224 0.012780
12301 SX 12222 0.012780
12301 SX 12311 0.012780
12301 RZPI 12301 1.000000
12301 RZ3PI 12300 1.000000
12301 RZPIHalf 12354 1.000000
12301 S 12355 1.000000
12301 X 12302 0.961659
12301 X 12301 0.012780
12301 X 12300 0.012780
12301 X 12299 0.012780
12302 SX 12224 0.961659
12302 SX 12312 0.012780
12302 SX 12311 0.012780
12302 SX 12222 0.012780
12302 RZPI 12302 1.000000
12302 RZ3PI 12299 1.000000
12302 RZPIHalf 12356 1.000000
12302 S 12353 1.000000
12302 X 12301 0.961659
12302 X 12302 0.012780
12302 X 12299 0.012780
12302 X 12300 0.012780
12311 SX 12300 0.961659
12311 SX 12299 0.012780
12311 SX 12302 0.012780
12311 SX 12301 0.012780
12311 RZPI 12311 1.000000
12311 RZ3PI 12312 1.000000
12311 RZPIHalf 12229 1.000000
12311 S 12230 1.000000
12311 X 12222 0.961659
12311 X 12311 0.012780
12311 X 12312 0.012780
12311 X 12224 0.012780
12312 SX 12302 0.961659
12312 SX 12301 0.012780
12312 SX 12300 0.012780
12312 SX 12299 0.012780
12312 RZPI 12312 1.000000
12312 RZ3PI 12311 1.000000
12312 RZPIHalf 12230 1.000000
12312 S 12229 1.000000
12312 X 12224 0.961659
12312 X 12312 0.012780
12312 X 12311 0.012780
12312 X 12222 0.012780
12353 SX 12254 0.961659
12353 SX 12238 0.012780
12353 SX 12240 0.012780
12353 SX 12252 0.012780
12353 RZPI 12353 1.000000
12353 RZ3PI 12356 1.000000
12353 RZPIHalf 12302 1.000000
12353 S 12299 1.000000
12353 X 12354 0.961659
12353 X 12353 0.012780
12353 X 12356 0.012780
12353 X 12355 0.012780
12354 SX 12238 0.961659
12354 SX 12254 0.012780
12354 SX 12252 0.012780
12354 SX 12240 0.012780
12354 RZPI 12354 1.000000
12354 RZ3PI 12355 1.000000
12354 RZPIHalf 12300 1.000000
12354 S 12301 1.000000
12354 X 12353 0.961659
12354 X 12354 0.012780
12354 X 12355 0.012780
12354 X 12356 0.012780
12355 SX 12252 0.961659
12355 SX 12240 0.012780
12355 SX 12238 0.012780
12355 SX 12254 0.012780
12355 RZPI 12355 1.000000
12355 RZ3PI 12354 1.000000
12355 RZPIHalf 12301 1.000000
12355 S 12300 1.000000
12355 X 12356 0.961659
12355 X 12355 0.012780
12355 X 12354 0.012780
12355 X 12353 0.012780
12356 SX 12240 0.961659
12356 SX 12252 0.012780
12356 SX 12254 0.012780
12356 SX 12238 0.012780
12356 RZPI 12356 1.000000
12356 RZ3PI 12353 1.000000
12356 RZPIHalf 12299 1.000000
12356 S 12302 1.000000
12356 X 12355 0.961659
12356 X 12356 0.012780
12356 X 12353 0.012780
12356 X 12354 0.012780
ENDPOMDP
