BEGINPOMDP
INITIALSTATE: 11269
STATES: 11269,11270,11275,11276,11277,11278,11281,11283,11285,11414,11415,11416,11417,11290,11291,11299,11301,11313,11315,11360,11361,11362,11363,11372,11373
REWARDS: 11269:0,11270:0,11275:0,11276:0,11277:0,11278:0,11281:0,11283:0,11285:0,11414:0,11415:0,11416:0,11417:0,11290:0,11291:1,11299:0,11301:0,11313:0,11315:0,11360:0,11361:0,11362:0,11363:0,11372:0,11373:0
GAMMA: 11269:0,11270:0,11275:0,11276:0,11277:0,11278:0,11281:0,11283:0,11285:0,11414:0,11415:0,11416:0,11417:0,11290:0,11291:0,11299:0,11301:0,11313:0,11315:0,11360:0,11361:0,11362:0,11363:0,11372:0,11373:0
BEGINACTIONS
SX
RZPI
RZ3PI
RZPIHalf
S
X
ENDACTIONS
11269 INIT_ 11270 1.000000
11270 SX 11275 0.998422
11270 SX 11276 0.000526
11270 SX 11277 0.000526
11270 SX 11278 0.000526
11270 RZPI 11270 1.000000
11270 RZ3PI 11281 1.000000
11270 RZPIHalf 11283 1.000000
11270 S 11285 1.000000
11270 X 11290 0.998422
11270 X 11270 0.000526
11270 X 11281 0.000526
11270 X 11291 0.000526
11275 SX 11290 0.998422
11275 SX 11270 0.000526
11275 SX 11281 0.000526
11275 SX 11291 0.000526
11275 RZPI 11275 1.000000
11275 RZ3PI 11278 1.000000
11275 RZPIHalf 11299 1.000000
11275 S 11301 1.000000
11275 X 11276 0.998422
11275 X 11275 0.000526
11275 X 11278 0.000526
11275 X 11277 0.000526
11276 SX 11270 0.998422
11276 SX 11290 0.000526
11276 SX 11291 0.000526
11276 SX 11281 0.000526
11276 RZPI 11276 1.000000
11276 RZ3PI 11277 1.000000
11276 RZPIHalf 11313 1.000000
11276 S 11315 1.000000
11276 X 11275 0.998422
11276 X 11276 0.000526
11276 X 11277 0.000526
11276 X 11278 0.000526
11277 SX 11291 0.998422
11277 SX 11281 0.000526
11277 SX 11270 0.000526
11277 SX 11290 0.000526
11277 RZPI 11277 1.000000
11277 RZ3PI 11276 1.000000
11277 RZPIHalf 11315 1.000000
11277 S 11313 1.000000
11277 X 11278 0.998422
11277 X 11277 0.000526
11277 X 11276 0.000526
11277 X 11275 0.000526
11278 SX 11281 0.998422
11278 SX 11291 0.000526
11278 SX 11290 0.000526
11278 SX 11270 0.000526
11278 RZPI 11278 1.000000
11278 RZ3PI 11275 1.000000
11278 RZPIHalf 11301 1.000000
11278 S 11299 1.000000
11278 X 11277 0.998422
11278 X 11278 0.000526
11278 X 11275 0.000526
11278 X 11276 0.000526
11281 SX 11277 0.998422
11281 SX 11278 0.000526
11281 SX 11275 0.000526
11281 SX 11276 0.000526
11281 RZPI 11281 1.000000
11281 RZ3PI 11270 1.000000
11281 RZPIHalf 11285 1.000000
11281 S 11283 1.000000
11281 X 11291 0.998422
11281 X 11281 0.000526
11281 X 11270 0.000526
11281 X 11290 0.000526
11283 SX 11360 0.998422
11283 SX 11361 0.000526
11283 SX 11362 0.000526
11283 SX 11363 0.000526
11283 RZPI 11283 1.000000
11283 RZ3PI 11285 1.000000
11283 RZPIHalf 11281 1.000000
11283 S 11270 1.000000
11283 X 11372 0.998422
11283 X 11283 0.000526
11283 X 11285 0.000526
11283 X 11373 0.000526
11285 SX 11362 0.998422
11285 SX 11363 0.000526
11285 SX 11360 0.000526
11285 SX 11361 0.000526
11285 RZPI 11285 1.000000
11285 RZ3PI 11283 1.000000
11285 RZPIHalf 11270 1.000000
11285 S 11281 1.000000
11285 X 11373 0.998422
11285 X 11285 0.000526
11285 X 11283 0.000526
11285 X 11372 0.000526
11290 SX 11276 0.998422
11290 SX 11275 0.000526
11290 SX 11278 0.000526
11290 SX 11277 0.000526
11290 RZPI 11290 1.000000
11290 RZ3PI 11291 1.000000
11290 RZPIHalf 11373 1.000000
11290 S 11372 1.000000
11290 X 11270 0.998422
11290 X 11290 0.000526
11290 X 11291 0.000526
11290 X 11281 0.000526
11291 SX 11278 0.998422
11291 SX 11277 0.000526
11291 SX 11276 0.000526
11291 SX 11275 0.000526
11291 RZPI 11291 1.000000
11291 RZ3PI 11290 1.000000
11291 RZPIHalf 11372 1.000000
11291 S 11373 1.000000
11291 X 11281 0.998422
11291 X 11291 0.000526
11291 X 11290 0.000526
11291 X 11270 0.000526
11299 SX 11414 0.998422
11299 SX 11415 0.000526
11299 SX 11416 0.000526
11299 SX 11417 0.000526
11299 RZPI 11299 1.000000
11299 RZ3PI 11301 1.000000
11299 RZPIHalf 11278 1.000000
11299 S 11275 1.000000
11299 X 11315 0.998422
11299 X 11299 0.000526
11299 X 11301 0.000526
11299 X 11313 0.000526
11301 SX 11416 0.998422
11301 SX 11417 0.000526
11301 SX 11414 0.000526
11301 SX 11415 0.000526
11301 RZPI 11301 1.000000
11301 RZ3PI 11299 1.000000
11301 RZPIHalf 11275 1.000000
11301 S 11278 1.000000
11301 X 11313 0.998422
11301 X 11301 0.000526
11301 X 11299 0.000526
11301 X 11315 0.000526
11313 SX 11417 0.998422
11313 SX 11416 0.000526
11313 SX 11415 0.000526
11313 SX 11414 0.000526
11313 RZPI 11313 1.000000
11313 RZ3PI 11315 1.000000
11313 RZPIHalf 11277 1.000000
11313 S 11276 1.000000
11313 X 11301 0.998422
11313 X 11313 0.000526
11313 X 11315 0.000526
11313 X 11299 0.000526
11315 SX 11415 0.998422
11315 SX 11414 0.000526
11315 SX 11417 0.000526
11315 SX 11416 0.000526
11315 RZPI 11315 1.000000
11315 RZ3PI 11313 1.000000
11315 RZPIHalf 11276 1.000000
11315 S 11277 1.000000
11315 X 11299 0.998422
11315 X 11315 0.000526
11315 X 11313 0.000526
11315 X 11301 0.000526
11360 SX 11372 0.998422
11360 SX 11283 0.000526
11360 SX 11285 0.000526
11360 SX 11373 0.000526
11360 RZPI 11360 1.000000
11360 RZ3PI 11363 1.000000
11360 RZPIHalf 11414 1.000000
11360 S 11417 1.000000
11360 X 11361 0.998422
11360 X 11360 0.000526
11360 X 11363 0.000526
11360 X 11362 0.000526
11361 SX 11283 0.998422
11361 SX 11372 0.000526
11361 SX 11373 0.000526
11361 SX 11285 0.000526
11361 RZPI 11361 1.000000
11361 RZ3PI 11362 1.000000
11361 RZPIHalf 11416 1.000000
11361 S 11415 1.000000
11361 X 11360 0.998422
11361 X 11361 0.000526
11361 X 11362 0.000526
11361 X 11363 0.000526
11362 SX 11373 0.998422
11362 SX 11285 0.000526
11362 SX 11283 0.000526
11362 SX 11372 0.000526
11362 RZPI 11362 1.000000
11362 RZ3PI 11361 1.000000
11362 RZPIHalf 11415 1.000000
11362 S 11416 1.000000
11362 X 11363 0.998422
11362 X 11362 0.000526
11362 X 11361 0.000526
11362 X 11360 0.000526
11363 SX 11285 0.998422
11363 SX 11373 0.000526
11363 SX 11372 0.000526
11363 SX 11283 0.000526
11363 RZPI 11363 1.000000
11363 RZ3PI 11360 1.000000
11363 RZPIHalf 11417 1.000000
11363 S 11414 1.000000
11363 X 11362 0.998422
11363 X 11363 0.000526
11363 X 11360 0.000526
11363 X 11361 0.000526
11372 SX 11361 0.998422
11372 SX 11360 0.000526
11372 SX 11363 0.000526
11372 SX 11362 0.000526
11372 RZPI 11372 1.000000
11372 RZ3PI 11373 1.000000
11372 RZPIHalf 11290 1.000000
11372 S 11291 1.000000
11372 X 11283 0.998422
11372 X 11372 0.000526
11372 X 11373 0.000526
11372 X 11285 0.000526
11373 SX 11363 0.998422
11373 SX 11362 0.000526
11373 SX 11361 0.000526
11373 SX 11360 0.000526
11373 RZPI 11373 1.000000
11373 RZ3PI 11372 1.000000
11373 RZPIHalf 11291 1.000000
11373 S 11290 1.000000
11373 X 11285 0.998422
11373 X 11373 0.000526
11373 X 11372 0.000526
11373 X 11283 0.000526
11414 SX 11315 0.998422
11414 SX 11299 0.000526
11414 SX 11301 0.000526
11414 SX 11313 0.000526
11414 RZPI 11414 1.000000
11414 RZ3PI 11417 1.000000
11414 RZPIHalf 11363 1.000000
11414 S 11360 1.000000
11414 X 11415 0.998422
11414 X 11414 0.000526
11414 X 11417 0.000526
11414 X 11416 0.000526
11415 SX 11299 0.998422
11415 SX 11315 0.000526
11415 SX 11313 0.000526
11415 SX 11301 0.000526
11415 RZPI 11415 1.000000
11415 RZ3PI 11416 1.000000
11415 RZPIHalf 11361 1.000000
11415 S 11362 1.000000
11415 X 11414 0.998422
11415 X 11415 0.000526
11415 X 11416 0.000526
11415 X 11417 0.000526
11416 SX 11313 0.998422
11416 SX 11301 0.000526
11416 SX 11299 0.000526
11416 SX 11315 0.000526
11416 RZPI 11416 1.000000
11416 RZ3PI 11415 1.000000
11416 RZPIHalf 11362 1.000000
11416 S 11361 1.000000
11416 X 11417 0.998422
11416 X 11416 0.000526
11416 X 11415 0.000526
11416 X 11414 0.000526
11417 SX 11301 0.998422
11417 SX 11313 0.000526
11417 SX 11315 0.000526
11417 SX 11299 0.000526
11417 RZPI 11417 1.000000
11417 RZ3PI 11414 1.000000
11417 RZPIHalf 11360 1.000000
11417 S 11363 1.000000
11417 X 11416 0.998422
11417 X 11417 0.000526
11417 X 11414 0.000526
11417 X 11415 0.000526
ENDPOMDP
