BEGINPOMDP
INITIALSTATE: 35458
STATES: 35458,35459,35464,35465,35466,35467,35470,35472,35474,35603,35604,35605,35606,35479,35480,35488,35490,35502,35504,35549,35550,35551,35552,35561,35562
REWARDS: 35458:0,35459:0,35464:0,35465:0,35466:0,35467:0,35470:0,35472:0,35474:0,35603:0,35604:0,35605:0,35606:0,35479:0,35480:1,35488:0,35490:0,35502:0,35504:0,35549:0,35550:0,35551:0,35552:0,35561:0,35562:0
GAMMA: 35458:0,35459:0,35464:0,35465:0,35466:0,35467:0,35470:0,35472:0,35474:0,35603:0,35604:0,35605:0,35606:0,35479:0,35480:0,35488:0,35490:0,35502:0,35504:0,35549:0,35550:0,35551:0,35552:0,35561:0,35562:0
BEGINACTIONS
SX
RZPI
RZ3PI
RZPIHalf
S
X
ENDACTIONS
35458 INIT_ 35459 1.000000
35459 SX 35464 0.995185
35459 SX 35465 0.001605
35459 SX 35466 0.001605
35459 SX 35467 0.001605
35459 RZPI 35459 1.000000
35459 RZ3PI 35470 1.000000
35459 RZPIHalf 35472 1.000000
35459 S 35474 1.000000
35459 X 35479 0.995185
35459 X 35459 0.001605
35459 X 35470 0.001605
35459 X 35480 0.001605
35464 SX 35479 0.995185
35464 SX 35459 0.001605
35464 SX 35470 0.001605
35464 SX 35480 0.001605
35464 RZPI 35464 1.000000
35464 RZ3PI 35467 1.000000
35464 RZPIHalf 35488 1.000000
35464 S 35490 1.000000
35464 X 35465 0.995185
35464 X 35464 0.001605
35464 X 35467 0.001605
35464 X 35466 0.001605
35465 SX 35459 0.995185
35465 SX 35479 0.001605
35465 SX 35480 0.001605
35465 SX 35470 0.001605
35465 RZPI 35465 1.000000
35465 RZ3PI 35466 1.000000
35465 RZPIHalf 35502 1.000000
35465 S 35504 1.000000
35465 X 35464 0.995185
35465 X 35465 0.001605
35465 X 35466 0.001605
35465 X 35467 0.001605
35466 SX 35480 0.995185
35466 SX 35470 0.001605
35466 SX 35459 0.001605
35466 SX 35479 0.001605
35466 RZPI 35466 1.000000
35466 RZ3PI 35465 1.000000
35466 RZPIHalf 35504 1.000000
35466 S 35502 1.000000
35466 X 35467 0.995185
35466 X 35466 0.001605
35466 X 35465 0.001605
35466 X 35464 0.001605
35467 SX 35470 0.995185
35467 SX 35480 0.001605
35467 SX 35479 0.001605
35467 SX 35459 0.001605
35467 RZPI 35467 1.000000
35467 RZ3PI 35464 1.000000
35467 RZPIHalf 35490 1.000000
35467 S 35488 1.000000
35467 X 35466 0.995185
35467 X 35467 0.001605
35467 X 35464 0.001605
35467 X 35465 0.001605
35470 SX 35466 0.995185
35470 SX 35467 0.001605
35470 SX 35464 0.001605
35470 SX 35465 0.001605
35470 RZPI 35470 1.000000
35470 RZ3PI 35459 1.000000
35470 RZPIHalf 35474 1.000000
35470 S 35472 1.000000
35470 X 35480 0.995185
35470 X 35470 0.001605
35470 X 35459 0.001605
35470 X 35479 0.001605
35472 SX 35549 0.995185
35472 SX 35550 0.001605
35472 SX 35551 0.001605
35472 SX 35552 0.001605
35472 RZPI 35472 1.000000
35472 RZ3PI 35474 1.000000
35472 RZPIHalf 35470 1.000000
35472 S 35459 1.000000
35472 X 35561 0.995185
35472 X 35472 0.001605
35472 X 35474 0.001605
35472 X 35562 0.001605
35474 SX 35551 0.995185
35474 SX 35552 0.001605
35474 SX 35549 0.001605
35474 SX 35550 0.001605
35474 RZPI 35474 1.000000
35474 RZ3PI 35472 1.000000
35474 RZPIHalf 35459 1.000000
35474 S 35470 1.000000
35474 X 35562 0.995185
35474 X 35474 0.001605
35474 X 35472 0.001605
35474 X 35561 0.001605
35479 SX 35465 0.995185
35479 SX 35464 0.001605
35479 SX 35467 0.001605
35479 SX 35466 0.001605
35479 RZPI 35479 1.000000
35479 RZ3PI 35480 1.000000
35479 RZPIHalf 35562 1.000000
35479 S 35561 1.000000
35479 X 35459 0.995185
35479 X 35479 0.001605
35479 X 35480 0.001605
35479 X 35470 0.001605
35480 SX 35467 0.995185
35480 SX 35466 0.001605
35480 SX 35465 0.001605
35480 SX 35464 0.001605
35480 RZPI 35480 1.000000
35480 RZ3PI 35479 1.000000
35480 RZPIHalf 35561 1.000000
35480 S 35562 1.000000
35480 X 35470 0.995185
35480 X 35480 0.001605
35480 X 35479 0.001605
35480 X 35459 0.001605
35488 SX 35603 0.995185
35488 SX 35604 0.001605
35488 SX 35605 0.001605
35488 SX 35606 0.001605
35488 RZPI 35488 1.000000
35488 RZ3PI 35490 1.000000
35488 RZPIHalf 35467 1.000000
35488 S 35464 1.000000
35488 X 35504 0.995185
35488 X 35488 0.001605
35488 X 35490 0.001605
35488 X 35502 0.001605
35490 SX 35605 0.995185
35490 SX 35606 0.001605
35490 SX 35603 0.001605
35490 SX 35604 0.001605
35490 RZPI 35490 1.000000
35490 RZ3PI 35488 1.000000
35490 RZPIHalf 35464 1.000000
35490 S 35467 1.000000
35490 X 35502 0.995185
35490 X 35490 0.001605
35490 X 35488 0.001605
35490 X 35504 0.001605
35502 SX 35606 0.995185
35502 SX 35605 0.001605
35502 SX 35604 0.001605
35502 SX 35603 0.001605
35502 RZPI 35502 1.000000
35502 RZ3PI 35504 1.000000
35502 RZPIHalf 35466 1.000000
35502 S 35465 1.000000
35502 X 35490 0.995185
35502 X 35502 0.001605
35502 X 35504 0.001605
35502 X 35488 0.001605
35504 SX 35604 0.995185
35504 SX 35603 0.001605
35504 SX 35606 0.001605
35504 SX 35605 0.001605
35504 RZPI 35504 1.000000
35504 RZ3PI 35502 1.000000
35504 RZPIHalf 35465 1.000000
35504 S 35466 1.000000
35504 X 35488 0.995185
35504 X 35504 0.001605
35504 X 35502 0.001605
35504 X 35490 0.001605
35549 SX 35561 0.995185
35549 SX 35472 0.001605
35549 SX 35474 0.001605
35549 SX 35562 0.001605
35549 RZPI 35549 1.000000
35549 RZ3PI 35552 1.000000
35549 RZPIHalf 35603 1.000000
35549 S 35606 1.000000
35549 X 35550 0.995185
35549 X 35549 0.001605
35549 X 35552 0.001605
35549 X 35551 0.001605
35550 SX 35472 0.995185
35550 SX 35561 0.001605
35550 SX 35562 0.001605
35550 SX 35474 0.001605
35550 RZPI 35550 1.000000
35550 RZ3PI 35551 1.000000
35550 RZPIHalf 35605 1.000000
35550 S 35604 1.000000
35550 X 35549 0.995185
35550 X 35550 0.001605
35550 X 35551 0.001605
35550 X 35552 0.001605
35551 SX 35562 0.995185
35551 SX 35474 0.001605
35551 SX 35472 0.001605
35551 SX 35561 0.001605
35551 RZPI 35551 1.000000
35551 RZ3PI 35550 1.000000
35551 RZPIHalf 35604 1.000000
35551 S 35605 1.000000
35551 X 35552 0.995185
35551 X 35551 0.001605
35551 X 35550 0.001605
35551 X 35549 0.001605
35552 SX 35474 0.995185
35552 SX 35562 0.001605
35552 SX 35561 0.001605
35552 SX 35472 0.001605
35552 RZPI 35552 1.000000
35552 RZ3PI 35549 1.000000
35552 RZPIHalf 35606 1.000000
35552 S 35603 1.000000
35552 X 35551 0.995185
35552 X 35552 0.001605
35552 X 35549 0.001605
35552 X 35550 0.001605
35561 SX 35550 0.995185
35561 SX 35549 0.001605
35561 SX 35552 0.001605
35561 SX 35551 0.001605
35561 RZPI 35561 1.000000
35561 RZ3PI 35562 1.000000
35561 RZPIHalf 35479 1.000000
35561 S 35480 1.000000
35561 X 35472 0.995185
35561 X 35561 0.001605
35561 X 35562 0.001605
35561 X 35474 0.001605
35562 SX 35552 0.995185
35562 SX 35551 0.001605
35562 SX 35550 0.001605
35562 SX 35549 0.001605
35562 RZPI 35562 1.000000
35562 RZ3PI 35561 1.000000
35562 RZPIHalf 35480 1.000000
35562 S 35479 1.000000
35562 X 35474 0.995185
35562 X 35562 0.001605
35562 X 35561 0.001605
35562 X 35472 0.001605
35603 SX 35504 0.995185
35603 SX 35488 0.001605
35603 SX 35490 0.001605
35603 SX 35502 0.001605
35603 RZPI 35603 1.000000
35603 RZ3PI 35606 1.000000
35603 RZPIHalf 35552 1.000000
35603 S 35549 1.000000
35603 X 35604 0.995185
35603 X 35603 0.001605
35603 X 35606 0.001605
35603 X 35605 0.001605
35604 SX 35488 0.995185
35604 SX 35504 0.001605
35604 SX 35502 0.001605
35604 SX 35490 0.001605
35604 RZPI 35604 1.000000
35604 RZ3PI 35605 1.000000
35604 RZPIHalf 35550 1.000000
35604 S 35551 1.000000
35604 X 35603 0.995185
35604 X 35604 0.001605
35604 X 35605 0.001605
35604 X 35606 0.001605
35605 SX 35502 0.995185
35605 SX 35490 0.001605
35605 SX 35488 0.001605
35605 SX 35504 0.001605
35605 RZPI 35605 1.000000
35605 RZ3PI 35604 1.000000
35605 RZPIHalf 35551 1.000000
35605 S 35550 1.000000
35605 X 35606 0.995185
35605 X 35605 0.001605
35605 X 35604 0.001605
35605 X 35603 0.001605
35606 SX 35490 0.995185
35606 SX 35502 0.001605
35606 SX 35504 0.001605
35606 SX 35488 0.001605
35606 RZPI 35606 1.000000
35606 RZ3PI 35603 1.000000
35606 RZPIHalf 35549 1.000000
35606 S 35552 1.000000
35606 X 35605 0.995185
35606 X 35606 0.001605
35606 X 35603 0.001605
35606 X 35604 0.001605
ENDPOMDP
