BEGINPOMDP
INITIALSTATE: 35145
STATES: 35236,35237,35238,35239,35248,35249,35145,35146,35151,35152,35153,35154,35157,35159,35161,35290,35291,35292,35293,35166,35167,35175,35177,35189,35191
REWARDS: 35236:0,35237:0,35238:0,35239:0,35248:0,35249:0,35145:0,35146:0,35151:0,35152:0,35153:0,35154:0,35157:0,35159:0,35161:0,35290:0,35291:0,35292:0,35293:0,35166:0,35167:1,35175:0,35177:0,35189:0,35191:0
GAMMA: 35236:0,35237:0,35238:0,35239:0,35248:0,35249:0,35145:0,35146:0,35151:0,35152:0,35153:0,35154:0,35157:0,35159:0,35161:0,35290:0,35291:0,35292:0,35293:0,35166:0,35167:0,35175:0,35177:0,35189:0,35191:0
BEGINACTIONS
SX
RZPI
RZ3PI
RZPIHalf
S
X
ENDACTIONS
35145 INIT_ 35146 1.000000
35146 SX 35151 0.999372
35146 SX 35152 0.000209
35146 SX 35153 0.000209
35146 SX 35154 0.000209
35146 RZPI 35146 1.000000
35146 RZ3PI 35157 1.000000
35146 RZPIHalf 35159 1.000000
35146 S 35161 1.000000
35146 X 35166 0.999372
35146 X 35146 0.000209
35146 X 35157 0.000209
35146 X 35167 0.000209
35151 SX 35166 0.999372
35151 SX 35146 0.000209
35151 SX 35157 0.000209
35151 SX 35167 0.000209
35151 RZPI 35151 1.000000
35151 RZ3PI 35154 1.000000
35151 RZPIHalf 35175 1.000000
35151 S 35177 1.000000
35151 X 35152 0.999372
35151 X 35151 0.000209
35151 X 35154 0.000209
35151 X 35153 0.000209
35152 SX 35146 0.999372
35152 SX 35166 0.000209
35152 SX 35167 0.000209
35152 SX 35157 0.000209
35152 RZPI 35152 1.000000
35152 RZ3PI 35153 1.000000
35152 RZPIHalf 35189 1.000000
35152 S 35191 1.000000
35152 X 35151 0.999372
35152 X 35152 0.000209
35152 X 35153 0.000209
35152 X 35154 0.000209
35153 SX 35167 0.999372
35153 SX 35157 0.000209
35153 SX 35146 0.000209
35153 SX 35166 0.000209
35153 RZPI 35153 1.000000
35153 RZ3PI 35152 1.000000
35153 RZPIHalf 35191 1.000000
35153 S 35189 1.000000
35153 X 35154 0.999372
35153 X 35153 0.000209
35153 X 35152 0.000209
35153 X 35151 0.000209
35154 SX 35157 0.999372
35154 SX 35167 0.000209
35154 SX 35166 0.000209
35154 SX 35146 0.000209
35154 RZPI 35154 1.000000
35154 RZ3PI 35151 1.000000
35154 RZPIHalf 35177 1.000000
35154 S 35175 1.000000
35154 X 35153 0.999372
35154 X 35154 0.000209
35154 X 35151 0.000209
35154 X 35152 0.000209
35157 SX 35153 0.999372
35157 SX 35154 0.000209
35157 SX 35151 0.000209
35157 SX 35152 0.000209
35157 RZPI 35157 1.000000
35157 RZ3PI 35146 1.000000
35157 RZPIHalf 35161 1.000000
35157 S 35159 1.000000
35157 X 35167 0.999372
35157 X 35157 0.000209
35157 X 35146 0.000209
35157 X 35166 0.000209
35159 SX 35236 0.999372
35159 SX 35237 0.000209
35159 SX 35238 0.000209
35159 SX 35239 0.000209
35159 RZPI 35159 1.000000
35159 RZ3PI 35161 1.000000
35159 RZPIHalf 35157 1.000000
35159 S 35146 1.000000
35159 X 35248 0.999372
35159 X 35159 0.000209
35159 X 35161 0.000209
35159 X 35249 0.000209
35161 SX 35238 0.999372
35161 SX 35239 0.000209
35161 SX 35236 0.000209
35161 SX 35237 0.000209
35161 RZPI 35161 1.000000
35161 RZ3PI 35159 1.000000
35161 RZPIHalf 35146 1.000000
35161 S 35157 1.000000
35161 X 35249 0.999372
35161 X 35161 0.000209
35161 X 35159 0.000209
35161 X 35248 0.000209
35166 SX 35152 0.999372
35166 SX 35151 0.000209
35166 SX 35154 0.000209
35166 SX 35153 0.000209
35166 RZPI 35166 1.000000
35166 RZ3PI 35167 1.000000
35166 RZPIHalf 35249 1.000000
35166 S 35248 1.000000
35166 X 35146 0.999372
35166 X 35166 0.000209
35166 X 35167 0.000209
35166 X 35157 0.000209
35167 SX 35154 0.999372
35167 SX 35153 0.000209
35167 SX 35152 0.000209
35167 SX 35151 0.000209
35167 RZPI 35167 1.000000
35167 RZ3PI 35166 1.000000
35167 RZPIHalf 35248 1.000000
35167 S 35249 1.000000
35167 X 35157 0.999372
35167 X 35167 0.000209
35167 X 35166 0.000209
35167 X 35146 0.000209
35175 SX 35290 0.999372
35175 SX 35291 0.000209
35175 SX 35292 0.000209
35175 SX 35293 0.000209
35175 RZPI 35175 1.000000
35175 RZ3PI 35177 1.000000
35175 RZPIHalf 35154 1.000000
35175 S 35151 1.000000
35175 X 35191 0.999372
35175 X 35175 0.000209
35175 X 35177 0.000209
35175 X 35189 0.000209
35177 SX 35292 0.999372
35177 SX 35293 0.000209
35177 SX 35290 0.000209
35177 SX 35291 0.000209
35177 RZPI 35177 1.000000
35177 RZ3PI 35175 1.000000
35177 RZPIHalf 35151 1.000000
35177 S 35154 1.000000
35177 X 35189 0.999372
35177 X 35177 0.000209
35177 X 35175 0.000209
35177 X 35191 0.000209
35189 SX 35293 0.999372
35189 SX 35292 0.000209
35189 SX 35291 0.000209
35189 SX 35290 0.000209
35189 RZPI 35189 1.000000
35189 RZ3PI 35191 1.000000
35189 RZPIHalf 35153 1.000000
35189 S 35152 1.000000
35189 X 35177 0.999372
35189 X 35189 0.000209
35189 X 35191 0.000209
35189 X 35175 0.000209
35191 SX 35291 0.999372
35191 SX 35290 0.000209
35191 SX 35293 0.000209
35191 SX 35292 0.000209
35191 RZPI 35191 1.000000
35191 RZ3PI 35189 1.000000
35191 RZPIHalf 35152 1.000000
35191 S 35153 1.000000
35191 X 35175 0.999372
35191 X 35191 0.000209
35191 X 35189 0.000209
35191 X 35177 0.000209
35236 SX 35248 0.999372
35236 SX 35159 0.000209
35236 SX 35161 0.000209
35236 SX 35249 0.000209
35236 RZPI 35236 1.000000
35236 RZ3PI 35239 1.000000
35236 RZPIHalf 35290 1.000000
35236 S 35293 1.000000
35236 X 35237 0.999372
35236 X 35236 0.000209
35236 X 35239 0.000209
35236 X 35238 0.000209
35237 SX 35159 0.999372
35237 SX 35248 0.000209
35237 SX 35249 0.000209
35237 SX 35161 0.000209
35237 RZPI 35237 1.000000
35237 RZ3PI 35238 1.000000
35237 RZPIHalf 35292 1.000000
35237 S 35291 1.000000
35237 X 35236 0.999372
35237 X 35237 0.000209
35237 X 35238 0.000209
35237 X 35239 0.000209
35238 SX 35249 0.999372
35238 SX 35161 0.000209
35238 SX 35159 0.000209
35238 SX 35248 0.000209
35238 RZPI 35238 1.000000
35238 RZ3PI 35237 1.000000
35238 RZPIHalf 35291 1.000000
35238 S 35292 1.000000
35238 X 35239 0.999372
35238 X 35238 0.000209
35238 X 35237 0.000209
35238 X 35236 0.000209
35239 SX 35161 0.999372
35239 SX 35249 0.000209
35239 SX 35248 0.000209
35239 SX 35159 0.000209
35239 RZPI 35239 1.000000
35239 RZ3PI 35236 1.000000
35239 RZPIHalf 35293 1.000000
35239 S 35290 1.000000
35239 X 35238 0.999372
35239 X 35239 0.000209
35239 X 35236 0.000209
35239 X 35237 0.000209
35248 SX 35237 0.999372
35248 SX 35236 0.000209
35248 SX 35239 0.000209
35248 SX 35238 0.000209
35248 RZPI 35248 1.000000
35248 RZ3PI 35249 1.000000
35248 RZPIHalf 35166 1.000000
35248 S 35167 1.000000
35248 X 35159 0.999372
35248 X 35248 0.000209
35248 X 35249 0.000209
35248 X 35161 0.000209
35249 SX 35239 0.999372
35249 SX 35238 0.000209
35249 SX 35237 0.000209
35249 SX 35236 0.000209
35249 RZPI 35249 1.000000
35249 RZ3PI 35248 1.000000
35249 RZPIHalf 35167 1.000000
35249 S 35166 1.000000
35249 X 35161 0.999372
35249 X 35249 0.000209
35249 X 35248 0.000209
35249 X 35159 0.000209
35290 SX 35191 0.999372
35290 SX 35175 0.000209
35290 SX 35177 0.000209
35290 SX 35189 0.000209
35290 RZPI 35290 1.000000
35290 RZ3PI 35293 1.000000
35290 RZPIHalf 35239 1.000000
35290 S 35236 1.000000
35290 X 35291 0.999372
35290 X 35290 0.000209
35290 X 35293 0.000209
35290 X 35292 0.000209
35291 SX 35175 0.999372
35291 SX 35191 0.000209
35291 SX 35189 0.000209
35291 SX 35177 0.000209
35291 RZPI 35291 1.000000
35291 RZ3PI 35292 1.000000
35291 RZPIHalf 35237 1.000000
35291 S 35238 1.000000
35291 X 35290 0.999372
35291 X 35291 0.000209
35291 X 35292 0.000209
35291 X 35293 0.000209
35292 SX 35189 0.999372
35292 SX 35177 0.000209
35292 SX 35175 0.000209
35292 SX 35191 0.000209
35292 RZPI 35292 1.000000
35292 RZ3PI 35291 1.000000
35292 RZPIHalf 35238 1.000000
35292 S 35237 1.000000
35292 X 35293 0.999372
35292 X 35292 0.000209
35292 X 35291 0.000209
35292 X 35290 0.000209
35293 SX 35177 0.999372
35293 SX 35189 0.000209
35293 SX 35191 0.000209
35293 SX 35175 0.000209
35293 RZPI 35293 1.000000
35293 RZ3PI 35290 1.000000
35293 RZPIHalf 35236 1.000000
35293 S 35239 1.000000
35293 X 35292 0.999372
35293 X 35293 0.000209
35293 X 35290 0.000209
35293 X 35291 0.000209
ENDPOMDP
