BEGINPOMDP
INITIALSTATE: 216629
STATES: 216717,216976,217492,216872,217131,216629,216630,216768,216643,216644,216645,217027,217285,217286,217288,217289,217543,217795,217796,217797,217798,216659,216660,216662,216663,216666,217182,216806,216819,216820
REWARDS: 216717:0,216976:0,217492:0,216872:0,217131:0,216629:0,216630:0,216768:0,216643:1,216644:0,216645:0,217027:0,217285:0,217286:0,217288:0,217289:0,217543:0,217795:0,217796:0,217797:0,217798:0,216659:0,216660:0,216662:0,216663:0,216666:0,217182:0,216806:0,216819:0,216820:0
GAMMA: 216717:0,216976:0,217492:0,216872:0,217131:0,216629:0,216630:0,216768:0,216643:0,216644:0,216645:0,217027:0,217285:0,217286:0,217288:0,217289:0,217543:0,217795:0,217796:0,217797:0,217798:0,216659:0,216660:0,216662:0,216663:0,216666:0,217182:0,216806:0,216819:0,216820:0
BEGINACTIONS
U3
H
S
Z
X
RY
ENDACTIONS
216629 INIT_ 216630 1.000000
216629 U3 216806 0.981641
216629 U3 216629 0.018359
216629 H 216819 0.990625
216629 H 216820 0.007743
216629 H 216629 0.001633
216629 S 216629 1.000000
216629 Z 216629 1.000000
216629 X 216806 0.981641
216629 X 216629 0.018359
216629 RY 216806 0.981641
216629 RY 216629 0.018359
216630 U3 216643 0.973776
216630 U3 216644 0.007864
216630 U3 216629 0.003213
216630 U3 216645 0.007548
216630 U3 216630 0.007548
216630 H 216659 0.986834
216630 H 216660 0.003952
216630 H 216662 0.003791
216630 H 216663 0.003791
216630 S 216666 1.000000
216630 Z 216645 1.000000
216630 X 216644 0.973776
216630 X 216643 0.007864
216630 X 216629 0.003213
216630 X 216630 0.007548
216630 X 216645 0.007548
216630 RY 216643 0.973776
216630 RY 216644 0.007864
216630 RY 216629 0.003213
216630 RY 216645 0.007548
216630 RY 216630 0.007548
216643 U3 216630 0.973776
216643 U3 216645 0.007864
216643 U3 216644 0.007548
216643 U3 216643 0.007548
216643 U3 216629 0.000049
216643 H 216663 0.986834
216643 H 216662 0.003952
216643 H 216660 0.003791
216643 H 216659 0.003791
216643 S 216717 1.000000
216643 Z 216644 1.000000
216643 X 216645 0.973776
216643 X 216630 0.007864
216643 X 216643 0.007548
216643 X 216644 0.007548
216643 X 216629 0.000025
216643 RY 216630 0.973776
216643 RY 216645 0.007864
216643 RY 216629 0.003213
216643 RY 216644 0.007548
216643 RY 216643 0.007548
216644 U3 216645 0.973776
216644 U3 216630 0.007864
216644 U3 216629 0.003263
216644 U3 216643 0.007548
216644 U3 216644 0.007548
216644 H 216660 0.986834
216644 H 216659 0.003952
216644 H 216663 0.003791
216644 H 216662 0.003791
216644 S 216768 1.000000
216644 Z 216643 1.000000
216644 X 216630 0.973776
216644 X 216645 0.007864
216644 X 216629 0.003188
216644 X 216644 0.007548
216644 X 216643 0.007548
216644 RY 216645 0.973776
216644 RY 216630 0.007864
216644 RY 216629 0.003213
216644 RY 216643 0.007548
216644 RY 216644 0.007548
216645 U3 216644 0.973776
216645 U3 216643 0.007864
216645 U3 216630 0.007548
216645 U3 216645 0.007548
216645 U3 216629 0.000049
216645 H 216662 0.986834
216645 H 216663 0.003952
216645 H 216659 0.003791
216645 H 216660 0.003791
216645 S 216872 1.000000
216645 Z 216630 1.000000
216645 X 216643 0.973776
216645 X 216644 0.007864
216645 X 216629 0.003213
216645 X 216645 0.007548
216645 X 216630 0.007548
216645 RY 216644 0.973776
216645 RY 216643 0.007864
216645 RY 216630 0.007548
216645 RY 216645 0.007548
216645 RY 216629 0.000025
216659 U3 216663 0.973776
216659 U3 216662 0.007864
216659 U3 216660 0.007548
216659 U3 216659 0.007548
216659 H 216630 0.986834
216659 H 216645 0.003952
216659 H 216629 0.001614
216659 H 216644 0.003791
216659 H 216643 0.003791
216659 S 216976 1.000000
216659 Z 216660 1.000000
216659 X 216662 0.973776
216659 X 216663 0.007864
216659 X 216659 0.007548
216659 X 216660 0.007548
216659 RY 216663 0.973776
216659 RY 216662 0.007864
216659 RY 216660 0.007548
216659 RY 216659 0.007548
216660 U3 216662 0.973776
216660 U3 216663 0.007864
216660 U3 216659 0.007548
216660 U3 216660 0.007548
216660 H 216644 0.986834
216660 H 216643 0.003952
216660 H 216629 0.001614
216660 H 216630 0.003791
216660 H 216645 0.003791
216660 S 217027 1.000000
216660 Z 216659 1.000000
216660 X 216663 0.973776
216660 X 216662 0.007864
216660 X 216660 0.007548
216660 X 216659 0.007548
216660 RY 216662 0.973776
216660 RY 216663 0.007864
216660 RY 216659 0.007548
216660 RY 216660 0.007548
216662 U3 216660 0.973776
216662 U3 216659 0.007864
216662 U3 216663 0.007548
216662 U3 216662 0.007548
216662 H 216645 0.986834
216662 H 216630 0.003952
216662 H 216643 0.003791
216662 H 216644 0.003791
216662 S 217131 1.000000
216662 Z 216663 1.000000
216662 X 216659 0.973776
216662 X 216660 0.007864
216662 X 216662 0.007548
216662 X 216663 0.007548
216662 RY 216660 0.973776
216662 RY 216659 0.007864
216662 RY 216663 0.007548
216662 RY 216662 0.007548
216663 U3 216659 0.973776
216663 U3 216660 0.007864
216663 U3 216662 0.007548
216663 U3 216663 0.007548
216663 H 216643 0.986834
216663 H 216644 0.003952
216663 H 216645 0.003791
216663 H 216630 0.003791
216663 H 216629 0.000006
216663 S 217182 1.000000
216663 Z 216662 1.000000
216663 X 216660 0.973776
216663 X 216659 0.007864
216663 X 216663 0.007548
216663 X 216662 0.007548
216663 RY 216659 0.973776
216663 RY 216660 0.007864
216663 RY 216662 0.007548
216663 RY 216663 0.007548
216666 U3 216768 0.973776
216666 U3 216717 0.007864
216666 U3 216629 0.003238
216666 U3 216872 0.007548
216666 U3 216666 0.007548
216666 H 217285 0.986834
216666 H 217286 0.003952
216666 H 217288 0.003791
216666 H 217289 0.003791
216666 S 216645 1.000000
216666 Z 216872 1.000000
216666 X 216717 0.973776
216666 X 216768 0.007864
216666 X 216666 0.007548
216666 X 216872 0.007548
216666 RY 216768 0.973776
216666 RY 216717 0.007864
216666 RY 216629 0.003213
216666 RY 216872 0.007548
216666 RY 216666 0.007548
216717 U3 216872 0.973776
216717 U3 216666 0.007864
216717 U3 216629 0.003213
216717 U3 216768 0.007548
216717 U3 216717 0.007548
216717 H 217286 0.986834
216717 H 217285 0.003952
216717 H 217289 0.003791
216717 H 217288 0.003791
216717 S 216644 1.000000
216717 Z 216768 1.000000
216717 X 216666 0.973776
216717 X 216872 0.007864
216717 X 216629 0.003188
216717 X 216717 0.007548
216717 X 216768 0.007548
216717 RY 216872 0.973776
216717 RY 216666 0.007864
216717 RY 216629 0.003188
216717 RY 216768 0.007548
216717 RY 216717 0.007548
216768 U3 216666 0.973776
216768 U3 216872 0.007864
216768 U3 216629 0.003213
216768 U3 216717 0.007548
216768 U3 216768 0.007548
216768 H 217289 0.986834
216768 H 217288 0.003952
216768 H 217286 0.003791
216768 H 217285 0.003791
216768 S 216643 1.000000
216768 Z 216717 1.000000
216768 X 216872 0.973776
216768 X 216666 0.007864
216768 X 216768 0.007548
216768 X 216717 0.007548
216768 X 216629 0.000025
216768 RY 216666 0.973776
216768 RY 216872 0.007864
216768 RY 216717 0.007548
216768 RY 216768 0.007548
216768 RY 216629 0.000049
216806 U3 216629 0.984903
216806 U3 216806 0.015097
216806 H 216820 0.990625
216806 H 216819 0.007743
216806 H 216629 0.001633
216806 S 216806 1.000000
216806 Z 216806 1.000000
216806 X 216629 0.984903
216806 X 216806 0.015097
216806 RY 216629 0.984903
216806 RY 216806 0.015097
216819 U3 216820 0.981325
216819 U3 216819 0.015412
216819 U3 216629 0.003263
216819 H 216629 0.992418
216819 H 216806 0.007582
216819 S 217492 1.000000
216819 Z 216820 1.000000
216819 X 216819 0.981325
216819 X 216820 0.015412
216819 X 216629 0.003263
216819 RY 216820 0.981325
216819 RY 216819 0.015412
216819 RY 216629 0.003263
216820 U3 216819 0.981325
216820 U3 216820 0.015412
216820 U3 216629 0.003263
216820 H 216806 0.990785
216820 H 216629 0.009215
216820 S 217543 1.000000
216820 Z 216819 1.000000
216820 X 216820 0.981325
216820 X 216819 0.015412
216820 X 216629 0.003263
216820 RY 216819 0.981325
216820 RY 216820 0.015412
216820 RY 216629 0.003263
216872 U3 216717 0.973776
216872 U3 216768 0.007864
216872 U3 216666 0.007548
216872 U3 216872 0.007548
216872 H 217288 0.986834
216872 H 217289 0.003952
216872 H 217285 0.003791
216872 H 217286 0.003791
216872 S 216630 1.000000
216872 Z 216666 1.000000
216872 X 216768 0.973776
216872 X 216717 0.007864
216872 X 216872 0.007548
216872 X 216666 0.007548
216872 X 216629 0.000025
216872 RY 216717 0.973776
216872 RY 216768 0.007864
216872 RY 216666 0.007548
216872 RY 216872 0.007548
216976 U3 217131 0.973776
216976 U3 217182 0.007864
216976 U3 217027 0.007548
216976 U3 216976 0.007548
216976 H 217795 0.986834
216976 H 217796 0.003952
216976 H 217797 0.003791
216976 H 217798 0.003791
216976 S 216660 1.000000
216976 Z 217027 1.000000
216976 X 217182 0.973776
216976 X 217131 0.007864
216976 X 216976 0.007548
216976 X 217027 0.007548
216976 RY 217131 0.973776
216976 RY 217182 0.007864
216976 RY 217027 0.007548
216976 RY 216976 0.007548
217027 U3 217182 0.973776
217027 U3 217131 0.007864
217027 U3 216976 0.007548
217027 U3 217027 0.007548
217027 H 217797 0.986834
217027 H 217798 0.003952
217027 H 217795 0.003791
217027 H 217796 0.003791
217027 S 216659 1.000000
217027 Z 216976 1.000000
217027 X 217131 0.973776
217027 X 217182 0.007864
217027 X 217027 0.007548
217027 X 216976 0.007548
217027 RY 217182 0.973776
217027 RY 217131 0.007864
217027 RY 216976 0.007548
217027 RY 217027 0.007548
217131 U3 216976 0.973776
217131 U3 217027 0.007864
217131 U3 217182 0.007548
217131 U3 217131 0.007548
217131 H 217798 0.986834
217131 H 217797 0.003952
217131 H 217796 0.003791
217131 H 217795 0.003791
217131 S 216663 1.000000
217131 Z 217182 1.000000
217131 X 217027 0.973776
217131 X 216976 0.007864
217131 X 217131 0.007548
217131 X 217182 0.007548
217131 RY 216976 0.973776
217131 RY 217027 0.007864
217131 RY 217182 0.007548
217131 RY 217131 0.007548
217182 U3 217027 0.973776
217182 U3 216976 0.007864
217182 U3 217131 0.007548
217182 U3 217182 0.007548
217182 H 217796 0.986834
217182 H 217795 0.003952
217182 H 217798 0.003791
217182 H 217797 0.003791
217182 S 216662 1.000000
217182 Z 217131 1.000000
217182 X 216976 0.973776
217182 X 217027 0.007864
217182 X 217182 0.007548
217182 X 217131 0.007548
217182 RY 217027 0.973776
217182 RY 216976 0.007864
217182 RY 217131 0.007548
217182 RY 217182 0.007548
217285 U3 217289 0.973776
217285 U3 217288 0.007864
217285 U3 217286 0.007548
217285 U3 217285 0.007548
217285 H 216666 0.986834
217285 H 216872 0.003952
217285 H 216629 0.001614
217285 H 216717 0.003791
217285 H 216768 0.003791
217285 S 217797 1.000000
217285 Z 217286 1.000000
217285 X 217288 0.973776
217285 X 217289 0.007864
217285 X 217285 0.007548
217285 X 217286 0.007548
217285 RY 217289 0.973776
217285 RY 217288 0.007864
217285 RY 217286 0.007548
217285 RY 217285 0.007548
217286 U3 217288 0.973776
217286 U3 217289 0.007864
217286 U3 217285 0.007548
217286 U3 217286 0.007548
217286 H 216717 0.986834
217286 H 216768 0.003952
217286 H 216666 0.003791
217286 H 216872 0.003791
217286 H 216629 0.000019
217286 S 217798 1.000000
217286 Z 217285 1.000000
217286 X 217289 0.973776
217286 X 217288 0.007864
217286 X 217286 0.007548
217286 X 217285 0.007548
217286 RY 217288 0.973776
217286 RY 217289 0.007864
217286 RY 217285 0.007548
217286 RY 217286 0.007548
217288 U3 217286 0.973776
217288 U3 217285 0.007864
217288 U3 217289 0.007548
217288 U3 217288 0.007548
217288 H 216872 0.986834
217288 H 216666 0.003952
217288 H 216768 0.003791
217288 H 216717 0.003791
217288 H 216629 0.000006
217288 S 217796 1.000000
217288 Z 217289 1.000000
217288 X 217285 0.973776
217288 X 217286 0.007864
217288 X 217288 0.007548
217288 X 217289 0.007548
217288 RY 217286 0.973776
217288 RY 217285 0.007864
217288 RY 217289 0.007548
217288 RY 217288 0.007548
217289 U3 217285 0.973776
217289 U3 217286 0.007864
217289 U3 217288 0.007548
217289 U3 217289 0.007548
217289 H 216768 0.986834
217289 H 216717 0.003952
217289 H 216872 0.003791
217289 H 216666 0.003791
217289 H 216629 0.000006
217289 S 217795 1.000000
217289 Z 217288 1.000000
217289 X 217286 0.973776
217289 X 217285 0.007864
217289 X 217289 0.007548
217289 X 217288 0.007548
217289 RY 217285 0.973776
217289 RY 217286 0.007864
217289 RY 217288 0.007548
217289 RY 217289 0.007548
217492 U3 217492 0.981325
217492 U3 217543 0.015412
217492 U3 216629 0.003263
217492 H 217543 0.990625
217492 H 217492 0.007743
217492 H 216629 0.001633
217492 S 216820 1.000000
217492 Z 217543 1.000000
217492 X 217543 0.981325
217492 X 217492 0.015412
217492 X 216629 0.003263
217492 RY 217492 0.981325
217492 RY 217543 0.015412
217492 RY 216629 0.003263
217543 U3 217543 0.981325
217543 U3 217492 0.015412
217543 U3 216629 0.003263
217543 H 217492 0.990625
217543 H 217543 0.007743
217543 H 216629 0.001633
217543 S 216819 1.000000
217543 Z 217492 1.000000
217543 X 217492 0.981325
217543 X 217543 0.015412
217543 X 216629 0.003263
217543 RY 217543 0.981325
217543 RY 217492 0.015412
217543 RY 216629 0.003263
217795 U3 217798 0.973776
217795 U3 217797 0.007864
217795 U3 217796 0.007548
217795 U3 217795 0.007548
217795 H 216976 0.986834
217795 H 217027 0.003952
217795 H 217182 0.003791
217795 H 217131 0.003791
217795 S 217288 1.000000
217795 Z 217796 1.000000
217795 X 217797 0.973776
217795 X 217798 0.007864
217795 X 217795 0.007548
217795 X 217796 0.007548
217795 RY 217798 0.973776
217795 RY 217797 0.007864
217795 RY 217796 0.007548
217795 RY 217795 0.007548
217796 U3 217797 0.973776
217796 U3 217798 0.007864
217796 U3 217795 0.007548
217796 U3 217796 0.007548
217796 H 217182 0.986834
217796 H 217131 0.003952
217796 H 216976 0.003791
217796 H 217027 0.003791
217796 S 217289 1.000000
217796 Z 217795 1.000000
217796 X 217798 0.973776
217796 X 217797 0.007864
217796 X 217796 0.007548
217796 X 217795 0.007548
217796 RY 217797 0.973776
217796 RY 217798 0.007864
217796 RY 217795 0.007548
217796 RY 217796 0.007548
217797 U3 217796 0.973776
217797 U3 217795 0.007864
217797 U3 217798 0.007548
217797 U3 217797 0.007548
217797 H 217027 0.986834
217797 H 216976 0.003952
217797 H 217131 0.003791
217797 H 217182 0.003791
217797 S 217286 1.000000
217797 Z 217798 1.000000
217797 X 217795 0.973776
217797 X 217796 0.007864
217797 X 217797 0.007548
217797 X 217798 0.007548
217797 RY 217796 0.973776
217797 RY 217795 0.007864
217797 RY 217798 0.007548
217797 RY 217797 0.007548
217798 U3 217795 0.973776
217798 U3 217796 0.007864
217798 U3 217797 0.007548
217798 U3 217798 0.007548
217798 H 217131 0.986834
217798 H 217182 0.003952
217798 H 217027 0.003791
217798 H 216976 0.003791
217798 S 217285 1.000000
217798 Z 217797 1.000000
217798 X 217796 0.973776
217798 X 217795 0.007864
217798 X 217798 0.007548
217798 X 217797 0.007548
217798 RY 217795 0.973776
217798 RY 217796 0.007864
217798 RY 217797 0.007548
217798 RY 217798 0.007548
ENDPOMDP
