BEGINPOMDP
INITIALSTATE: 23858
STATES: 23952,23971,24103,24104,24105,24106,23858,23859,23990,23864,23865,23866,23871,23872,23873,23874,23876,24009,23895,24027,24028,24029,24030,23914,23933
REWARDS: 23952:0,23971:0,24103:0,24104:0,24105:0,24106:0,23858:0,23859:0,23990:0,23864:1,23865:0,23866:0,23871:0,23872:0,23873:0,23874:0,23876:0,24009:0,23895:0,24027:0,24028:0,24029:0,24030:0,23914:0,23933:0
GAMMA: 23952:0,23971:0,24103:0,24104:0,24105:0,24106:0,23858:0,23859:0,23990:0,23864:0,23865:0,23866:0,23871:0,23872:0,23873:0,23874:0,23876:0,24009:0,23895:0,24027:0,24028:0,24029:0,24030:0,23914:0,23933:0
BEGINACTIONS
U3
H
S
Z
X
RY
ENDACTIONS
23858 INIT_ 23859 1.000000
23859 U3 23864 0.997739
23859 U3 23865 0.000754
23859 U3 23859 0.000754
23859 U3 23866 0.000754
23859 H 23871 0.998869
23859 H 23872 0.000377
23859 H 23873 0.000377
23859 H 23874 0.000377
23859 S 23876 1.000000
23859 Z 23865 1.000000
23859 X 23866 0.997739
23859 X 23859 0.000754
23859 X 23865 0.000754
23859 X 23864 0.000754
23859 RY 23864 0.997739
23859 RY 23865 0.000754
23859 RY 23859 0.000754
23859 RY 23866 0.000754
23864 U3 23859 0.997739
23864 U3 23866 0.000754
23864 U3 23864 0.000754
23864 U3 23865 0.000754
23864 H 23873 0.998869
23864 H 23874 0.000377
23864 H 23871 0.000377
23864 H 23872 0.000377
23864 S 23895 1.000000
23864 Z 23866 1.000000
23864 X 23865 0.997739
23864 X 23864 0.000754
23864 X 23866 0.000754
23864 X 23859 0.000754
23864 RY 23859 0.997739
23864 RY 23866 0.000754
23864 RY 23864 0.000754
23864 RY 23865 0.000754
23865 U3 23866 0.997739
23865 U3 23859 0.000754
23865 U3 23865 0.000754
23865 U3 23864 0.000754
23865 H 23872 0.998869
23865 H 23871 0.000377
23865 H 23874 0.000377
23865 H 23873 0.000377
23865 S 23914 1.000000
23865 Z 23859 1.000000
23865 X 23864 0.997739
23865 X 23865 0.000754
23865 X 23859 0.000754
23865 X 23866 0.000754
23865 RY 23866 0.997739
23865 RY 23859 0.000754
23865 RY 23865 0.000754
23865 RY 23864 0.000754
23866 U3 23865 0.997739
23866 U3 23864 0.000754
23866 U3 23866 0.000754
23866 U3 23859 0.000754
23866 H 23874 0.998869
23866 H 23873 0.000377
23866 H 23872 0.000377
23866 H 23871 0.000377
23866 S 23933 1.000000
23866 Z 23864 1.000000
23866 X 23859 0.997739
23866 X 23866 0.000754
23866 X 23864 0.000754
23866 X 23865 0.000754
23866 RY 23865 0.997739
23866 RY 23864 0.000754
23866 RY 23866 0.000754
23866 RY 23859 0.000754
23871 U3 23873 0.997739
23871 U3 23874 0.000754
23871 U3 23871 0.000754
23871 U3 23872 0.000754
23871 H 23859 0.998869
23871 H 23866 0.000377
23871 H 23864 0.000377
23871 H 23865 0.000377
23871 S 23952 1.000000
23871 Z 23874 1.000000
23871 X 23872 0.997739
23871 X 23871 0.000754
23871 X 23874 0.000754
23871 X 23873 0.000754
23871 RY 23873 0.997739
23871 RY 23874 0.000754
23871 RY 23871 0.000754
23871 RY 23872 0.000754
23872 U3 23874 0.997739
23872 U3 23873 0.000754
23872 U3 23872 0.000754
23872 U3 23871 0.000754
23872 H 23865 0.998869
23872 H 23864 0.000377
23872 H 23866 0.000377
23872 H 23859 0.000377
23872 S 23971 1.000000
23872 Z 23873 1.000000
23872 X 23871 0.997739
23872 X 23872 0.000754
23872 X 23873 0.000754
23872 X 23874 0.000754
23872 RY 23874 0.997739
23872 RY 23873 0.000754
23872 RY 23872 0.000754
23872 RY 23871 0.000754
23873 U3 23871 0.997739
23873 U3 23872 0.000754
23873 U3 23873 0.000754
23873 U3 23874 0.000754
23873 H 23864 0.998869
23873 H 23865 0.000377
23873 H 23859 0.000377
23873 H 23866 0.000377
23873 S 23990 1.000000
23873 Z 23872 1.000000
23873 X 23874 0.997739
23873 X 23873 0.000754
23873 X 23872 0.000754
23873 X 23871 0.000754
23873 RY 23871 0.997739
23873 RY 23872 0.000754
23873 RY 23873 0.000754
23873 RY 23874 0.000754
23874 U3 23872 0.997739
23874 U3 23871 0.000754
23874 U3 23874 0.000754
23874 U3 23873 0.000754
23874 H 23866 0.998869
23874 H 23859 0.000377
23874 H 23865 0.000377
23874 H 23864 0.000377
23874 S 24009 1.000000
23874 Z 23871 1.000000
23874 X 23873 0.997739
23874 X 23874 0.000754
23874 X 23871 0.000754
23874 X 23872 0.000754
23874 RY 23872 0.997739
23874 RY 23871 0.000754
23874 RY 23874 0.000754
23874 RY 23873 0.000754
23876 U3 23933 0.997739
23876 U3 23914 0.000754
23876 U3 23876 0.000754
23876 U3 23895 0.000754
23876 H 24027 0.998869
23876 H 24028 0.000377
23876 H 24029 0.000377
23876 H 24030 0.000377
23876 S 23865 1.000000
23876 Z 23914 1.000000
23876 X 23895 0.997739
23876 X 23876 0.000754
23876 X 23914 0.000754
23876 X 23933 0.000754
23876 RY 23933 0.997739
23876 RY 23914 0.000754
23876 RY 23876 0.000754
23876 RY 23895 0.000754
23895 U3 23914 0.997739
23895 U3 23933 0.000754
23895 U3 23895 0.000754
23895 U3 23876 0.000754
23895 H 24030 0.998869
23895 H 24029 0.000377
23895 H 24028 0.000377
23895 H 24027 0.000377
23895 S 23866 1.000000
23895 Z 23933 1.000000
23895 X 23876 0.997739
23895 X 23895 0.000754
23895 X 23933 0.000754
23895 X 23914 0.000754
23895 RY 23914 0.997739
23895 RY 23933 0.000754
23895 RY 23895 0.000754
23895 RY 23876 0.000754
23914 U3 23895 0.997739
23914 U3 23876 0.000754
23914 U3 23914 0.000754
23914 U3 23933 0.000754
23914 H 24028 0.998869
23914 H 24027 0.000377
23914 H 24030 0.000377
23914 H 24029 0.000377
23914 S 23859 1.000000
23914 Z 23876 1.000000
23914 X 23933 0.997739
23914 X 23914 0.000754
23914 X 23876 0.000754
23914 X 23895 0.000754
23914 RY 23895 0.997739
23914 RY 23876 0.000754
23914 RY 23914 0.000754
23914 RY 23933 0.000754
23933 U3 23876 0.997739
23933 U3 23895 0.000754
23933 U3 23933 0.000754
23933 U3 23914 0.000754
23933 H 24029 0.998869
23933 H 24030 0.000377
23933 H 24027 0.000377
23933 H 24028 0.000377
23933 S 23864 1.000000
23933 Z 23895 1.000000
23933 X 23914 0.997739
23933 X 23933 0.000754
23933 X 23895 0.000754
23933 X 23876 0.000754
23933 RY 23876 0.997739
23933 RY 23895 0.000754
23933 RY 23933 0.000754
23933 RY 23914 0.000754
23952 U3 23971 0.997739
23952 U3 24009 0.000754
23952 U3 23952 0.000754
23952 U3 23990 0.000754
23952 H 24103 0.998869
23952 H 24104 0.000377
23952 H 24105 0.000377
23952 H 24106 0.000377
23952 S 23874 1.000000
23952 Z 24009 1.000000
23952 X 23990 0.997739
23952 X 23952 0.000754
23952 X 24009 0.000754
23952 X 23971 0.000754
23952 RY 23971 0.997739
23952 RY 24009 0.000754
23952 RY 23952 0.000754
23952 RY 23990 0.000754
23971 U3 23952 0.997739
23971 U3 23990 0.000754
23971 U3 23971 0.000754
23971 U3 24009 0.000754
23971 H 24105 0.998869
23971 H 24106 0.000377
23971 H 24103 0.000377
23971 H 24104 0.000377
23971 S 23873 1.000000
23971 Z 23990 1.000000
23971 X 24009 0.997739
23971 X 23971 0.000754
23971 X 23990 0.000754
23971 X 23952 0.000754
23971 RY 23952 0.997739
23971 RY 23990 0.000754
23971 RY 23971 0.000754
23971 RY 24009 0.000754
23990 U3 24009 0.997739
23990 U3 23971 0.000754
23990 U3 23990 0.000754
23990 U3 23952 0.000754
23990 H 24106 0.998869
23990 H 24105 0.000377
23990 H 24104 0.000377
23990 H 24103 0.000377
23990 S 23872 1.000000
23990 Z 23971 1.000000
23990 X 23952 0.997739
23990 X 23990 0.000754
23990 X 23971 0.000754
23990 X 24009 0.000754
23990 RY 24009 0.997739
23990 RY 23971 0.000754
23990 RY 23990 0.000754
23990 RY 23952 0.000754
24009 U3 23990 0.997739
24009 U3 23952 0.000754
24009 U3 24009 0.000754
24009 U3 23971 0.000754
24009 H 24104 0.998869
24009 H 24103 0.000377
24009 H 24106 0.000377
24009 H 24105 0.000377
24009 S 23871 1.000000
24009 Z 23952 1.000000
24009 X 23971 0.997739
24009 X 24009 0.000754
24009 X 23952 0.000754
24009 X 23990 0.000754
24009 RY 23990 0.997739
24009 RY 23952 0.000754
24009 RY 24009 0.000754
24009 RY 23971 0.000754
24027 U3 24029 0.997739
24027 U3 24030 0.000754
24027 U3 24027 0.000754
24027 U3 24028 0.000754
24027 H 23876 0.998869
24027 H 23895 0.000377
24027 H 23933 0.000377
24027 H 23914 0.000377
24027 S 24104 1.000000
24027 Z 24030 1.000000
24027 X 24028 0.997739
24027 X 24027 0.000754
24027 X 24030 0.000754
24027 X 24029 0.000754
24027 RY 24029 0.997739
24027 RY 24030 0.000754
24027 RY 24027 0.000754
24027 RY 24028 0.000754
24028 U3 24030 0.997739
24028 U3 24029 0.000754
24028 U3 24028 0.000754
24028 U3 24027 0.000754
24028 H 23914 0.998869
24028 H 23933 0.000377
24028 H 23895 0.000377
24028 H 23876 0.000377
24028 S 24106 1.000000
24028 Z 24029 1.000000
24028 X 24027 0.997739
24028 X 24028 0.000754
24028 X 24029 0.000754
24028 X 24030 0.000754
24028 RY 24030 0.997739
24028 RY 24029 0.000754
24028 RY 24028 0.000754
24028 RY 24027 0.000754
24029 U3 24027 0.997739
24029 U3 24028 0.000754
24029 U3 24029 0.000754
24029 U3 24030 0.000754
24029 H 23933 0.998869
24029 H 23914 0.000377
24029 H 23876 0.000377
24029 H 23895 0.000377
24029 S 24103 1.000000
24029 Z 24028 1.000000
24029 X 24030 0.997739
24029 X 24029 0.000754
24029 X 24028 0.000754
24029 X 24027 0.000754
24029 RY 24027 0.997739
24029 RY 24028 0.000754
24029 RY 24029 0.000754
24029 RY 24030 0.000754
24030 U3 24028 0.997739
24030 U3 24027 0.000754
24030 U3 24030 0.000754
24030 U3 24029 0.000754
24030 H 23895 0.998869
24030 H 23876 0.000377
24030 H 23914 0.000377
24030 H 23933 0.000377
24030 S 24105 1.000000
24030 Z 24027 1.000000
24030 X 24029 0.997739
24030 X 24030 0.000754
24030 X 24027 0.000754
24030 X 24028 0.000754
24030 RY 24028 0.997739
24030 RY 24027 0.000754
24030 RY 24030 0.000754
24030 RY 24029 0.000754
24103 U3 24105 0.997739
24103 U3 24106 0.000754
24103 U3 24103 0.000754
24103 U3 24104 0.000754
24103 H 23952 0.998869
24103 H 23990 0.000377
24103 H 23971 0.000377
24103 H 24009 0.000377
24103 S 24028 1.000000
24103 Z 24106 1.000000
24103 X 24104 0.997739
24103 X 24103 0.000754
24103 X 24106 0.000754
24103 X 24105 0.000754
24103 RY 24105 0.997739
24103 RY 24106 0.000754
24103 RY 24103 0.000754
24103 RY 24104 0.000754
24104 U3 24106 0.997739
24104 U3 24105 0.000754
24104 U3 24104 0.000754
24104 U3 24103 0.000754
24104 H 24009 0.998869
24104 H 23971 0.000377
24104 H 23990 0.000377
24104 H 23952 0.000377
24104 S 24030 1.000000
24104 Z 24105 1.000000
24104 X 24103 0.997739
24104 X 24104 0.000754
24104 X 24105 0.000754
24104 X 24106 0.000754
24104 RY 24106 0.997739
24104 RY 24105 0.000754
24104 RY 24104 0.000754
24104 RY 24103 0.000754
24105 U3 24103 0.997739
24105 U3 24104 0.000754
24105 U3 24105 0.000754
24105 U3 24106 0.000754
24105 H 23971 0.998869
24105 H 24009 0.000377
24105 H 23952 0.000377
24105 H 23990 0.000377
24105 S 24027 1.000000
24105 Z 24104 1.000000
24105 X 24106 0.997739
24105 X 24105 0.000754
24105 X 24104 0.000754
24105 X 24103 0.000754
24105 RY 24103 0.997739
24105 RY 24104 0.000754
24105 RY 24105 0.000754
24105 RY 24106 0.000754
24106 U3 24104 0.997739
24106 U3 24103 0.000754
24106 U3 24106 0.000754
24106 U3 24105 0.000754
24106 H 23990 0.998869
24106 H 23952 0.000377
24106 H 24009 0.000377
24106 H 23971 0.000377
24106 S 24029 1.000000
24106 Z 24103 1.000000
24106 X 24105 0.997739
24106 X 24106 0.000754
24106 X 24103 0.000754
24106 X 24104 0.000754
24106 RY 24104 0.997739
24106 RY 24103 0.000754
24106 RY 24106 0.000754
24106 RY 24105 0.000754
ENDPOMDP
