BEGINPOMDP
INITIALSTATE: 26143
STATES: 26256,26388,26389,26390,26391,26143,26144,26275,26149,26150,26151,26156,26157,26158,26159,26161,26294,26180,26312,26313,26314,26315,26199,26218,26237
REWARDS: 26256:0,26388:0,26389:0,26390:0,26391:0,26143:0,26144:0,26275:0,26149:1,26150:0,26151:0,26156:0,26157:0,26158:0,26159:0,26161:0,26294:0,26180:0,26312:0,26313:0,26314:0,26315:0,26199:0,26218:0,26237:0
GAMMA: 26256:0,26388:0,26389:0,26390:0,26391:0,26143:0,26144:0,26275:0,26149:0,26150:0,26151:0,26156:0,26157:0,26158:0,26159:0,26161:0,26294:0,26180:0,26312:0,26313:0,26314:0,26315:0,26199:0,26218:0,26237:0
BEGINACTIONS
U3
H
S
Z
X
RY
ENDACTIONS
26143 INIT_ 26144 1.000000
26144 U3 26149 0.992995
26144 U3 26150 0.002335
26144 U3 26144 0.002335
26144 U3 26151 0.002335
26144 H 26156 0.996497
26144 H 26157 0.001168
26144 H 26158 0.001168
26144 H 26159 0.001168
26144 S 26161 1.000000
26144 Z 26150 1.000000
26144 X 26151 0.992995
26144 X 26144 0.002335
26144 X 26150 0.002335
26144 X 26149 0.002335
26144 RY 26149 0.992995
26144 RY 26150 0.002335
26144 RY 26144 0.002335
26144 RY 26151 0.002335
26149 U3 26144 0.992995
26149 U3 26151 0.002335
26149 U3 26149 0.002335
26149 U3 26150 0.002335
26149 H 26158 0.996497
26149 H 26159 0.001168
26149 H 26156 0.001168
26149 H 26157 0.001168
26149 S 26180 1.000000
26149 Z 26151 1.000000
26149 X 26150 0.992995
26149 X 26149 0.002335
26149 X 26151 0.002335
26149 X 26144 0.002335
26149 RY 26144 0.992995
26149 RY 26151 0.002335
26149 RY 26149 0.002335
26149 RY 26150 0.002335
26150 U3 26151 0.992995
26150 U3 26144 0.002335
26150 U3 26150 0.002335
26150 U3 26149 0.002335
26150 H 26157 0.996497
26150 H 26156 0.001168
26150 H 26159 0.001168
26150 H 26158 0.001168
26150 S 26199 1.000000
26150 Z 26144 1.000000
26150 X 26149 0.992995
26150 X 26150 0.002335
26150 X 26144 0.002335
26150 X 26151 0.002335
26150 RY 26151 0.992995
26150 RY 26144 0.002335
26150 RY 26150 0.002335
26150 RY 26149 0.002335
26151 U3 26150 0.992995
26151 U3 26149 0.002335
26151 U3 26151 0.002335
26151 U3 26144 0.002335
26151 H 26159 0.996497
26151 H 26158 0.001168
26151 H 26157 0.001168
26151 H 26156 0.001168
26151 S 26218 1.000000
26151 Z 26149 1.000000
26151 X 26144 0.992995
26151 X 26151 0.002335
26151 X 26149 0.002335
26151 X 26150 0.002335
26151 RY 26150 0.992995
26151 RY 26149 0.002335
26151 RY 26151 0.002335
26151 RY 26144 0.002335
26156 U3 26158 0.992995
26156 U3 26159 0.002335
26156 U3 26156 0.002335
26156 U3 26157 0.002335
26156 H 26144 0.996497
26156 H 26151 0.001168
26156 H 26149 0.001168
26156 H 26150 0.001168
26156 S 26237 1.000000
26156 Z 26159 1.000000
26156 X 26157 0.992995
26156 X 26156 0.002335
26156 X 26159 0.002335
26156 X 26158 0.002335
26156 RY 26158 0.992995
26156 RY 26159 0.002335
26156 RY 26156 0.002335
26156 RY 26157 0.002335
26157 U3 26159 0.992995
26157 U3 26158 0.002335
26157 U3 26157 0.002335
26157 U3 26156 0.002335
26157 H 26150 0.996497
26157 H 26149 0.001168
26157 H 26151 0.001168
26157 H 26144 0.001168
26157 S 26256 1.000000
26157 Z 26158 1.000000
26157 X 26156 0.992995
26157 X 26157 0.002335
26157 X 26158 0.002335
26157 X 26159 0.002335
26157 RY 26159 0.992995
26157 RY 26158 0.002335
26157 RY 26157 0.002335
26157 RY 26156 0.002335
26158 U3 26156 0.992995
26158 U3 26157 0.002335
26158 U3 26158 0.002335
26158 U3 26159 0.002335
26158 H 26149 0.996497
26158 H 26150 0.001168
26158 H 26144 0.001168
26158 H 26151 0.001168
26158 S 26275 1.000000
26158 Z 26157 1.000000
26158 X 26159 0.992995
26158 X 26158 0.002335
26158 X 26157 0.002335
26158 X 26156 0.002335
26158 RY 26156 0.992995
26158 RY 26157 0.002335
26158 RY 26158 0.002335
26158 RY 26159 0.002335
26159 U3 26157 0.992995
26159 U3 26156 0.002335
26159 U3 26159 0.002335
26159 U3 26158 0.002335
26159 H 26151 0.996497
26159 H 26144 0.001168
26159 H 26150 0.001168
26159 H 26149 0.001168
26159 S 26294 1.000000
26159 Z 26156 1.000000
26159 X 26158 0.992995
26159 X 26159 0.002335
26159 X 26156 0.002335
26159 X 26157 0.002335
26159 RY 26157 0.992995
26159 RY 26156 0.002335
26159 RY 26159 0.002335
26159 RY 26158 0.002335
26161 U3 26218 0.992995
26161 U3 26199 0.002335
26161 U3 26161 0.002335
26161 U3 26180 0.002335
26161 H 26312 0.996497
26161 H 26313 0.001168
26161 H 26314 0.001168
26161 H 26315 0.001168
26161 S 26150 1.000000
26161 Z 26199 1.000000
26161 X 26180 0.992995
26161 X 26161 0.002335
26161 X 26199 0.002335
26161 X 26218 0.002335
26161 RY 26218 0.992995
26161 RY 26199 0.002335
26161 RY 26161 0.002335
26161 RY 26180 0.002335
26180 U3 26199 0.992995
26180 U3 26218 0.002335
26180 U3 26180 0.002335
26180 U3 26161 0.002335
26180 H 26315 0.996497
26180 H 26314 0.001168
26180 H 26313 0.001168
26180 H 26312 0.001168
26180 S 26151 1.000000
26180 Z 26218 1.000000
26180 X 26161 0.992995
26180 X 26180 0.002335
26180 X 26218 0.002335
26180 X 26199 0.002335
26180 RY 26199 0.992995
26180 RY 26218 0.002335
26180 RY 26180 0.002335
26180 RY 26161 0.002335
26199 U3 26180 0.992995
26199 U3 26161 0.002335
26199 U3 26199 0.002335
26199 U3 26218 0.002335
26199 H 26313 0.996497
26199 H 26312 0.001168
26199 H 26315 0.001168
26199 H 26314 0.001168
26199 S 26144 1.000000
26199 Z 26161 1.000000
26199 X 26218 0.992995
26199 X 26199 0.002335
26199 X 26161 0.002335
26199 X 26180 0.002335
26199 RY 26180 0.992995
26199 RY 26161 0.002335
26199 RY 26199 0.002335
26199 RY 26218 0.002335
26218 U3 26161 0.992995
26218 U3 26180 0.002335
26218 U3 26218 0.002335
26218 U3 26199 0.002335
26218 H 26314 0.996497
26218 H 26315 0.001168
26218 H 26312 0.001168
26218 H 26313 0.001168
26218 S 26149 1.000000
26218 Z 26180 1.000000
26218 X 26199 0.992995
26218 X 26218 0.002335
26218 X 26180 0.002335
26218 X 26161 0.002335
26218 RY 26161 0.992995
26218 RY 26180 0.002335
26218 RY 26218 0.002335
26218 RY 26199 0.002335
26237 U3 26256 0.992995
26237 U3 26294 0.002335
26237 U3 26237 0.002335
26237 U3 26275 0.002335
26237 H 26388 0.996497
26237 H 26389 0.001168
26237 H 26390 0.001168
26237 H 26391 0.001168
26237 S 26159 1.000000
26237 Z 26294 1.000000
26237 X 26275 0.992995
26237 X 26237 0.002335
26237 X 26294 0.002335
26237 X 26256 0.002335
26237 RY 26256 0.992995
26237 RY 26294 0.002335
26237 RY 26237 0.002335
26237 RY 26275 0.002335
26256 U3 26237 0.992995
26256 U3 26275 0.002335
26256 U3 26256 0.002335
26256 U3 26294 0.002335
26256 H 26390 0.996497
26256 H 26391 0.001168
26256 H 26388 0.001168
26256 H 26389 0.001168
26256 S 26158 1.000000
26256 Z 26275 1.000000
26256 X 26294 0.992995
26256 X 26256 0.002335
26256 X 26275 0.002335
26256 X 26237 0.002335
26256 RY 26237 0.992995
26256 RY 26275 0.002335
26256 RY 26256 0.002335
26256 RY 26294 0.002335
26275 U3 26294 0.992995
26275 U3 26256 0.002335
26275 U3 26275 0.002335
26275 U3 26237 0.002335
26275 H 26391 0.996497
26275 H 26390 0.001168
26275 H 26389 0.001168
26275 H 26388 0.001168
26275 S 26157 1.000000
26275 Z 26256 1.000000
26275 X 26237 0.992995
26275 X 26275 0.002335
26275 X 26256 0.002335
26275 X 26294 0.002335
26275 RY 26294 0.992995
26275 RY 26256 0.002335
26275 RY 26275 0.002335
26275 RY 26237 0.002335
26294 U3 26275 0.992995
26294 U3 26237 0.002335
26294 U3 26294 0.002335
26294 U3 26256 0.002335
26294 H 26389 0.996497
26294 H 26388 0.001168
26294 H 26391 0.001168
26294 H 26390 0.001168
26294 S 26156 1.000000
26294 Z 26237 1.000000
26294 X 26256 0.992995
26294 X 26294 0.002335
26294 X 26237 0.002335
26294 X 26275 0.002335
26294 RY 26275 0.992995
26294 RY 26237 0.002335
26294 RY 26294 0.002335
26294 RY 26256 0.002335
26312 U3 26314 0.992995
26312 U3 26315 0.002335
26312 U3 26312 0.002335
26312 U3 26313 0.002335
26312 H 26161 0.996497
26312 H 26180 0.001168
26312 H 26218 0.001168
26312 H 26199 0.001168
26312 S 26389 1.000000
26312 Z 26315 1.000000
26312 X 26313 0.992995
26312 X 26312 0.002335
26312 X 26315 0.002335
26312 X 26314 0.002335
26312 RY 26314 0.992995
26312 RY 26315 0.002335
26312 RY 26312 0.002335
26312 RY 26313 0.002335
26313 U3 26315 0.992995
26313 U3 26314 0.002335
26313 U3 26313 0.002335
26313 U3 26312 0.002335
26313 H 26199 0.996497
26313 H 26218 0.001168
26313 H 26180 0.001168
26313 H 26161 0.001168
26313 S 26391 1.000000
26313 Z 26314 1.000000
26313 X 26312 0.992995
26313 X 26313 0.002335
26313 X 26314 0.002335
26313 X 26315 0.002335
26313 RY 26315 0.992995
26313 RY 26314 0.002335
26313 RY 26313 0.002335
26313 RY 26312 0.002335
26314 U3 26312 0.992995
26314 U3 26313 0.002335
26314 U3 26314 0.002335
26314 U3 26315 0.002335
26314 H 26218 0.996497
26314 H 26199 0.001168
26314 H 26161 0.001168
26314 H 26180 0.001168
26314 S 26388 1.000000
26314 Z 26313 1.000000
26314 X 26315 0.992995
26314 X 26314 0.002335
26314 X 26313 0.002335
26314 X 26312 0.002335
26314 RY 26312 0.992995
26314 RY 26313 0.002335
26314 RY 26314 0.002335
26314 RY 26315 0.002335
26315 U3 26313 0.992995
26315 U3 26312 0.002335
26315 U3 26315 0.002335
26315 U3 26314 0.002335
26315 H 26180 0.996497
26315 H 26161 0.001168
26315 H 26199 0.001168
26315 H 26218 0.001168
26315 S 26390 1.000000
26315 Z 26312 1.000000
26315 X 26314 0.992995
26315 X 26315 0.002335
26315 X 26312 0.002335
26315 X 26313 0.002335
26315 RY 26313 0.992995
26315 RY 26312 0.002335
26315 RY 26315 0.002335
26315 RY 26314 0.002335
26388 U3 26390 0.992995
26388 U3 26391 0.002335
26388 U3 26388 0.002335
26388 U3 26389 0.002335
26388 H 26237 0.996497
26388 H 26275 0.001168
26388 H 26256 0.001168
26388 H 26294 0.001168
26388 S 26313 1.000000
26388 Z 26391 1.000000
26388 X 26389 0.992995
26388 X 26388 0.002335
26388 X 26391 0.002335
26388 X 26390 0.002335
26388 RY 26390 0.992995
26388 RY 26391 0.002335
26388 RY 26388 0.002335
26388 RY 26389 0.002335
26389 U3 26391 0.992995
26389 U3 26390 0.002335
26389 U3 26389 0.002335
26389 U3 26388 0.002335
26389 H 26294 0.996497
26389 H 26256 0.001168
26389 H 26275 0.001168
26389 H 26237 0.001168
26389 S 26315 1.000000
26389 Z 26390 1.000000
26389 X 26388 0.992995
26389 X 26389 0.002335
26389 X 26390 0.002335
26389 X 26391 0.002335
26389 RY 26391 0.992995
26389 RY 26390 0.002335
26389 RY 26389 0.002335
26389 RY 26388 0.002335
26390 U3 26388 0.992995
26390 U3 26389 0.002335
26390 U3 26390 0.002335
26390 U3 26391 0.002335
26390 H 26256 0.996497
26390 H 26294 0.001168
26390 H 26237 0.001168
26390 H 26275 0.001168
26390 S 26312 1.000000
26390 Z 26389 1.000000
26390 X 26391 0.992995
26390 X 26390 0.002335
26390 X 26389 0.002335
26390 X 26388 0.002335
26390 RY 26388 0.992995
26390 RY 26389 0.002335
26390 RY 26390 0.002335
26390 RY 26391 0.002335
26391 U3 26389 0.992995
26391 U3 26388 0.002335
26391 U3 26391 0.002335
26391 U3 26390 0.002335
26391 H 26275 0.996497
26391 H 26237 0.001168
26391 H 26294 0.001168
26391 H 26256 0.001168
26391 S 26314 1.000000
26391 Z 26388 1.000000
26391 X 26390 0.992995
26391 X 26391 0.002335
26391 X 26388 0.002335
26391 X 26389 0.002335
26391 RY 26389 0.992995
26391 RY 26388 0.002335
26391 RY 26391 0.002335
26391 RY 26390 0.002335
ENDPOMDP
