BEGINPOMDP
INITIALSTATE: 25229
STATES: 25474,25475,25476,25477,25229,25230,25361,25235,25236,25237,25242,25243,25244,25245,25247,25380,25266,25398,25399,25400,25401,25285,25304,25323,25342
REWARDS: 25474:0,25475:0,25476:0,25477:0,25229:0,25230:0,25361:0,25235:1,25236:0,25237:0,25242:0,25243:0,25244:0,25245:0,25247:0,25380:0,25266:0,25398:0,25399:0,25400:0,25401:0,25285:0,25304:0,25323:0,25342:0
GAMMA: 25474:0,25475:0,25476:0,25477:0,25229:0,25230:0,25361:0,25235:0,25236:0,25237:0,25242:0,25243:0,25244:0,25245:0,25247:0,25380:0,25266:0,25398:0,25399:0,25400:0,25401:0,25285:0,25304:0,25323:0,25342:0
BEGINACTIONS
U3
H
S
Z
X
RY
ENDACTIONS
25229 INIT_ 25230 1.000000
25230 U3 25235 0.999284
25230 U3 25236 0.000239
25230 U3 25230 0.000239
25230 U3 25237 0.000239
25230 H 25242 0.999642
25230 H 25243 0.000119
25230 H 25244 0.000119
25230 H 25245 0.000119
25230 S 25247 1.000000
25230 Z 25236 1.000000
25230 X 25237 0.999284
25230 X 25230 0.000239
25230 X 25236 0.000239
25230 X 25235 0.000239
25230 RY 25235 0.999284
25230 RY 25236 0.000239
25230 RY 25230 0.000239
25230 RY 25237 0.000239
25235 U3 25230 0.999284
25235 U3 25237 0.000239
25235 U3 25235 0.000239
25235 U3 25236 0.000239
25235 H 25244 0.999642
25235 H 25245 0.000119
25235 H 25242 0.000119
25235 H 25243 0.000119
25235 S 25266 1.000000
25235 Z 25237 1.000000
25235 X 25236 0.999284
25235 X 25235 0.000239
25235 X 25237 0.000239
25235 X 25230 0.000239
25235 RY 25230 0.999284
25235 RY 25237 0.000239
25235 RY 25235 0.000239
25235 RY 25236 0.000239
25236 U3 25237 0.999284
25236 U3 25230 0.000239
25236 U3 25236 0.000239
25236 U3 25235 0.000239
25236 H 25243 0.999642
25236 H 25242 0.000119
25236 H 25245 0.000119
25236 H 25244 0.000119
25236 S 25285 1.000000
25236 Z 25230 1.000000
25236 X 25235 0.999284
25236 X 25236 0.000239
25236 X 25230 0.000239
25236 X 25237 0.000239
25236 RY 25237 0.999284
25236 RY 25230 0.000239
25236 RY 25236 0.000239
25236 RY 25235 0.000239
25237 U3 25236 0.999284
25237 U3 25235 0.000239
25237 U3 25237 0.000239
25237 U3 25230 0.000239
25237 H 25245 0.999642
25237 H 25244 0.000119
25237 H 25243 0.000119
25237 H 25242 0.000119
25237 S 25304 1.000000
25237 Z 25235 1.000000
25237 X 25230 0.999284
25237 X 25237 0.000239
25237 X 25235 0.000239
25237 X 25236 0.000239
25237 RY 25236 0.999284
25237 RY 25235 0.000239
25237 RY 25237 0.000239
25237 RY 25230 0.000239
25242 U3 25244 0.999284
25242 U3 25245 0.000239
25242 U3 25242 0.000239
25242 U3 25243 0.000239
25242 H 25230 0.999642
25242 H 25237 0.000119
25242 H 25235 0.000119
25242 H 25236 0.000119
25242 S 25323 1.000000
25242 Z 25245 1.000000
25242 X 25243 0.999284
25242 X 25242 0.000239
25242 X 25245 0.000239
25242 X 25244 0.000239
25242 RY 25244 0.999284
25242 RY 25245 0.000239
25242 RY 25242 0.000239
25242 RY 25243 0.000239
25243 U3 25245 0.999284
25243 U3 25244 0.000239
25243 U3 25243 0.000239
25243 U3 25242 0.000239
25243 H 25236 0.999642
25243 H 25235 0.000119
25243 H 25237 0.000119
25243 H 25230 0.000119
25243 S 25342 1.000000
25243 Z 25244 1.000000
25243 X 25242 0.999284
25243 X 25243 0.000239
25243 X 25244 0.000239
25243 X 25245 0.000239
25243 RY 25245 0.999284
25243 RY 25244 0.000239
25243 RY 25243 0.000239
25243 RY 25242 0.000239
25244 U3 25242 0.999284
25244 U3 25243 0.000239
25244 U3 25244 0.000239
25244 U3 25245 0.000239
25244 H 25235 0.999642
25244 H 25236 0.000119
25244 H 25230 0.000119
25244 H 25237 0.000119
25244 S 25361 1.000000
25244 Z 25243 1.000000
25244 X 25245 0.999284
25244 X 25244 0.000239
25244 X 25243 0.000239
25244 X 25242 0.000239
25244 RY 25242 0.999284
25244 RY 25243 0.000239
25244 RY 25244 0.000239
25244 RY 25245 0.000239
25245 U3 25243 0.999284
25245 U3 25242 0.000239
25245 U3 25245 0.000239
25245 U3 25244 0.000239
25245 H 25237 0.999642
25245 H 25230 0.000119
25245 H 25236 0.000119
25245 H 25235 0.000119
25245 S 25380 1.000000
25245 Z 25242 1.000000
25245 X 25244 0.999284
25245 X 25245 0.000239
25245 X 25242 0.000239
25245 X 25243 0.000239
25245 RY 25243 0.999284
25245 RY 25242 0.000239
25245 RY 25245 0.000239
25245 RY 25244 0.000239
25247 U3 25304 0.999284
25247 U3 25285 0.000239
25247 U3 25247 0.000239
25247 U3 25266 0.000239
25247 H 25398 0.999642
25247 H 25399 0.000119
25247 H 25400 0.000119
25247 H 25401 0.000119
25247 S 25236 1.000000
25247 Z 25285 1.000000
25247 X 25266 0.999284
25247 X 25247 0.000239
25247 X 25285 0.000239
25247 X 25304 0.000239
25247 RY 25304 0.999284
25247 RY 25285 0.000239
25247 RY 25247 0.000239
25247 RY 25266 0.000239
25266 U3 25285 0.999284
25266 U3 25304 0.000239
25266 U3 25266 0.000239
25266 U3 25247 0.000239
25266 H 25401 0.999642
25266 H 25400 0.000119
25266 H 25399 0.000119
25266 H 25398 0.000119
25266 S 25237 1.000000
25266 Z 25304 1.000000
25266 X 25247 0.999284
25266 X 25266 0.000239
25266 X 25304 0.000239
25266 X 25285 0.000239
25266 RY 25285 0.999284
25266 RY 25304 0.000239
25266 RY 25266 0.000239
25266 RY 25247 0.000239
25285 U3 25266 0.999284
25285 U3 25247 0.000239
25285 U3 25285 0.000239
25285 U3 25304 0.000239
25285 H 25399 0.999642
25285 H 25398 0.000119
25285 H 25401 0.000119
25285 H 25400 0.000119
25285 S 25230 1.000000
25285 Z 25247 1.000000
25285 X 25304 0.999284
25285 X 25285 0.000239
25285 X 25247 0.000239
25285 X 25266 0.000239
25285 RY 25266 0.999284
25285 RY 25247 0.000239
25285 RY 25285 0.000239
25285 RY 25304 0.000239
25304 U3 25247 0.999284
25304 U3 25266 0.000239
25304 U3 25304 0.000239
25304 U3 25285 0.000239
25304 H 25400 0.999642
25304 H 25401 0.000119
25304 H 25398 0.000119
25304 H 25399 0.000119
25304 S 25235 1.000000
25304 Z 25266 1.000000
25304 X 25285 0.999284
25304 X 25304 0.000239
25304 X 25266 0.000239
25304 X 25247 0.000239
25304 RY 25247 0.999284
25304 RY 25266 0.000239
25304 RY 25304 0.000239
25304 RY 25285 0.000239
25323 U3 25342 0.999284
25323 U3 25380 0.000239
25323 U3 25323 0.000239
25323 U3 25361 0.000239
25323 H 25474 0.999642
25323 H 25475 0.000119
25323 H 25476 0.000119
25323 H 25477 0.000119
25323 S 25245 1.000000
25323 Z 25380 1.000000
25323 X 25361 0.999284
25323 X 25323 0.000239
25323 X 25380 0.000239
25323 X 25342 0.000239
25323 RY 25342 0.999284
25323 RY 25380 0.000239
25323 RY 25323 0.000239
25323 RY 25361 0.000239
25342 U3 25323 0.999284
25342 U3 25361 0.000239
25342 U3 25342 0.000239
25342 U3 25380 0.000239
25342 H 25476 0.999642
25342 H 25477 0.000119
25342 H 25474 0.000119
25342 H 25475 0.000119
25342 S 25244 1.000000
25342 Z 25361 1.000000
25342 X 25380 0.999284
25342 X 25342 0.000239
25342 X 25361 0.000239
25342 X 25323 0.000239
25342 RY 25323 0.999284
25342 RY 25361 0.000239
25342 RY 25342 0.000239
25342 RY 25380 0.000239
25361 U3 25380 0.999284
25361 U3 25342 0.000239
25361 U3 25361 0.000239
25361 U3 25323 0.000239
25361 H 25477 0.999642
25361 H 25476 0.000119
25361 H 25475 0.000119
25361 H 25474 0.000119
25361 S 25243 1.000000
25361 Z 25342 1.000000
25361 X 25323 0.999284
25361 X 25361 0.000239
25361 X 25342 0.000239
25361 X 25380 0.000239
25361 RY 25380 0.999284
25361 RY 25342 0.000239
25361 RY 25361 0.000239
25361 RY 25323 0.000239
25380 U3 25361 0.999284
25380 U3 25323 0.000239
25380 U3 25380 0.000239
25380 U3 25342 0.000239
25380 H 25475 0.999642
25380 H 25474 0.000119
25380 H 25477 0.000119
25380 H 25476 0.000119
25380 S 25242 1.000000
25380 Z 25323 1.000000
25380 X 25342 0.999284
25380 X 25380 0.000239
25380 X 25323 0.000239
25380 X 25361 0.000239
25380 RY 25361 0.999284
25380 RY 25323 0.000239
25380 RY 25380 0.000239
25380 RY 25342 0.000239
25398 U3 25400 0.999284
25398 U3 25401 0.000239
25398 U3 25398 0.000239
25398 U3 25399 0.000239
25398 H 25247 0.999642
25398 H 25266 0.000119
25398 H 25304 0.000119
25398 H 25285 0.000119
25398 S 25475 1.000000
25398 Z 25401 1.000000
25398 X 25399 0.999284
25398 X 25398 0.000239
25398 X 25401 0.000239
25398 X 25400 0.000239
25398 RY 25400 0.999284
25398 RY 25401 0.000239
25398 RY 25398 0.000239
25398 RY 25399 0.000239
25399 U3 25401 0.999284
25399 U3 25400 0.000239
25399 U3 25399 0.000239
25399 U3 25398 0.000239
25399 H 25285 0.999642
25399 H 25304 0.000119
25399 H 25266 0.000119
25399 H 25247 0.000119
25399 S 25477 1.000000
25399 Z 25400 1.000000
25399 X 25398 0.999284
25399 X 25399 0.000239
25399 X 25400 0.000239
25399 X 25401 0.000239
25399 RY 25401 0.999284
25399 RY 25400 0.000239
25399 RY 25399 0.000239
25399 RY 25398 0.000239
25400 U3 25398 0.999284
25400 U3 25399 0.000239
25400 U3 25400 0.000239
25400 U3 25401 0.000239
25400 H 25304 0.999642
25400 H 25285 0.000119
25400 H 25247 0.000119
25400 H 25266 0.000119
25400 S 25474 1.000000
25400 Z 25399 1.000000
25400 X 25401 0.999284
25400 X 25400 0.000239
25400 X 25399 0.000239
25400 X 25398 0.000239
25400 RY 25398 0.999284
25400 RY 25399 0.000239
25400 RY 25400 0.000239
25400 RY 25401 0.000239
25401 U3 25399 0.999284
25401 U3 25398 0.000239
25401 U3 25401 0.000239
25401 U3 25400 0.000239
25401 H 25266 0.999642
25401 H 25247 0.000119
25401 H 25285 0.000119
25401 H 25304 0.000119
25401 S 25476 1.000000
25401 Z 25398 1.000000
25401 X 25400 0.999284
25401 X 25401 0.000239
25401 X 25398 0.000239
25401 X 25399 0.000239
25401 RY 25399 0.999284
25401 RY 25398 0.000239
25401 RY 25401 0.000239
25401 RY 25400 0.000239
25474 U3 25476 0.999284
25474 U3 25477 0.000239
25474 U3 25474 0.000239
25474 U3 25475 0.000239
25474 H 25323 0.999642
25474 H 25361 0.000119
25474 H 25342 0.000119
25474 H 25380 0.000119
25474 S 25399 1.000000
25474 Z 25477 1.000000
25474 X 25475 0.999284
25474 X 25474 0.000239
25474 X 25477 0.000239
25474 X 25476 0.000239
25474 RY 25476 0.999284
25474 RY 25477 0.000239
25474 RY 25474 0.000239
25474 RY 25475 0.000239
25475 U3 25477 0.999284
25475 U3 25476 0.000239
25475 U3 25475 0.000239
25475 U3 25474 0.000239
25475 H 25380 0.999642
25475 H 25342 0.000119
25475 H 25361 0.000119
25475 H 25323 0.000119
25475 S 25401 1.000000
25475 Z 25476 1.000000
25475 X 25474 0.999284
25475 X 25475 0.000239
25475 X 25476 0.000239
25475 X 25477 0.000239
25475 RY 25477 0.999284
25475 RY 25476 0.000239
25475 RY 25475 0.000239
25475 RY 25474 0.000239
25476 U3 25474 0.999284
25476 U3 25475 0.000239
25476 U3 25476 0.000239
25476 U3 25477 0.000239
25476 H 25342 0.999642
25476 H 25380 0.000119
25476 H 25323 0.000119
25476 H 25361 0.000119
25476 S 25398 1.000000
25476 Z 25475 1.000000
25476 X 25477 0.999284
25476 X 25476 0.000239
25476 X 25475 0.000239
25476 X 25474 0.000239
25476 RY 25474 0.999284
25476 RY 25475 0.000239
25476 RY 25476 0.000239
25476 RY 25477 0.000239
25477 U3 25475 0.999284
25477 U3 25474 0.000239
25477 U3 25477 0.000239
25477 U3 25476 0.000239
25477 H 25361 0.999642
25477 H 25323 0.000119
25477 H 25380 0.000119
25477 H 25342 0.000119
25477 S 25400 1.000000
25477 Z 25474 1.000000
25477 X 25476 0.999284
25477 X 25477 0.000239
25477 X 25474 0.000239
25477 X 25475 0.000239
25477 RY 25475 0.999284
25477 RY 25474 0.000239
25477 RY 25477 0.000239
25477 RY 25476 0.000239
ENDPOMDP
