BEGINPOMDP
INITIALSTATE: 33605
STATES: 33680,33699,33718,33850,33851,33852,33853,33605,33606,33737,33611,33612,33613,33618,33619,33620,33621,33623,33756,33642,33774,33775,33776,33777,33661
REWARDS: 33680:0,33699:0,33718:0,33850:0,33851:0,33852:0,33853:0,33605:0,33606:0,33737:0,33611:1,33612:0,33613:0,33618:0,33619:0,33620:0,33621:0,33623:0,33756:0,33642:0,33774:0,33775:0,33776:0,33777:0,33661:0
GAMMA: 33680:0,33699:0,33718:0,33850:0,33851:0,33852:0,33853:0,33605:0,33606:0,33737:0,33611:0,33612:0,33613:0,33618:0,33619:0,33620:0,33621:0,33623:0,33756:0,33642:0,33774:0,33775:0,33776:0,33777:0,33661:0
BEGINACTIONS
U3
H
S
Z
X
RY
ENDACTIONS
33605 INIT_ 33606 1.000000
33606 U3 33611 0.998174
33606 U3 33612 0.000609
33606 U3 33606 0.000609
33606 U3 33613 0.000609
33606 H 33618 0.999087
33606 H 33619 0.000304
33606 H 33620 0.000304
33606 H 33621 0.000304
33606 S 33623 1.000000
33606 Z 33612 1.000000
33606 X 33613 0.998174
33606 X 33606 0.000609
33606 X 33612 0.000609
33606 X 33611 0.000609
33606 RY 33611 0.998174
33606 RY 33612 0.000609
33606 RY 33606 0.000609
33606 RY 33613 0.000609
33611 U3 33606 0.998174
33611 U3 33613 0.000609
33611 U3 33611 0.000609
33611 U3 33612 0.000609
33611 H 33620 0.999087
33611 H 33621 0.000304
33611 H 33618 0.000304
33611 H 33619 0.000304
33611 S 33642 1.000000
33611 Z 33613 1.000000
33611 X 33612 0.998174
33611 X 33611 0.000609
33611 X 33613 0.000609
33611 X 33606 0.000609
33611 RY 33606 0.998174
33611 RY 33613 0.000609
33611 RY 33611 0.000609
33611 RY 33612 0.000609
33612 U3 33613 0.998174
33612 U3 33606 0.000609
33612 U3 33612 0.000609
33612 U3 33611 0.000609
33612 H 33619 0.999087
33612 H 33618 0.000304
33612 H 33621 0.000304
33612 H 33620 0.000304
33612 S 33661 1.000000
33612 Z 33606 1.000000
33612 X 33611 0.998174
33612 X 33612 0.000609
33612 X 33606 0.000609
33612 X 33613 0.000609
33612 RY 33613 0.998174
33612 RY 33606 0.000609
33612 RY 33612 0.000609
33612 RY 33611 0.000609
33613 U3 33612 0.998174
33613 U3 33611 0.000609
33613 U3 33613 0.000609
33613 U3 33606 0.000609
33613 H 33621 0.999087
33613 H 33620 0.000304
33613 H 33619 0.000304
33613 H 33618 0.000304
33613 S 33680 1.000000
33613 Z 33611 1.000000
33613 X 33606 0.998174
33613 X 33613 0.000609
33613 X 33611 0.000609
33613 X 33612 0.000609
33613 RY 33612 0.998174
33613 RY 33611 0.000609
33613 RY 33613 0.000609
33613 RY 33606 0.000609
33618 U3 33620 0.998174
33618 U3 33621 0.000609
33618 U3 33618 0.000609
33618 U3 33619 0.000609
33618 H 33606 0.999087
33618 H 33613 0.000304
33618 H 33611 0.000304
33618 H 33612 0.000304
33618 S 33699 1.000000
33618 Z 33621 1.000000
33618 X 33619 0.998174
33618 X 33618 0.000609
33618 X 33621 0.000609
33618 X 33620 0.000609
33618 RY 33620 0.998174
33618 RY 33621 0.000609
33618 RY 33618 0.000609
33618 RY 33619 0.000609
33619 U3 33621 0.998174
33619 U3 33620 0.000609
33619 U3 33619 0.000609
33619 U3 33618 0.000609
33619 H 33612 0.999087
33619 H 33611 0.000304
33619 H 33613 0.000304
33619 H 33606 0.000304
33619 S 33718 1.000000
33619 Z 33620 1.000000
33619 X 33618 0.998174
33619 X 33619 0.000609
33619 X 33620 0.000609
33619 X 33621 0.000609
33619 RY 33621 0.998174
33619 RY 33620 0.000609
33619 RY 33619 0.000609
33619 RY 33618 0.000609
33620 U3 33618 0.998174
33620 U3 33619 0.000609
33620 U3 33620 0.000609
33620 U3 33621 0.000609
33620 H 33611 0.999087
33620 H 33612 0.000304
33620 H 33606 0.000304
33620 H 33613 0.000304
33620 S 33737 1.000000
33620 Z 33619 1.000000
33620 X 33621 0.998174
33620 X 33620 0.000609
33620 X 33619 0.000609
33620 X 33618 0.000609
33620 RY 33618 0.998174
33620 RY 33619 0.000609
33620 RY 33620 0.000609
33620 RY 33621 0.000609
33621 U3 33619 0.998174
33621 U3 33618 0.000609
33621 U3 33621 0.000609
33621 U3 33620 0.000609
33621 H 33613 0.999087
33621 H 33606 0.000304
33621 H 33612 0.000304
33621 H 33611 0.000304
33621 S 33756 1.000000
33621 Z 33618 1.000000
33621 X 33620 0.998174
33621 X 33621 0.000609
33621 X 33618 0.000609
33621 X 33619 0.000609
33621 RY 33619 0.998174
33621 RY 33618 0.000609
33621 RY 33621 0.000609
33621 RY 33620 0.000609
33623 U3 33680 0.998174
33623 U3 33661 0.000609
33623 U3 33623 0.000609
33623 U3 33642 0.000609
33623 H 33774 0.999087
33623 H 33775 0.000304
33623 H 33776 0.000304
33623 H 33777 0.000304
33623 S 33612 1.000000
33623 Z 33661 1.000000
33623 X 33642 0.998174
33623 X 33623 0.000609
33623 X 33661 0.000609
33623 X 33680 0.000609
33623 RY 33680 0.998174
33623 RY 33661 0.000609
33623 RY 33623 0.000609
33623 RY 33642 0.000609
33642 U3 33661 0.998174
33642 U3 33680 0.000609
33642 U3 33642 0.000609
33642 U3 33623 0.000609
33642 H 33777 0.999087
33642 H 33776 0.000304
33642 H 33775 0.000304
33642 H 33774 0.000304
33642 S 33613 1.000000
33642 Z 33680 1.000000
33642 X 33623 0.998174
33642 X 33642 0.000609
33642 X 33680 0.000609
33642 X 33661 0.000609
33642 RY 33661 0.998174
33642 RY 33680 0.000609
33642 RY 33642 0.000609
33642 RY 33623 0.000609
33661 U3 33642 0.998174
33661 U3 33623 0.000609
33661 U3 33661 0.000609
33661 U3 33680 0.000609
33661 H 33775 0.999087
33661 H 33774 0.000304
33661 H 33777 0.000304
33661 H 33776 0.000304
33661 S 33606 1.000000
33661 Z 33623 1.000000
33661 X 33680 0.998174
33661 X 33661 0.000609
33661 X 33623 0.000609
33661 X 33642 0.000609
33661 RY 33642 0.998174
33661 RY 33623 0.000609
33661 RY 33661 0.000609
33661 RY 33680 0.000609
33680 U3 33623 0.998174
33680 U3 33642 0.000609
33680 U3 33680 0.000609
33680 U3 33661 0.000609
33680 H 33776 0.999087
33680 H 33777 0.000304
33680 H 33774 0.000304
33680 H 33775 0.000304
33680 S 33611 1.000000
33680 Z 33642 1.000000
33680 X 33661 0.998174
33680 X 33680 0.000609
33680 X 33642 0.000609
33680 X 33623 0.000609
33680 RY 33623 0.998174
33680 RY 33642 0.000609
33680 RY 33680 0.000609
33680 RY 33661 0.000609
33699 U3 33718 0.998174
33699 U3 33756 0.000609
33699 U3 33699 0.000609
33699 U3 33737 0.000609
33699 H 33850 0.999087
33699 H 33851 0.000304
33699 H 33852 0.000304
33699 H 33853 0.000304
33699 S 33621 1.000000
33699 Z 33756 1.000000
33699 X 33737 0.998174
33699 X 33699 0.000609
33699 X 33756 0.000609
33699 X 33718 0.000609
33699 RY 33718 0.998174
33699 RY 33756 0.000609
33699 RY 33699 0.000609
33699 RY 33737 0.000609
33718 U3 33699 0.998174
33718 U3 33737 0.000609
33718 U3 33718 0.000609
33718 U3 33756 0.000609
33718 H 33852 0.999087
33718 H 33853 0.000304
33718 H 33850 0.000304
33718 H 33851 0.000304
33718 S 33620 1.000000
33718 Z 33737 1.000000
33718 X 33756 0.998174
33718 X 33718 0.000609
33718 X 33737 0.000609
33718 X 33699 0.000609
33718 RY 33699 0.998174
33718 RY 33737 0.000609
33718 RY 33718 0.000609
33718 RY 33756 0.000609
33737 U3 33756 0.998174
33737 U3 33718 0.000609
33737 U3 33737 0.000609
33737 U3 33699 0.000609
33737 H 33853 0.999087
33737 H 33852 0.000304
33737 H 33851 0.000304
33737 H 33850 0.000304
33737 S 33619 1.000000
33737 Z 33718 1.000000
33737 X 33699 0.998174
33737 X 33737 0.000609
33737 X 33718 0.000609
33737 X 33756 0.000609
33737 RY 33756 0.998174
33737 RY 33718 0.000609
33737 RY 33737 0.000609
33737 RY 33699 0.000609
33756 U3 33737 0.998174
33756 U3 33699 0.000609
33756 U3 33756 0.000609
33756 U3 33718 0.000609
33756 H 33851 0.999087
33756 H 33850 0.000304
33756 H 33853 0.000304
33756 H 33852 0.000304
33756 S 33618 1.000000
33756 Z 33699 1.000000
33756 X 33718 0.998174
33756 X 33756 0.000609
33756 X 33699 0.000609
33756 X 33737 0.000609
33756 RY 33737 0.998174
33756 RY 33699 0.000609
33756 RY 33756 0.000609
33756 RY 33718 0.000609
33774 U3 33776 0.998174
33774 U3 33777 0.000609
33774 U3 33774 0.000609
33774 U3 33775 0.000609
33774 H 33623 0.999087
33774 H 33642 0.000304
33774 H 33680 0.000304
33774 H 33661 0.000304
33774 S 33851 1.000000
33774 Z 33777 1.000000
33774 X 33775 0.998174
33774 X 33774 0.000609
33774 X 33777 0.000609
33774 X 33776 0.000609
33774 RY 33776 0.998174
33774 RY 33777 0.000609
33774 RY 33774 0.000609
33774 RY 33775 0.000609
33775 U3 33777 0.998174
33775 U3 33776 0.000609
33775 U3 33775 0.000609
33775 U3 33774 0.000609
33775 H 33661 0.999087
33775 H 33680 0.000304
33775 H 33642 0.000304
33775 H 33623 0.000304
33775 S 33853 1.000000
33775 Z 33776 1.000000
33775 X 33774 0.998174
33775 X 33775 0.000609
33775 X 33776 0.000609
33775 X 33777 0.000609
33775 RY 33777 0.998174
33775 RY 33776 0.000609
33775 RY 33775 0.000609
33775 RY 33774 0.000609
33776 U3 33774 0.998174
33776 U3 33775 0.000609
33776 U3 33776 0.000609
33776 U3 33777 0.000609
33776 H 33680 0.999087
33776 H 33661 0.000304
33776 H 33623 0.000304
33776 H 33642 0.000304
33776 S 33850 1.000000
33776 Z 33775 1.000000
33776 X 33777 0.998174
33776 X 33776 0.000609
33776 X 33775 0.000609
33776 X 33774 0.000609
33776 RY 33774 0.998174
33776 RY 33775 0.000609
33776 RY 33776 0.000609
33776 RY 33777 0.000609
33777 U3 33775 0.998174
33777 U3 33774 0.000609
33777 U3 33777 0.000609
33777 U3 33776 0.000609
33777 H 33642 0.999087
33777 H 33623 0.000304
33777 H 33661 0.000304
33777 H 33680 0.000304
33777 S 33852 1.000000
33777 Z 33774 1.000000
33777 X 33776 0.998174
33777 X 33777 0.000609
33777 X 33774 0.000609
33777 X 33775 0.000609
33777 RY 33775 0.998174
33777 RY 33774 0.000609
33777 RY 33777 0.000609
33777 RY 33776 0.000609
33850 U3 33852 0.998174
33850 U3 33853 0.000609
33850 U3 33850 0.000609
33850 U3 33851 0.000609
33850 H 33699 0.999087
33850 H 33737 0.000304
33850 H 33718 0.000304
33850 H 33756 0.000304
33850 S 33775 1.000000
33850 Z 33853 1.000000
33850 X 33851 0.998174
33850 X 33850 0.000609
33850 X 33853 0.000609
33850 X 33852 0.000609
33850 RY 33852 0.998174
33850 RY 33853 0.000609
33850 RY 33850 0.000609
33850 RY 33851 0.000609
33851 U3 33853 0.998174
33851 U3 33852 0.000609
33851 U3 33851 0.000609
33851 U3 33850 0.000609
33851 H 33756 0.999087
33851 H 33718 0.000304
33851 H 33737 0.000304
33851 H 33699 0.000304
33851 S 33777 1.000000
33851 Z 33852 1.000000
33851 X 33850 0.998174
33851 X 33851 0.000609
33851 X 33852 0.000609
33851 X 33853 0.000609
33851 RY 33853 0.998174
33851 RY 33852 0.000609
33851 RY 33851 0.000609
33851 RY 33850 0.000609
33852 U3 33850 0.998174
33852 U3 33851 0.000609
33852 U3 33852 0.000609
33852 U3 33853 0.000609
33852 H 33718 0.999087
33852 H 33756 0.000304
33852 H 33699 0.000304
33852 H 33737 0.000304
33852 S 33774 1.000000
33852 Z 33851 1.000000
33852 X 33853 0.998174
33852 X 33852 0.000609
33852 X 33851 0.000609
33852 X 33850 0.000609
33852 RY 33850 0.998174
33852 RY 33851 0.000609
33852 RY 33852 0.000609
33852 RY 33853 0.000609
33853 U3 33851 0.998174
33853 U3 33850 0.000609
33853 U3 33853 0.000609
33853 U3 33852 0.000609
33853 H 33737 0.999087
33853 H 33699 0.000304
33853 H 33756 0.000304
33853 H 33718 0.000304
33853 S 33776 1.000000
33853 Z 33850 1.000000
33853 X 33852 0.998174
33853 X 33853 0.000609
33853 X 33850 0.000609
33853 X 33851 0.000609
33853 RY 33851 0.998174
33853 RY 33850 0.000609
33853 RY 33853 0.000609
33853 RY 33852 0.000609
ENDPOMDP
