BEGINPOMDP
INITIALSTATE: 113733
STATES: 113805,113806,113815,113816,113820,113821,114078,114080,113733,113734,113865,113738,113739,113866,113743,113745,113874,113747,113878,113751,113752,113879,113760,113888,113762,113889,113893,113766,113767,113894
REWARDS: 113805:0,113806:0,113815:0,113816:0,113820:0,113821:0,114078:0,114080:0,113733:0,113734:0,113865:0,113738:0,113739:0,113866:0,113743:0,113745:0,113874:0,113747:0,113878:0,113751:0,113752:1,113879:0,113760:0,113888:0,113762:0,113889:0,113893:0,113766:0,113767:0,113894:0
GAMMA: 113805:0,113806:0,113815:0,113816:0,113820:0,113821:0,114078:0,114080:0,113733:0,113734:0,113865:0,113738:0,113739:0,113866:0,113743:0,113745:0,113874:0,113747:0,113878:0,113751:0,113752:0,113879:0,113760:0,113888:0,113762:0,113889:0,113893:0,113766:0,113767:0,113894:0
BEGINACTIONS
SX
RZPI
RZ3PI
RZPIHalf
S
X
ENDACTIONS
113733 INIT_ 113734 1.000000
113733 SX 113865 0.998885
113733 SX 113866 0.000697
113733 SX 113733 0.000418
113733 RZPI 113733 1.000000
113733 RZ3PI 113733 1.000000
113733 RZPIHalf 113733 1.000000
113733 S 113733 1.000000
113733 X 113874 0.999582
113733 X 113733 0.000418
113734 SX 113738 0.998885
113734 SX 113739 0.000697
113734 RZPI 113734 1.000000
113734 RZ3PI 113743 1.000000
113734 RZPIHalf 113745 1.000000
113734 S 113747 1.000000
113734 X 113751 0.998885
113734 X 113752 0.000697
113738 SX 113751 0.998885
113738 SX 113752 0.000697
113738 SX 113733 0.000418
113738 RZPI 113738 1.000000
113738 RZ3PI 113739 1.000000
113738 RZPIHalf 113760 1.000000
113738 S 113762 1.000000
113738 X 113766 0.998885
113738 X 113767 0.000697
113739 SX 113743 0.998885
113739 SX 113734 0.000697
113739 SX 113733 0.000418
113739 RZPI 113739 1.000000
113739 RZ3PI 113738 1.000000
113739 RZPIHalf 113762 1.000000
113739 S 113760 1.000000
113739 X 113767 0.998885
113739 X 113766 0.000697
113743 SX 113767 0.998885
113743 SX 113766 0.000697
113743 RZPI 113743 1.000000
113743 RZ3PI 113734 1.000000
113743 RZPIHalf 113747 1.000000
113743 S 113745 1.000000
113743 X 113752 0.998885
113743 X 113751 0.000697
113743 X 113733 0.000418
113745 SX 113805 0.998885
113745 SX 113806 0.000697
113745 RZPI 113745 1.000000
113745 RZ3PI 113747 1.000000
113745 RZPIHalf 113743 1.000000
113745 S 113734 1.000000
113745 X 113815 0.998885
113745 X 113816 0.000697
113745 X 113733 0.000418
113747 SX 113820 0.998885
113747 SX 113821 0.000697
113747 RZPI 113747 1.000000
113747 RZ3PI 113745 1.000000
113747 RZPIHalf 113734 1.000000
113747 S 113743 1.000000
113747 X 113816 0.998885
113747 X 113815 0.000697
113751 SX 113766 0.998885
113751 SX 113767 0.000697
113751 RZPI 113751 1.000000
113751 RZ3PI 113752 1.000000
113751 RZPIHalf 113816 1.000000
113751 S 113815 1.000000
113751 X 113734 0.998885
113751 X 113743 0.000697
113752 SX 113739 0.998885
113752 SX 113738 0.000697
113752 RZPI 113752 1.000000
113752 RZ3PI 113751 1.000000
113752 RZPIHalf 113815 1.000000
113752 S 113816 1.000000
113752 X 113743 0.998885
113752 X 113734 0.000697
113760 SX 113878 0.998885
113760 SX 113879 0.000697
113760 RZPI 113760 1.000000
113760 RZ3PI 113762 1.000000
113760 RZPIHalf 113739 1.000000
113760 S 113738 1.000000
113760 X 113888 0.998885
113760 X 113889 0.000697
113762 SX 113893 0.998885
113762 SX 113894 0.000697
113762 RZPI 113762 1.000000
113762 RZ3PI 113760 1.000000
113762 RZPIHalf 113738 1.000000
113762 S 113739 1.000000
113762 X 113889 0.998885
113762 X 113888 0.000697
113766 SX 113734 0.998885
113766 SX 113743 0.000697
113766 RZPI 113766 1.000000
113766 RZ3PI 113767 1.000000
113766 RZPIHalf 113889 1.000000
113766 S 113888 1.000000
113766 X 113738 0.998885
113766 X 113739 0.000697
113767 SX 113752 0.998885
113767 SX 113751 0.000697
113767 RZPI 113767 1.000000
113767 RZ3PI 113766 1.000000
113767 RZPIHalf 113888 1.000000
113767 S 113889 1.000000
113767 X 113739 0.998885
113767 X 113738 0.000697
113805 SX 113815 0.998885
113805 SX 113816 0.000697
113805 SX 113733 0.000418
113805 RZPI 113805 1.000000
113805 RZ3PI 113806 1.000000
113805 RZPIHalf 113878 1.000000
113805 S 113879 1.000000
113805 X 113821 0.998885
113805 X 113820 0.000697
113806 SX 113747 0.998885
113806 SX 113745 0.000697
113806 SX 113733 0.000418
113806 RZPI 113806 1.000000
113806 RZ3PI 113805 1.000000
113806 RZPIHalf 113879 1.000000
113806 S 113878 1.000000
113806 X 113820 0.998885
113806 X 113821 0.000697
113815 SX 113821 0.998885
113815 SX 113820 0.000697
113815 RZPI 113815 1.000000
113815 RZ3PI 113816 1.000000
113815 RZPIHalf 113751 1.000000
113815 S 113752 1.000000
113815 X 113745 0.998885
113815 X 113747 0.000697
113815 X 113733 0.000418
113816 SX 113806 0.998885
113816 SX 113805 0.000697
113816 RZPI 113816 1.000000
113816 RZ3PI 113815 1.000000
113816 RZPIHalf 113752 1.000000
113816 S 113751 1.000000
113816 X 113747 0.998885
113816 X 113745 0.000697
113816 X 113733 0.000418
113820 SX 113816 0.998885
113820 SX 113815 0.000697
113820 SX 113733 0.000418
113820 RZPI 113820 1.000000
113820 RZ3PI 113821 1.000000
113820 RZPIHalf 113894 1.000000
113820 S 113893 1.000000
113820 X 113806 0.998885
113820 X 113805 0.000697
113821 SX 113745 0.998885
113821 SX 113747 0.000697
113821 RZPI 113821 1.000000
113821 RZ3PI 113820 1.000000
113821 RZPIHalf 113893 1.000000
113821 S 113894 1.000000
113821 X 113805 0.998885
113821 X 113806 0.000697
113865 SX 113874 0.999582
113865 SX 113733 0.000418
113865 RZPI 113865 1.000000
113865 RZ3PI 113866 1.000000
113865 RZPIHalf 114078 1.000000
113865 S 114080 1.000000
113865 X 113866 0.998885
113865 X 113865 0.000697
113865 X 113733 0.000418
113866 SX 113733 1.000000
113866 RZPI 113866 1.000000
113866 RZ3PI 113865 1.000000
113866 RZPIHalf 114080 1.000000
113866 S 114078 1.000000
113866 X 113865 0.998885
113866 X 113866 0.000697
113866 X 113733 0.000418
113874 SX 113866 0.998885
113874 SX 113865 0.000697
113874 SX 113733 0.000418
113874 RZPI 113874 1.000000
113874 RZ3PI 113874 1.000000
113874 RZPIHalf 113874 1.000000
113874 S 113874 1.000000
113874 X 113733 1.000000
113878 SX 113888 0.998885
113878 SX 113889 0.000697
113878 RZPI 113878 1.000000
113878 RZ3PI 113879 1.000000
113878 RZPIHalf 113806 1.000000
113878 S 113805 1.000000
113878 X 113894 0.998885
113878 X 113893 0.000697
113879 SX 113762 0.998885
113879 SX 113760 0.000697
113879 RZPI 113879 1.000000
113879 RZ3PI 113878 1.000000
113879 RZPIHalf 113805 1.000000
113879 S 113806 1.000000
113879 X 113893 0.998885
113879 X 113894 0.000697
113888 SX 113894 0.998885
113888 SX 113893 0.000697
113888 RZPI 113888 1.000000
113888 RZ3PI 113889 1.000000
113888 RZPIHalf 113766 1.000000
113888 S 113767 1.000000
113888 X 113760 0.998885
113888 X 113762 0.000697
113889 SX 113879 0.998885
113889 SX 113878 0.000697
113889 RZPI 113889 1.000000
113889 RZ3PI 113888 1.000000
113889 RZPIHalf 113767 1.000000
113889 S 113766 1.000000
113889 X 113762 0.998885
113889 X 113760 0.000697
113893 SX 113889 0.998885
113893 SX 113888 0.000697
113893 RZPI 113893 1.000000
113893 RZ3PI 113894 1.000000
113893 RZPIHalf 113820 1.000000
113893 S 113821 1.000000
113893 X 113879 0.998885
113893 X 113878 0.000697
113894 SX 113760 0.998885
113894 SX 113762 0.000697
113894 RZPI 113894 1.000000
113894 RZ3PI 113893 1.000000
113894 RZPIHalf 113821 1.000000
113894 S 113820 1.000000
113894 X 113878 0.998885
113894 X 113879 0.000697
114078 SX 114078 0.998885
114078 SX 114080 0.000697
114078 SX 113733 0.000418
114078 RZPI 114078 1.000000
114078 RZ3PI 114080 1.000000
114078 RZPIHalf 113866 1.000000
114078 S 113865 1.000000
114078 X 114078 0.998885
114078 X 114080 0.000697
114078 X 113733 0.000418
114080 SX 114080 0.998885
114080 SX 114078 0.000697
114080 SX 113733 0.000418
114080 RZPI 114080 1.000000
114080 RZ3PI 114078 1.000000
114080 RZPIHalf 113865 1.000000
114080 S 113866 1.000000
114080 X 114080 0.998885
114080 X 114078 0.000697
114080 X 113733 0.000418
ENDPOMDP
