BEGINPOMDP
INITIALSTATE: 111993
STATES: 112256,112257,112007,112008,112391,112010,112011,112139,112141,112015,112017,112275,112276,112019,112032,112033,112050,112435,112052,112436,112437,112438,112956,112958,112373,112374,111993,111994,112253,112254
REWARDS: 112256:0,112257:0,112007:0,112008:0,112391:0,112010:0,112011:0,112139:0,112141:0,112015:0,112017:0,112275:0,112276:0,112019:0,112032:0,112033:1,112050:0,112435:0,112052:0,112436:0,112437:0,112438:0,112956:0,112958:0,112373:0,112374:0,111993:0,111994:0,112253:0,112254:0
GAMMA: 112256:0,112257:0,112007:0,112008:0,112391:0,112010:0,112011:0,112139:0,112141:0,112015:0,112017:0,112275:0,112276:0,112019:0,112032:0,112033:0,112050:0,112435:0,112052:0,112436:0,112437:0,112438:0,112956:0,112958:0,112373:0,112374:0,111993:0,111994:0,112253:0,112254:0
BEGINACTIONS
SX
RZPI
RZ3PI
RZPIHalf
S
X
ENDACTIONS
111993 INIT_ 111994 1.000000
111993 SX 112373 0.999221
111993 SX 112374 0.000344
111993 SX 111993 0.000435
111993 RZPI 111993 1.000000
111993 RZ3PI 111993 1.000000
111993 RZPIHalf 111993 1.000000
111993 S 111993 1.000000
111993 X 112391 0.999432
111993 X 111993 0.000568
111994 SX 112007 0.999154
111994 SX 112008 0.000278
111994 SX 112010 0.000067
111994 SX 112011 0.000067
111994 RZPI 111994 1.000000
111994 RZ3PI 112015 1.000000
111994 RZPIHalf 112017 1.000000
111994 S 112019 1.000000
111994 X 112032 0.999154
111994 X 112033 0.000278
111994 X 111993 0.000435
111994 X 111994 0.000067
111994 X 112015 0.000067
112007 SX 112032 0.999154
112007 SX 112033 0.000278
112007 SX 111993 0.000435
112007 SX 111994 0.000067
112007 SX 112015 0.000067
112007 RZPI 112007 1.000000
112007 RZ3PI 112008 1.000000
112007 RZPIHalf 112050 1.000000
112007 S 112052 1.000000
112007 X 112010 0.999154
112007 X 112011 0.000278
112007 X 112007 0.000067
112007 X 112008 0.000067
112008 SX 112015 0.999154
112008 SX 111994 0.000278
112008 SX 111993 0.000435
112008 SX 112033 0.000067
112008 SX 112032 0.000067
112008 RZPI 112008 1.000000
112008 RZ3PI 112007 1.000000
112008 RZPIHalf 112052 1.000000
112008 S 112050 1.000000
112008 X 112011 0.999154
112008 X 112010 0.000278
112008 X 112008 0.000067
112008 X 112007 0.000067
112010 SX 111994 0.999154
112010 SX 112015 0.000278
112010 SX 112032 0.000067
112010 SX 112033 0.000067
112010 SX 111993 0.000000
112010 RZPI 112010 1.000000
112010 RZ3PI 112011 1.000000
112010 RZPIHalf 112139 1.000000
112010 S 112141 1.000000
112010 X 112007 0.999154
112010 X 112008 0.000278
112010 X 112010 0.000067
112010 X 112011 0.000067
112011 SX 112033 0.999154
112011 SX 112032 0.000278
112011 SX 111993 0.000435
112011 SX 112015 0.000067
112011 SX 111994 0.000067
112011 RZPI 112011 1.000000
112011 RZ3PI 112010 1.000000
112011 RZPIHalf 112141 1.000000
112011 S 112139 1.000000
112011 X 112008 0.999154
112011 X 112007 0.000278
112011 X 112011 0.000067
112011 X 112010 0.000067
112015 SX 112011 0.999154
112015 SX 112010 0.000278
112015 SX 112008 0.000067
112015 SX 112007 0.000067
112015 RZPI 112015 1.000000
112015 RZ3PI 111994 1.000000
112015 RZPIHalf 112019 1.000000
112015 S 112017 1.000000
112015 X 112033 0.999154
112015 X 112032 0.000278
112015 X 111993 0.000435
112015 X 112015 0.000067
112015 X 111994 0.000067
112017 SX 112253 0.999154
112017 SX 112254 0.000278
112017 SX 112256 0.000067
112017 SX 112257 0.000067
112017 RZPI 112017 1.000000
112017 RZ3PI 112019 1.000000
112017 RZPIHalf 112015 1.000000
112017 S 111994 1.000000
112017 X 112275 0.999154
112017 X 112276 0.000278
112017 X 111993 0.000435
112017 X 112017 0.000067
112017 X 112019 0.000067
112019 SX 112257 0.999154
112019 SX 112256 0.000278
112019 SX 112254 0.000067
112019 SX 112253 0.000067
112019 RZPI 112019 1.000000
112019 RZ3PI 112017 1.000000
112019 RZPIHalf 111994 1.000000
112019 S 112015 1.000000
112019 X 112276 0.999154
112019 X 112275 0.000278
112019 X 112019 0.000067
112019 X 112017 0.000067
112019 X 111993 0.000000
112032 SX 112010 0.999154
112032 SX 112011 0.000278
112032 SX 112007 0.000067
112032 SX 112008 0.000067
112032 RZPI 112032 1.000000
112032 RZ3PI 112033 1.000000
112032 RZPIHalf 112276 1.000000
112032 S 112275 1.000000
112032 X 111994 0.999154
112032 X 112015 0.000278
112032 X 111993 0.000435
112032 X 112032 0.000067
112032 X 112033 0.000067
112033 SX 112008 0.999154
112033 SX 112007 0.000278
112033 SX 112011 0.000067
112033 SX 112010 0.000067
112033 RZPI 112033 1.000000
112033 RZ3PI 112032 1.000000
112033 RZPIHalf 112275 1.000000
112033 S 112276 1.000000
112033 X 112015 0.999154
112033 X 111994 0.000278
112033 X 112033 0.000067
112033 X 112032 0.000067
112033 X 111993 0.000000
112050 SX 112435 0.999154
112050 SX 112436 0.000278
112050 SX 112437 0.000067
112050 SX 112438 0.000067
112050 RZPI 112050 1.000000
112050 RZ3PI 112052 1.000000
112050 RZPIHalf 112008 1.000000
112050 S 112007 1.000000
112050 X 112141 0.999154
112050 X 112139 0.000278
112050 X 112050 0.000067
112050 X 112052 0.000067
112052 SX 112438 0.999154
112052 SX 112437 0.000278
112052 SX 112436 0.000067
112052 SX 112435 0.000067
112052 RZPI 112052 1.000000
112052 RZ3PI 112050 1.000000
112052 RZPIHalf 112007 1.000000
112052 S 112008 1.000000
112052 X 112139 0.999154
112052 X 112141 0.000278
112052 X 112052 0.000067
112052 X 112050 0.000067
112139 SX 112436 0.999154
112139 SX 112435 0.000278
112139 SX 112438 0.000067
112139 SX 112437 0.000067
112139 RZPI 112139 1.000000
112139 RZ3PI 112141 1.000000
112139 RZPIHalf 112011 1.000000
112139 S 112010 1.000000
112139 X 112052 0.999154
112139 X 112050 0.000278
112139 X 112139 0.000067
112139 X 112141 0.000067
112141 SX 112437 0.999154
112141 SX 112438 0.000278
112141 SX 112435 0.000067
112141 SX 112436 0.000067
112141 RZPI 112141 1.000000
112141 RZ3PI 112139 1.000000
112141 RZPIHalf 112010 1.000000
112141 S 112011 1.000000
112141 X 112050 0.999154
112141 X 112052 0.000278
112141 X 112141 0.000067
112141 X 112139 0.000067
112253 SX 112275 0.999154
112253 SX 112276 0.000278
112253 SX 112017 0.000067
112253 SX 112019 0.000067
112253 SX 111993 0.000000
112253 RZPI 112253 1.000000
112253 RZ3PI 112254 1.000000
112253 RZPIHalf 112435 1.000000
112253 S 112436 1.000000
112253 X 112256 0.999154
112253 X 112257 0.000278
112253 X 112253 0.000067
112253 X 112254 0.000067
112254 SX 112019 0.999154
112254 SX 112017 0.000278
112254 SX 111993 0.000435
112254 SX 112276 0.000067
112254 SX 112275 0.000067
112254 RZPI 112254 1.000000
112254 RZ3PI 112253 1.000000
112254 RZPIHalf 112436 1.000000
112254 S 112435 1.000000
112254 X 112257 0.999154
112254 X 112256 0.000278
112254 X 112254 0.000067
112254 X 112253 0.000067
112256 SX 112017 0.999154
112256 SX 112019 0.000278
112256 SX 112275 0.000067
112256 SX 112276 0.000067
112256 SX 111993 0.000000
112256 RZPI 112256 1.000000
112256 RZ3PI 112257 1.000000
112256 RZPIHalf 112438 1.000000
112256 S 112437 1.000000
112256 X 112253 0.999154
112256 X 112254 0.000278
112256 X 112256 0.000067
112256 X 112257 0.000067
112257 SX 112276 0.999154
112257 SX 112275 0.000278
112257 SX 112019 0.000067
112257 SX 112017 0.000067
112257 SX 111993 0.000000
112257 RZPI 112257 1.000000
112257 RZ3PI 112256 1.000000
112257 RZPIHalf 112437 1.000000
112257 S 112438 1.000000
112257 X 112254 0.999154
112257 X 112253 0.000278
112257 X 112257 0.000067
112257 X 112256 0.000067
112275 SX 112256 0.999154
112275 SX 112257 0.000278
112275 SX 112253 0.000067
112275 SX 112254 0.000067
112275 RZPI 112275 1.000000
112275 RZ3PI 112276 1.000000
112275 RZPIHalf 112032 1.000000
112275 S 112033 1.000000
112275 X 112017 0.999154
112275 X 112019 0.000278
112275 X 111993 0.000435
112275 X 112275 0.000067
112275 X 112276 0.000067
112276 SX 112254 0.999154
112276 SX 112253 0.000278
112276 SX 112257 0.000067
112276 SX 112256 0.000067
112276 RZPI 112276 1.000000
112276 RZ3PI 112275 1.000000
112276 RZPIHalf 112033 1.000000
112276 S 112032 1.000000
112276 X 112019 0.999154
112276 X 112017 0.000278
112276 X 111993 0.000435
112276 X 112276 0.000067
112276 X 112275 0.000067
112373 SX 112391 0.999432
112373 SX 111993 0.000568
112373 RZPI 112373 1.000000
112373 RZ3PI 112374 1.000000
112373 RZPIHalf 112956 1.000000
112373 S 112958 1.000000
112373 X 112374 0.999221
112373 X 112373 0.000344
112373 X 111993 0.000435
112374 SX 111993 0.999867
112374 SX 112391 0.000133
112374 RZPI 112374 1.000000
112374 RZ3PI 112373 1.000000
112374 RZPIHalf 112958 1.000000
112374 S 112956 1.000000
112374 X 112373 0.999221
112374 X 112374 0.000344
112374 X 111993 0.000435
112391 SX 112374 0.999221
112391 SX 112373 0.000344
112391 SX 111993 0.000435
112391 RZPI 112391 1.000000
112391 RZ3PI 112391 1.000000
112391 RZPIHalf 112391 1.000000
112391 S 112391 1.000000
112391 X 111993 0.999867
112391 X 112391 0.000133
112435 SX 112141 0.999154
112435 SX 112139 0.000278
112435 SX 112050 0.000067
112435 SX 112052 0.000067
112435 RZPI 112435 1.000000
112435 RZ3PI 112436 1.000000
112435 RZPIHalf 112254 1.000000
112435 S 112253 1.000000
112435 X 112437 0.999154
112435 X 112438 0.000278
112435 X 112435 0.000067
112435 X 112436 0.000067
112436 SX 112052 0.999154
112436 SX 112050 0.000278
112436 SX 112139 0.000067
112436 SX 112141 0.000067
112436 RZPI 112436 1.000000
112436 RZ3PI 112435 1.000000
112436 RZPIHalf 112253 1.000000
112436 S 112254 1.000000
112436 X 112438 0.999154
112436 X 112437 0.000278
112436 X 112436 0.000067
112436 X 112435 0.000067
112437 SX 112050 0.999154
112437 SX 112052 0.000278
112437 SX 112141 0.000067
112437 SX 112139 0.000067
112437 RZPI 112437 1.000000
112437 RZ3PI 112438 1.000000
112437 RZPIHalf 112256 1.000000
112437 S 112257 1.000000
112437 X 112435 0.999154
112437 X 112436 0.000278
112437 X 112437 0.000067
112437 X 112438 0.000067
112438 SX 112139 0.999154
112438 SX 112141 0.000278
112438 SX 112052 0.000067
112438 SX 112050 0.000067
112438 RZPI 112438 1.000000
112438 RZ3PI 112437 1.000000
112438 RZPIHalf 112257 1.000000
112438 S 112256 1.000000
112438 X 112436 0.999154
112438 X 112435 0.000278
112438 X 112438 0.000067
112438 X 112437 0.000067
112956 SX 112956 0.999221
112956 SX 112958 0.000344
112956 SX 111993 0.000435
112956 RZPI 112956 1.000000
112956 RZ3PI 112958 1.000000
112956 RZPIHalf 112374 1.000000
112956 S 112373 1.000000
112956 X 112956 0.999221
112956 X 112958 0.000344
112956 X 111993 0.000435
112958 SX 112958 0.999221
112958 SX 112956 0.000344
112958 SX 111993 0.000435
112958 RZPI 112958 1.000000
112958 RZ3PI 112956 1.000000
112958 RZPIHalf 112373 1.000000
112958 S 112374 1.000000
112958 X 112958 0.999221
112958 X 112956 0.000344
112958 X 111993 0.000435
ENDPOMDP
