BEGINPOMDP
INITIALSTATE: 103713
STATES: 103713,103714,103718,103719,103847,103846,103723,103725,103727,103855,103856,103731,103732,103861,103860,103740,103742,103746,103747,104131,104133,103892,103893,103901,103785,103786,103795,103796,103800,103801
REWARDS: 103713:0,103714:0,103718:0,103719:0,103847:0,103846:0,103723:0,103725:0,103727:0,103855:0,103856:0,103731:0,103732:1,103861:0,103860:0,103740:0,103742:0,103746:0,103747:0,104131:0,104133:0,103892:0,103893:0,103901:0,103785:0,103786:0,103795:0,103796:0,103800:0,103801:0
GAMMA: 103713:0,103714:0,103718:0,103719:0,103847:0,103846:0,103723:0,103725:0,103727:0,103855:0,103856:0,103731:0,103732:0,103861:0,103860:0,103740:0,103742:0,103746:0,103747:0,104131:0,104133:0,103892:0,103893:0,103901:0,103785:0,103786:0,103795:0,103796:0,103800:0,103801:0
BEGINACTIONS
SX
RZPI
RZ3PI
RZPIHalf
S
X
ENDACTIONS
103713 INIT_ 103714 1.000000
103713 SX 103892 0.998676
103713 SX 103893 0.000925
103713 SX 103713 0.000399
103713 RZPI 103713 1.000000
103713 RZ3PI 103713 1.000000
103713 RZPIHalf 103713 1.000000
103713 S 103713 1.000000
103713 X 103901 0.999601
103713 X 103713 0.000399
103714 SX 103718 0.998676
103714 SX 103719 0.000925
103714 RZPI 103714 1.000000
103714 RZ3PI 103723 1.000000
103714 RZPIHalf 103725 1.000000
103714 S 103727 1.000000
103714 X 103731 0.998676
103714 X 103732 0.000925
103718 SX 103731 0.998676
103718 SX 103732 0.000925
103718 RZPI 103718 1.000000
103718 RZ3PI 103719 1.000000
103718 RZPIHalf 103740 1.000000
103718 S 103742 1.000000
103718 X 103746 0.998676
103718 X 103747 0.000925
103719 SX 103723 0.998676
103719 SX 103714 0.000925
103719 SX 103713 0.000399
103719 RZPI 103719 1.000000
103719 RZ3PI 103718 1.000000
103719 RZPIHalf 103742 1.000000
103719 S 103740 1.000000
103719 X 103747 0.998676
103719 X 103746 0.000925
103723 SX 103747 0.998676
103723 SX 103746 0.000925
103723 RZPI 103723 1.000000
103723 RZ3PI 103714 1.000000
103723 RZPIHalf 103727 1.000000
103723 S 103725 1.000000
103723 X 103732 0.998676
103723 X 103731 0.000925
103723 X 103713 0.000399
103725 SX 103785 0.998676
103725 SX 103786 0.000925
103725 RZPI 103725 1.000000
103725 RZ3PI 103727 1.000000
103725 RZPIHalf 103723 1.000000
103725 S 103714 1.000000
103725 X 103795 0.998676
103725 X 103796 0.000925
103725 X 103713 0.000399
103727 SX 103800 0.998676
103727 SX 103801 0.000925
103727 RZPI 103727 1.000000
103727 RZ3PI 103725 1.000000
103727 RZPIHalf 103714 1.000000
103727 S 103723 1.000000
103727 X 103796 0.998676
103727 X 103795 0.000925
103727 X 103713 0.000399
103731 SX 103746 0.998676
103731 SX 103747 0.000925
103731 RZPI 103731 1.000000
103731 RZ3PI 103732 1.000000
103731 RZPIHalf 103796 1.000000
103731 S 103795 1.000000
103731 X 103714 0.998676
103731 X 103723 0.000925
103731 X 103713 0.000399
103732 SX 103719 0.998676
103732 SX 103718 0.000925
103732 RZPI 103732 1.000000
103732 RZ3PI 103731 1.000000
103732 RZPIHalf 103795 1.000000
103732 S 103796 1.000000
103732 X 103723 0.998676
103732 X 103714 0.000925
103740 SX 103846 0.998676
103740 SX 103847 0.000925
103740 RZPI 103740 1.000000
103740 RZ3PI 103742 1.000000
103740 RZPIHalf 103719 1.000000
103740 S 103718 1.000000
103740 X 103855 0.998676
103740 X 103856 0.000925
103742 SX 103860 0.998676
103742 SX 103861 0.000925
103742 RZPI 103742 1.000000
103742 RZ3PI 103740 1.000000
103742 RZPIHalf 103718 1.000000
103742 S 103719 1.000000
103742 X 103856 0.998676
103742 X 103855 0.000925
103746 SX 103714 0.998676
103746 SX 103723 0.000925
103746 RZPI 103746 1.000000
103746 RZ3PI 103747 1.000000
103746 RZPIHalf 103856 1.000000
103746 S 103855 1.000000
103746 X 103718 0.998676
103746 X 103719 0.000925
103747 SX 103732 0.998676
103747 SX 103731 0.000925
103747 SX 103713 0.000399
103747 RZPI 103747 1.000000
103747 RZ3PI 103746 1.000000
103747 RZPIHalf 103855 1.000000
103747 S 103856 1.000000
103747 X 103719 0.998676
103747 X 103718 0.000925
103785 SX 103795 0.998676
103785 SX 103796 0.000925
103785 SX 103713 0.000399
103785 RZPI 103785 1.000000
103785 RZ3PI 103786 1.000000
103785 RZPIHalf 103846 1.000000
103785 S 103847 1.000000
103785 X 103801 0.998676
103785 X 103800 0.000925
103786 SX 103727 0.998676
103786 SX 103725 0.000925
103786 RZPI 103786 1.000000
103786 RZ3PI 103785 1.000000
103786 RZPIHalf 103847 1.000000
103786 S 103846 1.000000
103786 X 103800 0.998676
103786 X 103801 0.000925
103795 SX 103801 0.998676
103795 SX 103800 0.000925
103795 RZPI 103795 1.000000
103795 RZ3PI 103796 1.000000
103795 RZPIHalf 103731 1.000000
103795 S 103732 1.000000
103795 X 103725 0.998676
103795 X 103727 0.000925
103795 X 103713 0.000399
103796 SX 103786 0.998676
103796 SX 103785 0.000925
103796 RZPI 103796 1.000000
103796 RZ3PI 103795 1.000000
103796 RZPIHalf 103732 1.000000
103796 S 103731 1.000000
103796 X 103727 0.998676
103796 X 103725 0.000925
103796 X 103713 0.000399
103800 SX 103796 0.998676
103800 SX 103795 0.000925
103800 RZPI 103800 1.000000
103800 RZ3PI 103801 1.000000
103800 RZPIHalf 103861 1.000000
103800 S 103860 1.000000
103800 X 103786 0.998676
103800 X 103785 0.000925
103801 SX 103725 0.998676
103801 SX 103727 0.000925
103801 SX 103713 0.000399
103801 RZPI 103801 1.000000
103801 RZ3PI 103800 1.000000
103801 RZPIHalf 103860 1.000000
103801 S 103861 1.000000
103801 X 103785 0.998676
103801 X 103786 0.000925
103846 SX 103855 0.998676
103846 SX 103856 0.000925
103846 RZPI 103846 1.000000
103846 RZ3PI 103847 1.000000
103846 RZPIHalf 103786 1.000000
103846 S 103785 1.000000
103846 X 103861 0.998676
103846 X 103860 0.000925
103847 SX 103742 0.998676
103847 SX 103740 0.000925
103847 RZPI 103847 1.000000
103847 RZ3PI 103846 1.000000
103847 RZPIHalf 103785 1.000000
103847 S 103786 1.000000
103847 X 103860 0.998676
103847 X 103861 0.000925
103855 SX 103861 0.998676
103855 SX 103860 0.000925
103855 RZPI 103855 1.000000
103855 RZ3PI 103856 1.000000
103855 RZPIHalf 103746 1.000000
103855 S 103747 1.000000
103855 X 103740 0.998676
103855 X 103742 0.000925
103856 SX 103847 0.998676
103856 SX 103846 0.000925
103856 RZPI 103856 1.000000
103856 RZ3PI 103855 1.000000
103856 RZPIHalf 103747 1.000000
103856 S 103746 1.000000
103856 X 103742 0.998676
103856 X 103740 0.000925
103860 SX 103856 0.998676
103860 SX 103855 0.000925
103860 RZPI 103860 1.000000
103860 RZ3PI 103861 1.000000
103860 RZPIHalf 103800 1.000000
103860 S 103801 1.000000
103860 X 103847 0.998676
103860 X 103846 0.000925
103861 SX 103740 0.998676
103861 SX 103742 0.000925
103861 RZPI 103861 1.000000
103861 RZ3PI 103860 1.000000
103861 RZPIHalf 103801 1.000000
103861 S 103800 1.000000
103861 X 103846 0.998676
103861 X 103847 0.000925
103892 SX 103901 0.999601
103892 SX 103713 0.000399
103892 RZPI 103892 1.000000
103892 RZ3PI 103893 1.000000
103892 RZPIHalf 104131 1.000000
103892 S 104133 1.000000
103892 X 103893 0.998676
103892 X 103892 0.000925
103892 X 103713 0.000399
103893 SX 103713 1.000000
103893 RZPI 103893 1.000000
103893 RZ3PI 103892 1.000000
103893 RZPIHalf 104133 1.000000
103893 S 104131 1.000000
103893 X 103892 0.998676
103893 X 103893 0.000925
103893 X 103713 0.000399
103901 SX 103893 0.998676
103901 SX 103892 0.000925
103901 SX 103713 0.000399
103901 RZPI 103901 1.000000
103901 RZ3PI 103901 1.000000
103901 RZPIHalf 103901 1.000000
103901 S 103901 1.000000
103901 X 103713 1.000000
104131 SX 104131 0.998676
104131 SX 104133 0.000925
104131 SX 103713 0.000399
104131 RZPI 104131 1.000000
104131 RZ3PI 104133 1.000000
104131 RZPIHalf 103893 1.000000
104131 S 103892 1.000000
104131 X 104131 0.998676
104131 X 104133 0.000925
104131 X 103713 0.000399
104133 SX 104133 0.998676
104133 SX 104131 0.000925
104133 SX 103713 0.000399
104133 RZPI 104133 1.000000
104133 RZ3PI 104131 1.000000
104133 RZPIHalf 103892 1.000000
104133 S 103893 1.000000
104133 X 104133 0.998676
104133 X 104131 0.000925
104133 X 103713 0.000399
ENDPOMDP
