BEGINPOMDP
INITIALSTATE: 110253
STATES: 110482,110483,110485,110486,110504,110505,110633,110634,110253,110254,110267,110268,110651,110270,110399,110271,110401,110274,110276,110278,110664,110665,110666,110667,110291,110292,110309,110311,111216,111218
REWARDS: 110482:0,110483:0,110485:0,110486:0,110504:0,110505:0,110633:0,110634:0,110253:0,110254:0,110267:0,110268:0,110651:0,110270:0,110399:0,110271:0,110401:0,110274:0,110276:0,110278:0,110664:0,110665:0,110666:0,110667:0,110291:0,110292:1,110309:0,110311:0,111216:0,111218:0
GAMMA: 110482:0,110483:0,110485:0,110486:0,110504:0,110505:0,110633:0,110634:0,110253:0,110254:0,110267:0,110268:0,110651:0,110270:0,110399:0,110271:0,110401:0,110274:0,110276:0,110278:0,110664:0,110665:0,110666:0,110667:0,110291:0,110292:0,110309:0,110311:0,111216:0,111218:0
BEGINACTIONS
SX
RZPI
RZ3PI
RZPIHalf
S
X
ENDACTIONS
110253 INIT_ 110254 1.000000
110253 SX 110633 0.999193
110253 SX 110634 0.000514
110253 SX 110253 0.000293
110253 RZPI 110253 1.000000
110253 RZ3PI 110253 1.000000
110253 RZPIHalf 110253 1.000000
110253 S 110253 1.000000
110253 X 110651 0.999429
110253 X 110253 0.000571
110254 SX 110267 0.999054
110254 SX 110268 0.000375
110254 SX 110270 0.000139
110254 SX 110271 0.000139
110254 RZPI 110254 1.000000
110254 RZ3PI 110274 1.000000
110254 RZPIHalf 110276 1.000000
110254 S 110278 1.000000
110254 X 110291 0.999054
110254 X 110292 0.000375
110254 X 110254 0.000139
110254 X 110274 0.000139
110254 X 110253 0.000000
110267 SX 110291 0.999054
110267 SX 110292 0.000375
110267 SX 110254 0.000139
110267 SX 110274 0.000139
110267 RZPI 110267 1.000000
110267 RZ3PI 110268 1.000000
110267 RZPIHalf 110309 1.000000
110267 S 110311 1.000000
110267 X 110270 0.999054
110267 X 110271 0.000375
110267 X 110267 0.000139
110267 X 110268 0.000139
110268 SX 110274 0.999054
110268 SX 110254 0.000375
110268 SX 110292 0.000139
110268 SX 110291 0.000139
110268 SX 110253 0.000000
110268 RZPI 110268 1.000000
110268 RZ3PI 110267 1.000000
110268 RZPIHalf 110311 1.000000
110268 S 110309 1.000000
110268 X 110271 0.999054
110268 X 110270 0.000375
110268 X 110268 0.000139
110268 X 110267 0.000139
110270 SX 110254 0.999054
110270 SX 110274 0.000375
110270 SX 110291 0.000139
110270 SX 110292 0.000139
110270 RZPI 110270 1.000000
110270 RZ3PI 110271 1.000000
110270 RZPIHalf 110399 1.000000
110270 S 110401 1.000000
110270 X 110267 0.999054
110270 X 110268 0.000375
110270 X 110270 0.000139
110270 X 110271 0.000139
110271 SX 110292 0.999054
110271 SX 110291 0.000375
110271 SX 110274 0.000139
110271 SX 110254 0.000139
110271 RZPI 110271 1.000000
110271 RZ3PI 110270 1.000000
110271 RZPIHalf 110401 1.000000
110271 S 110399 1.000000
110271 X 110268 0.999054
110271 X 110267 0.000375
110271 X 110271 0.000139
110271 X 110270 0.000139
110274 SX 110271 0.999054
110274 SX 110270 0.000375
110274 SX 110268 0.000139
110274 SX 110267 0.000139
110274 RZPI 110274 1.000000
110274 RZ3PI 110254 1.000000
110274 RZPIHalf 110278 1.000000
110274 S 110276 1.000000
110274 X 110292 0.999054
110274 X 110291 0.000375
110274 X 110274 0.000139
110274 X 110254 0.000139
110274 X 110253 0.000000
110276 SX 110482 0.999054
110276 SX 110483 0.000375
110276 SX 110485 0.000139
110276 SX 110486 0.000139
110276 RZPI 110276 1.000000
110276 RZ3PI 110278 1.000000
110276 RZPIHalf 110274 1.000000
110276 S 110254 1.000000
110276 X 110504 0.999054
110276 X 110505 0.000375
110276 X 110276 0.000139
110276 X 110278 0.000139
110276 X 110253 0.000000
110278 SX 110486 0.999054
110278 SX 110485 0.000375
110278 SX 110483 0.000139
110278 SX 110482 0.000139
110278 RZPI 110278 1.000000
110278 RZ3PI 110276 1.000000
110278 RZPIHalf 110254 1.000000
110278 S 110274 1.000000
110278 X 110505 0.999054
110278 X 110504 0.000375
110278 X 110278 0.000139
110278 X 110276 0.000139
110278 X 110253 0.000000
110291 SX 110270 0.999054
110291 SX 110271 0.000375
110291 SX 110267 0.000139
110291 SX 110268 0.000139
110291 RZPI 110291 1.000000
110291 RZ3PI 110292 1.000000
110291 RZPIHalf 110505 1.000000
110291 S 110504 1.000000
110291 X 110254 0.999054
110291 X 110274 0.000375
110291 X 110253 0.000293
110291 X 110291 0.000139
110291 X 110292 0.000139
110292 SX 110268 0.999054
110292 SX 110267 0.000375
110292 SX 110271 0.000139
110292 SX 110270 0.000139
110292 RZPI 110292 1.000000
110292 RZ3PI 110291 1.000000
110292 RZPIHalf 110504 1.000000
110292 S 110505 1.000000
110292 X 110274 0.999054
110292 X 110254 0.000375
110292 X 110292 0.000139
110292 X 110291 0.000139
110292 X 110253 0.000000
110309 SX 110664 0.999054
110309 SX 110665 0.000375
110309 SX 110666 0.000139
110309 SX 110667 0.000139
110309 RZPI 110309 1.000000
110309 RZ3PI 110311 1.000000
110309 RZPIHalf 110268 1.000000
110309 S 110267 1.000000
110309 X 110401 0.999054
110309 X 110399 0.000375
110309 X 110309 0.000139
110309 X 110311 0.000139
110311 SX 110667 0.999054
110311 SX 110666 0.000375
110311 SX 110665 0.000139
110311 SX 110664 0.000139
110311 RZPI 110311 1.000000
110311 RZ3PI 110309 1.000000
110311 RZPIHalf 110267 1.000000
110311 S 110268 1.000000
110311 X 110399 0.999054
110311 X 110401 0.000375
110311 X 110311 0.000139
110311 X 110309 0.000139
110399 SX 110665 0.999054
110399 SX 110664 0.000375
110399 SX 110667 0.000139
110399 SX 110666 0.000139
110399 RZPI 110399 1.000000
110399 RZ3PI 110401 1.000000
110399 RZPIHalf 110271 1.000000
110399 S 110270 1.000000
110399 X 110311 0.999054
110399 X 110309 0.000375
110399 X 110399 0.000139
110399 X 110401 0.000139
110401 SX 110666 0.999054
110401 SX 110667 0.000375
110401 SX 110664 0.000139
110401 SX 110665 0.000139
110401 RZPI 110401 1.000000
110401 RZ3PI 110399 1.000000
110401 RZPIHalf 110270 1.000000
110401 S 110271 1.000000
110401 X 110309 0.999054
110401 X 110311 0.000375
110401 X 110401 0.000139
110401 X 110399 0.000139
110482 SX 110504 0.999054
110482 SX 110505 0.000375
110482 SX 110253 0.000293
110482 SX 110276 0.000139
110482 SX 110278 0.000139
110482 RZPI 110482 1.000000
110482 RZ3PI 110483 1.000000
110482 RZPIHalf 110664 1.000000
110482 S 110665 1.000000
110482 X 110485 0.999054
110482 X 110486 0.000375
110482 X 110482 0.000139
110482 X 110483 0.000139
110483 SX 110278 0.999054
110483 SX 110276 0.000375
110483 SX 110505 0.000139
110483 SX 110504 0.000139
110483 SX 110253 0.000000
110483 RZPI 110483 1.000000
110483 RZ3PI 110482 1.000000
110483 RZPIHalf 110665 1.000000
110483 S 110664 1.000000
110483 X 110486 0.999054
110483 X 110485 0.000375
110483 X 110483 0.000139
110483 X 110482 0.000139
110485 SX 110276 0.999054
110485 SX 110278 0.000375
110485 SX 110504 0.000139
110485 SX 110505 0.000139
110485 SX 110253 0.000000
110485 RZPI 110485 1.000000
110485 RZ3PI 110486 1.000000
110485 RZPIHalf 110667 1.000000
110485 S 110666 1.000000
110485 X 110482 0.999054
110485 X 110483 0.000375
110485 X 110485 0.000139
110485 X 110486 0.000139
110486 SX 110505 0.999054
110486 SX 110504 0.000375
110486 SX 110278 0.000139
110486 SX 110276 0.000139
110486 SX 110253 0.000000
110486 RZPI 110486 1.000000
110486 RZ3PI 110485 1.000000
110486 RZPIHalf 110666 1.000000
110486 S 110667 1.000000
110486 X 110483 0.999054
110486 X 110482 0.000375
110486 X 110486 0.000139
110486 X 110485 0.000139
110504 SX 110485 0.999054
110504 SX 110486 0.000375
110504 SX 110482 0.000139
110504 SX 110483 0.000139
110504 RZPI 110504 1.000000
110504 RZ3PI 110505 1.000000
110504 RZPIHalf 110291 1.000000
110504 S 110292 1.000000
110504 X 110276 0.999054
110504 X 110278 0.000375
110504 X 110504 0.000139
110504 X 110505 0.000139
110504 X 110253 0.000000
110505 SX 110483 0.999054
110505 SX 110482 0.000375
110505 SX 110486 0.000139
110505 SX 110485 0.000139
110505 RZPI 110505 1.000000
110505 RZ3PI 110504 1.000000
110505 RZPIHalf 110292 1.000000
110505 S 110291 1.000000
110505 X 110278 0.999054
110505 X 110276 0.000375
110505 X 110505 0.000139
110505 X 110504 0.000139
110505 X 110253 0.000000
110633 SX 110651 0.999429
110633 SX 110253 0.000571
110633 RZPI 110633 1.000000
110633 RZ3PI 110634 1.000000
110633 RZPIHalf 111216 1.000000
110633 S 111218 1.000000
110633 X 110634 0.999193
110633 X 110633 0.000514
110633 X 110253 0.000293
110634 SX 110253 0.999722
110634 SX 110651 0.000278
110634 RZPI 110634 1.000000
110634 RZ3PI 110633 1.000000
110634 RZPIHalf 111218 1.000000
110634 S 111216 1.000000
110634 X 110633 0.999193
110634 X 110634 0.000514
110634 X 110253 0.000293
110651 SX 110634 0.999193
110651 SX 110633 0.000514
110651 SX 110253 0.000293
110651 RZPI 110651 1.000000
110651 RZ3PI 110651 1.000000
110651 RZPIHalf 110651 1.000000
110651 S 110651 1.000000
110651 X 110253 0.999722
110651 X 110651 0.000278
110664 SX 110401 0.999054
110664 SX 110399 0.000375
110664 SX 110309 0.000139
110664 SX 110311 0.000139
110664 RZPI 110664 1.000000
110664 RZ3PI 110665 1.000000
110664 RZPIHalf 110483 1.000000
110664 S 110482 1.000000
110664 X 110666 0.999054
110664 X 110667 0.000375
110664 X 110664 0.000139
110664 X 110665 0.000139
110665 SX 110311 0.999054
110665 SX 110309 0.000375
110665 SX 110399 0.000139
110665 SX 110401 0.000139
110665 RZPI 110665 1.000000
110665 RZ3PI 110664 1.000000
110665 RZPIHalf 110482 1.000000
110665 S 110483 1.000000
110665 X 110667 0.999054
110665 X 110666 0.000375
110665 X 110665 0.000139
110665 X 110664 0.000139
110666 SX 110309 0.999054
110666 SX 110311 0.000375
110666 SX 110401 0.000139
110666 SX 110399 0.000139
110666 RZPI 110666 1.000000
110666 RZ3PI 110667 1.000000
110666 RZPIHalf 110485 1.000000
110666 S 110486 1.000000
110666 X 110664 0.999054
110666 X 110665 0.000375
110666 X 110666 0.000139
110666 X 110667 0.000139
110667 SX 110399 0.999054
110667 SX 110401 0.000375
110667 SX 110311 0.000139
110667 SX 110309 0.000139
110667 RZPI 110667 1.000000
110667 RZ3PI 110666 1.000000
110667 RZPIHalf 110486 1.000000
110667 S 110485 1.000000
110667 X 110665 0.999054
110667 X 110664 0.000375
110667 X 110667 0.000139
110667 X 110666 0.000139
111216 SX 111216 0.999193
111216 SX 111218 0.000514
111216 SX 110253 0.000293
111216 RZPI 111216 1.000000
111216 RZ3PI 111218 1.000000
111216 RZPIHalf 110634 1.000000
111216 S 110633 1.000000
111216 X 111216 0.999193
111216 X 111218 0.000514
111216 X 110253 0.000293
111218 SX 111218 0.999193
111218 SX 111216 0.000514
111218 SX 110253 0.000293
111218 RZPI 111218 1.000000
111218 RZ3PI 111216 1.000000
111218 RZPIHalf 110633 1.000000
111218 S 110634 1.000000
111218 X 111218 0.999193
111218 X 111216 0.000514
111218 X 110253 0.000293
ENDPOMDP
