BEGINPOMDP
INITIALSTATE: 1196463
STATES: 1196843,1196844,1196463,1196464,1196723,1196724,1196726,1196727,1196477,1196478,1196861,1196480,1196481,1196609,1196611,1196485,1196487,1196745,1196746,1196489,1196874,1196875,1196876,1196877,1196502,1196503,1196519,1196521,1197426,1197428
REWARDS: 1196843:0,1196844:0,1196463:0,1196464:0,1196723:0,1196724:0,1196726:0,1196727:0,1196477:0,1196478:0,1196861:0,1196480:0,1196481:0,1196609:0,1196611:0,1196485:0,1196487:0,1196745:0,1196746:0,1196489:0,1196874:0,1196875:0,1196876:0,1196877:0,1196502:0,1196503:1,1196519:0,1196521:0,1197426:0,1197428:0
GAMMA: 1196843:0,1196844:0,1196463:0,1196464:0,1196723:0,1196724:0,1196726:0,1196727:0,1196477:0,1196478:0,1196861:0,1196480:0,1196481:0,1196609:0,1196611:0,1196485:0,1196487:0,1196745:0,1196746:0,1196489:0,1196874:0,1196875:0,1196876:0,1196877:0,1196502:0,1196503:0,1196519:0,1196521:0,1197426:0,1197428:0
BEGINACTIONS
SX
RZPI
RZ3PI
RZPIHalf
S
X
ENDACTIONS
1196463 INIT_ 1196464 1.000000
1196463 SX 1196843 0.999562
1196463 SX 1196844 0.000099
1196463 SX 1196463 0.000339
1196463 RZPI 1196463 1.000000
1196463 RZ3PI 1196463 1.000000
1196463 RZPIHalf 1196463 1.000000
1196463 S 1196463 1.000000
1196463 X 1196861 0.999581
1196463 X 1196463 0.000419
1196464 SX 1196477 0.999522
1196464 SX 1196478 0.000059
1196464 SX 1196480 0.000040
1196464 SX 1196481 0.000040
1196464 RZPI 1196464 1.000000
1196464 RZ3PI 1196485 1.000000
1196464 RZPIHalf 1196487 1.000000
1196464 S 1196489 1.000000
1196464 X 1196502 0.999522
1196464 X 1196503 0.000059
1196464 X 1196463 0.000339
1196464 X 1196464 0.000040
1196464 X 1196485 0.000040
1196477 SX 1196502 0.999522
1196477 SX 1196503 0.000059
1196477 SX 1196463 0.000339
1196477 SX 1196464 0.000040
1196477 SX 1196485 0.000040
1196477 RZPI 1196477 1.000000
1196477 RZ3PI 1196478 1.000000
1196477 RZPIHalf 1196519 1.000000
1196477 S 1196521 1.000000
1196477 X 1196480 0.999522
1196477 X 1196481 0.000059
1196477 X 1196477 0.000040
1196477 X 1196478 0.000040
1196478 SX 1196485 0.999522
1196478 SX 1196464 0.000059
1196478 SX 1196503 0.000040
1196478 SX 1196502 0.000040
1196478 SX 1196463 0.000000
1196478 RZPI 1196478 1.000000
1196478 RZ3PI 1196477 1.000000
1196478 RZPIHalf 1196521 1.000000
1196478 S 1196519 1.000000
1196478 X 1196481 0.999522
1196478 X 1196480 0.000059
1196478 X 1196478 0.000040
1196478 X 1196477 0.000040
1196480 SX 1196464 0.999522
1196480 SX 1196485 0.000059
1196480 SX 1196463 0.000339
1196480 SX 1196502 0.000040
1196480 SX 1196503 0.000040
1196480 RZPI 1196480 1.000000
1196480 RZ3PI 1196481 1.000000
1196480 RZPIHalf 1196609 1.000000
1196480 S 1196611 1.000000
1196480 X 1196477 0.999522
1196480 X 1196478 0.000059
1196480 X 1196480 0.000040
1196480 X 1196481 0.000040
1196481 SX 1196503 0.999522
1196481 SX 1196502 0.000059
1196481 SX 1196485 0.000040
1196481 SX 1196464 0.000040
1196481 SX 1196463 0.000000
1196481 RZPI 1196481 1.000000
1196481 RZ3PI 1196480 1.000000
1196481 RZPIHalf 1196611 1.000000
1196481 S 1196609 1.000000
1196481 X 1196478 0.999522
1196481 X 1196477 0.000059
1196481 X 1196481 0.000040
1196481 X 1196480 0.000040
1196485 SX 1196481 0.999522
1196485 SX 1196480 0.000059
1196485 SX 1196478 0.000040
1196485 SX 1196477 0.000040
1196485 RZPI 1196485 1.000000
1196485 RZ3PI 1196464 1.000000
1196485 RZPIHalf 1196489 1.000000
1196485 S 1196487 1.000000
1196485 X 1196503 0.999522
1196485 X 1196502 0.000059
1196485 X 1196485 0.000040
1196485 X 1196464 0.000040
1196485 X 1196463 0.000000
1196487 SX 1196723 0.999522
1196487 SX 1196724 0.000059
1196487 SX 1196726 0.000040
1196487 SX 1196727 0.000040
1196487 RZPI 1196487 1.000000
1196487 RZ3PI 1196489 1.000000
1196487 RZPIHalf 1196485 1.000000
1196487 S 1196464 1.000000
1196487 X 1196745 0.999522
1196487 X 1196746 0.000059
1196487 X 1196463 0.000339
1196487 X 1196487 0.000040
1196487 X 1196489 0.000040
1196489 SX 1196727 0.999522
1196489 SX 1196726 0.000059
1196489 SX 1196724 0.000040
1196489 SX 1196723 0.000040
1196489 RZPI 1196489 1.000000
1196489 RZ3PI 1196487 1.000000
1196489 RZPIHalf 1196464 1.000000
1196489 S 1196485 1.000000
1196489 X 1196746 0.999522
1196489 X 1196745 0.000059
1196489 X 1196463 0.000339
1196489 X 1196489 0.000040
1196489 X 1196487 0.000040
1196502 SX 1196480 0.999522
1196502 SX 1196481 0.000059
1196502 SX 1196477 0.000040
1196502 SX 1196478 0.000040
1196502 RZPI 1196502 1.000000
1196502 RZ3PI 1196503 1.000000
1196502 RZPIHalf 1196746 1.000000
1196502 S 1196745 1.000000
1196502 X 1196464 0.999522
1196502 X 1196485 0.000059
1196502 X 1196463 0.000339
1196502 X 1196502 0.000040
1196502 X 1196503 0.000040
1196503 SX 1196478 0.999522
1196503 SX 1196477 0.000059
1196503 SX 1196481 0.000040
1196503 SX 1196480 0.000040
1196503 RZPI 1196503 1.000000
1196503 RZ3PI 1196502 1.000000
1196503 RZPIHalf 1196745 1.000000
1196503 S 1196746 1.000000
1196503 X 1196485 0.999522
1196503 X 1196464 0.000059
1196503 X 1196463 0.000339
1196503 X 1196503 0.000040
1196503 X 1196502 0.000040
1196519 SX 1196874 0.999522
1196519 SX 1196875 0.000059
1196519 SX 1196876 0.000040
1196519 SX 1196877 0.000040
1196519 RZPI 1196519 1.000000
1196519 RZ3PI 1196521 1.000000
1196519 RZPIHalf 1196478 1.000000
1196519 S 1196477 1.000000
1196519 X 1196611 0.999522
1196519 X 1196609 0.000059
1196519 X 1196519 0.000040
1196519 X 1196521 0.000040
1196521 SX 1196877 0.999522
1196521 SX 1196876 0.000059
1196521 SX 1196875 0.000040
1196521 SX 1196874 0.000040
1196521 RZPI 1196521 1.000000
1196521 RZ3PI 1196519 1.000000
1196521 RZPIHalf 1196477 1.000000
1196521 S 1196478 1.000000
1196521 X 1196609 0.999522
1196521 X 1196611 0.000059
1196521 X 1196521 0.000040
1196521 X 1196519 0.000040
1196609 SX 1196875 0.999522
1196609 SX 1196874 0.000059
1196609 SX 1196877 0.000040
1196609 SX 1196876 0.000040
1196609 RZPI 1196609 1.000000
1196609 RZ3PI 1196611 1.000000
1196609 RZPIHalf 1196481 1.000000
1196609 S 1196480 1.000000
1196609 X 1196521 0.999522
1196609 X 1196519 0.000059
1196609 X 1196609 0.000040
1196609 X 1196611 0.000040
1196611 SX 1196876 0.999522
1196611 SX 1196877 0.000059
1196611 SX 1196874 0.000040
1196611 SX 1196875 0.000040
1196611 RZPI 1196611 1.000000
1196611 RZ3PI 1196609 1.000000
1196611 RZPIHalf 1196480 1.000000
1196611 S 1196481 1.000000
1196611 X 1196519 0.999522
1196611 X 1196521 0.000059
1196611 X 1196611 0.000040
1196611 X 1196609 0.000040
1196723 SX 1196745 0.999522
1196723 SX 1196746 0.000059
1196723 SX 1196463 0.000339
1196723 SX 1196487 0.000040
1196723 SX 1196489 0.000040
1196723 RZPI 1196723 1.000000
1196723 RZ3PI 1196724 1.000000
1196723 RZPIHalf 1196874 1.000000
1196723 S 1196875 1.000000
1196723 X 1196726 0.999522
1196723 X 1196727 0.000059
1196723 X 1196723 0.000040
1196723 X 1196724 0.000040
1196724 SX 1196489 0.999522
1196724 SX 1196487 0.000059
1196724 SX 1196463 0.000339
1196724 SX 1196746 0.000040
1196724 SX 1196745 0.000040
1196724 RZPI 1196724 1.000000
1196724 RZ3PI 1196723 1.000000
1196724 RZPIHalf 1196875 1.000000
1196724 S 1196874 1.000000
1196724 X 1196727 0.999522
1196724 X 1196726 0.000059
1196724 X 1196724 0.000040
1196724 X 1196723 0.000040
1196726 SX 1196487 0.999522
1196726 SX 1196489 0.000059
1196726 SX 1196745 0.000040
1196726 SX 1196746 0.000040
1196726 SX 1196463 0.000000
1196726 RZPI 1196726 1.000000
1196726 RZ3PI 1196727 1.000000
1196726 RZPIHalf 1196877 1.000000
1196726 S 1196876 1.000000
1196726 X 1196723 0.999522
1196726 X 1196724 0.000059
1196726 X 1196726 0.000040
1196726 X 1196727 0.000040
1196727 SX 1196746 0.999522
1196727 SX 1196745 0.000059
1196727 SX 1196463 0.000339
1196727 SX 1196489 0.000040
1196727 SX 1196487 0.000040
1196727 RZPI 1196727 1.000000
1196727 RZ3PI 1196726 1.000000
1196727 RZPIHalf 1196876 1.000000
1196727 S 1196877 1.000000
1196727 X 1196724 0.999522
1196727 X 1196723 0.000059
1196727 X 1196727 0.000040
1196727 X 1196726 0.000040
1196745 SX 1196726 0.999522
1196745 SX 1196727 0.000059
1196745 SX 1196723 0.000040
1196745 SX 1196724 0.000040
1196745 RZPI 1196745 1.000000
1196745 RZ3PI 1196746 1.000000
1196745 RZPIHalf 1196502 1.000000
1196745 S 1196503 1.000000
1196745 X 1196487 0.999522
1196745 X 1196489 0.000059
1196745 X 1196463 0.000339
1196745 X 1196745 0.000040
1196745 X 1196746 0.000040
1196746 SX 1196724 0.999522
1196746 SX 1196723 0.000059
1196746 SX 1196727 0.000040
1196746 SX 1196726 0.000040
1196746 RZPI 1196746 1.000000
1196746 RZ3PI 1196745 1.000000
1196746 RZPIHalf 1196503 1.000000
1196746 S 1196502 1.000000
1196746 X 1196489 0.999522
1196746 X 1196487 0.000059
1196746 X 1196746 0.000040
1196746 X 1196745 0.000040
1196746 X 1196463 0.000000
1196843 SX 1196861 0.999581
1196843 SX 1196463 0.000419
1196843 RZPI 1196843 1.000000
1196843 RZ3PI 1196844 1.000000
1196843 RZPIHalf 1197426 1.000000
1196843 S 1197428 1.000000
1196843 X 1196844 0.999562
1196843 X 1196843 0.000099
1196843 X 1196463 0.000339
1196844 SX 1196463 0.999919
1196844 SX 1196861 0.000081
1196844 RZPI 1196844 1.000000
1196844 RZ3PI 1196843 1.000000
1196844 RZPIHalf 1197428 1.000000
1196844 S 1197426 1.000000
1196844 X 1196843 0.999562
1196844 X 1196844 0.000099
1196844 X 1196463 0.000339
1196861 SX 1196844 0.999562
1196861 SX 1196843 0.000099
1196861 SX 1196463 0.000339
1196861 RZPI 1196861 1.000000
1196861 RZ3PI 1196861 1.000000
1196861 RZPIHalf 1196861 1.000000
1196861 S 1196861 1.000000
1196861 X 1196463 0.999919
1196861 X 1196861 0.000081
1196874 SX 1196611 0.999522
1196874 SX 1196609 0.000059
1196874 SX 1196519 0.000040
1196874 SX 1196521 0.000040
1196874 RZPI 1196874 1.000000
1196874 RZ3PI 1196875 1.000000
1196874 RZPIHalf 1196724 1.000000
1196874 S 1196723 1.000000
1196874 X 1196876 0.999522
1196874 X 1196877 0.000059
1196874 X 1196874 0.000040
1196874 X 1196875 0.000040
1196875 SX 1196521 0.999522
1196875 SX 1196519 0.000059
1196875 SX 1196609 0.000040
1196875 SX 1196611 0.000040
1196875 RZPI 1196875 1.000000
1196875 RZ3PI 1196874 1.000000
1196875 RZPIHalf 1196723 1.000000
1196875 S 1196724 1.000000
1196875 X 1196877 0.999522
1196875 X 1196876 0.000059
1196875 X 1196875 0.000040
1196875 X 1196874 0.000040
1196876 SX 1196519 0.999522
1196876 SX 1196521 0.000059
1196876 SX 1196611 0.000040
1196876 SX 1196609 0.000040
1196876 RZPI 1196876 1.000000
1196876 RZ3PI 1196877 1.000000
1196876 RZPIHalf 1196726 1.000000
1196876 S 1196727 1.000000
1196876 X 1196874 0.999522
1196876 X 1196875 0.000059
1196876 X 1196876 0.000040
1196876 X 1196877 0.000040
1196877 SX 1196609 0.999522
1196877 SX 1196611 0.000059
1196877 SX 1196521 0.000040
1196877 SX 1196519 0.000040
1196877 RZPI 1196877 1.000000
1196877 RZ3PI 1196876 1.000000
1196877 RZPIHalf 1196727 1.000000
1196877 S 1196726 1.000000
1196877 X 1196875 0.999522
1196877 X 1196874 0.000059
1196877 X 1196877 0.000040
1196877 X 1196876 0.000040
1197426 SX 1197426 0.999562
1197426 SX 1197428 0.000099
1197426 SX 1196463 0.000339
1197426 RZPI 1197426 1.000000
1197426 RZ3PI 1197428 1.000000
1197426 RZPIHalf 1196844 1.000000
1197426 S 1196843 1.000000
1197426 X 1197426 0.999562
1197426 X 1197428 0.000099
1197426 X 1196463 0.000339
1197428 SX 1197428 0.999562
1197428 SX 1197426 0.000099
1197428 SX 1196463 0.000339
1197428 RZPI 1197428 1.000000
1197428 RZ3PI 1197426 1.000000
1197428 RZPIHalf 1196843 1.000000
1197428 S 1196844 1.000000
1197428 X 1197428 0.999562
1197428 X 1197426 0.000099
1197428 X 1196463 0.000339
ENDPOMDP
