BEGINPOMDP
INITIALSTATE: 104109
STATES: 104109,104110,104369,104370,104372,104373,104123,104124,104126,104255,104127,104257,104131,104133,105158,104391,104392,104135,104520,104521,105160,104148,104149,104538,104166,104551,104168,104552,104553,104554
REWARDS: 104109:0,104110:0,104369:0,104370:0,104372:0,104373:0,104123:0,104124:0,104126:0,104255:0,104127:0,104257:0,104131:0,104133:0,105158:0,104391:0,104392:0,104135:0,104520:0,104521:0,105160:0,104148:0,104149:1,104538:0,104166:0,104551:0,104168:0,104552:0,104553:0,104554:0
GAMMA: 104109:0,104110:0,104369:0,104370:0,104372:0,104373:0,104123:0,104124:0,104126:0,104255:0,104127:0,104257:0,104131:0,104133:0,105158:0,104391:0,104392:0,104135:0,104520:0,104521:0,105160:0,104148:0,104149:0,104538:0,104166:0,104551:0,104168:0,104552:0,104553:0,104554:0
BEGINACTIONS
SX
RZPI
RZ3PI
RZPIHalf
S
X
ENDACTIONS
104109 INIT_ 104110 1.000000
104109 SX 104520 0.998357
104109 SX 104521 0.000925
104109 SX 104109 0.000718
104109 RZPI 104109 1.000000
104109 RZ3PI 104109 1.000000
104109 RZPIHalf 104109 1.000000
104109 S 104109 1.000000
104109 X 104538 0.998862
104109 X 104109 0.001138
104110 SX 104123 0.998147
104110 SX 104124 0.000715
104110 SX 104126 0.000210
104110 SX 104127 0.000210
104110 RZPI 104110 1.000000
104110 RZ3PI 104131 1.000000
104110 RZPIHalf 104133 1.000000
104110 S 104135 1.000000
104110 X 104148 0.998147
104110 X 104149 0.000715
104110 X 104110 0.000210
104110 X 104131 0.000210
104110 X 104109 0.000000
104123 SX 104148 0.998147
104123 SX 104149 0.000715
104123 SX 104110 0.000210
104123 SX 104131 0.000210
104123 RZPI 104123 1.000000
104123 RZ3PI 104124 1.000000
104123 RZPIHalf 104166 1.000000
104123 S 104168 1.000000
104123 X 104126 0.998147
104123 X 104127 0.000715
104123 X 104123 0.000210
104123 X 104124 0.000210
104124 SX 104131 0.998147
104124 SX 104110 0.000715
104124 SX 104149 0.000210
104124 SX 104148 0.000210
104124 SX 104109 0.000000
104124 RZPI 104124 1.000000
104124 RZ3PI 104123 1.000000
104124 RZPIHalf 104168 1.000000
104124 S 104166 1.000000
104124 X 104127 0.998147
104124 X 104126 0.000715
104124 X 104124 0.000210
104124 X 104123 0.000210
104126 SX 104110 0.998147
104126 SX 104131 0.000715
104126 SX 104109 0.000718
104126 SX 104148 0.000210
104126 SX 104149 0.000210
104126 RZPI 104126 1.000000
104126 RZ3PI 104127 1.000000
104126 RZPIHalf 104255 1.000000
104126 S 104257 1.000000
104126 X 104123 0.998147
104126 X 104124 0.000715
104126 X 104126 0.000210
104126 X 104127 0.000210
104127 SX 104149 0.998147
104127 SX 104148 0.000715
104127 SX 104131 0.000210
104127 SX 104110 0.000210
104127 SX 104109 0.000000
104127 RZPI 104127 1.000000
104127 RZ3PI 104126 1.000000
104127 RZPIHalf 104257 1.000000
104127 S 104255 1.000000
104127 X 104124 0.998147
104127 X 104123 0.000715
104127 X 104127 0.000210
104127 X 104126 0.000210
104131 SX 104127 0.998147
104131 SX 104126 0.000715
104131 SX 104124 0.000210
104131 SX 104123 0.000210
104131 RZPI 104131 1.000000
104131 RZ3PI 104110 1.000000
104131 RZPIHalf 104135 1.000000
104131 S 104133 1.000000
104131 X 104149 0.998147
104131 X 104148 0.000715
104131 X 104131 0.000210
104131 X 104110 0.000210
104131 X 104109 0.000000
104133 SX 104369 0.998147
104133 SX 104370 0.000715
104133 SX 104372 0.000210
104133 SX 104373 0.000210
104133 RZPI 104133 1.000000
104133 RZ3PI 104135 1.000000
104133 RZPIHalf 104131 1.000000
104133 S 104110 1.000000
104133 X 104391 0.998147
104133 X 104392 0.000715
104133 X 104133 0.000210
104133 X 104135 0.000210
104133 X 104109 0.000000
104135 SX 104373 0.998147
104135 SX 104372 0.000715
104135 SX 104370 0.000210
104135 SX 104369 0.000210
104135 RZPI 104135 1.000000
104135 RZ3PI 104133 1.000000
104135 RZPIHalf 104110 1.000000
104135 S 104131 1.000000
104135 X 104392 0.998147
104135 X 104391 0.000715
104135 X 104135 0.000210
104135 X 104133 0.000210
104135 X 104109 0.000000
104148 SX 104126 0.998147
104148 SX 104127 0.000715
104148 SX 104123 0.000210
104148 SX 104124 0.000210
104148 RZPI 104148 1.000000
104148 RZ3PI 104149 1.000000
104148 RZPIHalf 104392 1.000000
104148 S 104391 1.000000
104148 X 104110 0.998147
104148 X 104131 0.000715
104148 X 104148 0.000210
104148 X 104149 0.000210
104148 X 104109 0.000000
104149 SX 104124 0.998147
104149 SX 104123 0.000715
104149 SX 104127 0.000210
104149 SX 104126 0.000210
104149 RZPI 104149 1.000000
104149 RZ3PI 104148 1.000000
104149 RZPIHalf 104391 1.000000
104149 S 104392 1.000000
104149 X 104131 0.998147
104149 X 104110 0.000715
104149 X 104109 0.000717
104149 X 104149 0.000210
104149 X 104148 0.000210
104166 SX 104551 0.998147
104166 SX 104552 0.000715
104166 SX 104553 0.000210
104166 SX 104554 0.000210
104166 RZPI 104166 1.000000
104166 RZ3PI 104168 1.000000
104166 RZPIHalf 104124 1.000000
104166 S 104123 1.000000
104166 X 104257 0.998147
104166 X 104255 0.000715
104166 X 104166 0.000210
104166 X 104168 0.000210
104168 SX 104554 0.998147
104168 SX 104553 0.000715
104168 SX 104552 0.000210
104168 SX 104551 0.000210
104168 RZPI 104168 1.000000
104168 RZ3PI 104166 1.000000
104168 RZPIHalf 104123 1.000000
104168 S 104124 1.000000
104168 X 104255 0.998147
104168 X 104257 0.000715
104168 X 104168 0.000210
104168 X 104166 0.000210
104255 SX 104552 0.998147
104255 SX 104551 0.000715
104255 SX 104554 0.000210
104255 SX 104553 0.000210
104255 RZPI 104255 1.000000
104255 RZ3PI 104257 1.000000
104255 RZPIHalf 104127 1.000000
104255 S 104126 1.000000
104255 X 104168 0.998147
104255 X 104166 0.000715
104255 X 104255 0.000210
104255 X 104257 0.000210
104257 SX 104553 0.998147
104257 SX 104554 0.000715
104257 SX 104551 0.000210
104257 SX 104552 0.000210
104257 RZPI 104257 1.000000
104257 RZ3PI 104255 1.000000
104257 RZPIHalf 104126 1.000000
104257 S 104127 1.000000
104257 X 104166 0.998147
104257 X 104168 0.000715
104257 X 104257 0.000210
104257 X 104255 0.000210
104369 SX 104391 0.998147
104369 SX 104392 0.000715
104369 SX 104109 0.000718
104369 SX 104133 0.000210
104369 SX 104135 0.000210
104369 RZPI 104369 1.000000
104369 RZ3PI 104370 1.000000
104369 RZPIHalf 104551 1.000000
104369 S 104552 1.000000
104369 X 104372 0.998147
104369 X 104373 0.000715
104369 X 104369 0.000210
104369 X 104370 0.000210
104370 SX 104135 0.998147
104370 SX 104133 0.000715
104370 SX 104109 0.000718
104370 SX 104392 0.000210
104370 SX 104391 0.000210
104370 RZPI 104370 1.000000
104370 RZ3PI 104369 1.000000
104370 RZPIHalf 104552 1.000000
104370 S 104551 1.000000
104370 X 104373 0.998147
104370 X 104372 0.000715
104370 X 104370 0.000210
104370 X 104369 0.000210
104372 SX 104133 0.998147
104372 SX 104135 0.000715
104372 SX 104109 0.000718
104372 SX 104391 0.000210
104372 SX 104392 0.000210
104372 RZPI 104372 1.000000
104372 RZ3PI 104373 1.000000
104372 RZPIHalf 104554 1.000000
104372 S 104553 1.000000
104372 X 104369 0.998147
104372 X 104370 0.000715
104372 X 104372 0.000210
104372 X 104373 0.000210
104373 SX 104392 0.998147
104373 SX 104391 0.000715
104373 SX 104135 0.000210
104373 SX 104133 0.000210
104373 SX 104109 0.000000
104373 RZPI 104373 1.000000
104373 RZ3PI 104372 1.000000
104373 RZPIHalf 104553 1.000000
104373 S 104554 1.000000
104373 X 104370 0.998147
104373 X 104369 0.000715
104373 X 104373 0.000210
104373 X 104372 0.000210
104391 SX 104372 0.998147
104391 SX 104373 0.000715
104391 SX 104369 0.000210
104391 SX 104370 0.000210
104391 RZPI 104391 1.000000
104391 RZ3PI 104392 1.000000
104391 RZPIHalf 104148 1.000000
104391 S 104149 1.000000
104391 X 104133 0.998147
104391 X 104135 0.000715
104391 X 104109 0.000718
104391 X 104391 0.000210
104391 X 104392 0.000210
104392 SX 104370 0.998147
104392 SX 104369 0.000715
104392 SX 104373 0.000210
104392 SX 104372 0.000210
104392 RZPI 104392 1.000000
104392 RZ3PI 104391 1.000000
104392 RZPIHalf 104149 1.000000
104392 S 104148 1.000000
104392 X 104135 0.998147
104392 X 104133 0.000715
104392 X 104109 0.000718
104392 X 104392 0.000210
104392 X 104391 0.000210
104520 SX 104538 0.998862
104520 SX 104109 0.001138
104520 RZPI 104520 1.000000
104520 RZ3PI 104521 1.000000
104520 RZPIHalf 105158 1.000000
104520 S 105160 1.000000
104520 X 104521 0.998357
104520 X 104520 0.000925
104520 X 104109 0.000718
104521 SX 104109 0.999580
104521 SX 104538 0.000420
104521 RZPI 104521 1.000000
104521 RZ3PI 104520 1.000000
104521 RZPIHalf 105160 1.000000
104521 S 105158 1.000000
104521 X 104520 0.998357
104521 X 104521 0.000925
104521 X 104109 0.000718
104538 SX 104521 0.998357
104538 SX 104520 0.000925
104538 SX 104109 0.000718
104538 RZPI 104538 1.000000
104538 RZ3PI 104538 1.000000
104538 RZPIHalf 104538 1.000000
104538 S 104538 1.000000
104538 X 104109 0.999580
104538 X 104538 0.000420
104551 SX 104257 0.998147
104551 SX 104255 0.000715
104551 SX 104166 0.000210
104551 SX 104168 0.000210
104551 RZPI 104551 1.000000
104551 RZ3PI 104552 1.000000
104551 RZPIHalf 104370 1.000000
104551 S 104369 1.000000
104551 X 104553 0.998147
104551 X 104554 0.000715
104551 X 104551 0.000210
104551 X 104552 0.000210
104552 SX 104168 0.998147
104552 SX 104166 0.000715
104552 SX 104255 0.000210
104552 SX 104257 0.000210
104552 RZPI 104552 1.000000
104552 RZ3PI 104551 1.000000
104552 RZPIHalf 104369 1.000000
104552 S 104370 1.000000
104552 X 104554 0.998147
104552 X 104553 0.000715
104552 X 104552 0.000210
104552 X 104551 0.000210
104553 SX 104166 0.998147
104553 SX 104168 0.000715
104553 SX 104257 0.000210
104553 SX 104255 0.000210
104553 RZPI 104553 1.000000
104553 RZ3PI 104554 1.000000
104553 RZPIHalf 104372 1.000000
104553 S 104373 1.000000
104553 X 104551 0.998147
104553 X 104552 0.000715
104553 X 104553 0.000210
104553 X 104554 0.000210
104554 SX 104255 0.998147
104554 SX 104257 0.000715
104554 SX 104168 0.000210
104554 SX 104166 0.000210
104554 RZPI 104554 1.000000
104554 RZ3PI 104553 1.000000
104554 RZPIHalf 104373 1.000000
104554 S 104372 1.000000
104554 X 104552 0.998147
104554 X 104551 0.000715
104554 X 104554 0.000210
104554 X 104553 0.000210
105158 SX 105158 0.998357
105158 SX 105160 0.000925
105158 SX 104109 0.000718
105158 RZPI 105158 1.000000
105158 RZ3PI 105160 1.000000
105158 RZPIHalf 104521 1.000000
105158 S 104520 1.000000
105158 X 105158 0.998357
105158 X 105160 0.000925
105158 X 104109 0.000718
105160 SX 105160 0.998357
105160 SX 105158 0.000925
105160 SX 104109 0.000718
105160 RZPI 105160 1.000000
105160 RZ3PI 105158 1.000000
105160 RZPIHalf 104520 1.000000
105160 S 104521 1.000000
105160 X 105160 0.998357
105160 X 105158 0.000925
105160 X 104109 0.000718
ENDPOMDP
