BEGINPOMDP
INITIALSTATE: 1300571
STATES: 1300868,1300869,1300877,1300643,1300644,1300653,1300654,1300658,1300659,1301073,1301075,1300571,1300572,1300703,1300576,1300577,1300704,1300581,1300583,1300585,1300713,1300714,1300589,1300590,1300719,1300718,1300598,1300600,1300604,1300605
REWARDS: 1300868:0,1300869:0,1300877:0,1300643:0,1300644:0,1300653:0,1300654:0,1300658:0,1300659:0,1301073:0,1301075:0,1300571:0,1300572:0,1300703:0,1300576:0,1300577:0,1300704:0,1300581:0,1300583:0,1300585:0,1300713:0,1300714:0,1300589:0,1300590:1,1300719:0,1300718:0,1300598:0,1300600:0,1300604:0,1300605:0
GAMMA: 1300868:0,1300869:0,1300877:0,1300643:0,1300644:0,1300653:0,1300654:0,1300658:0,1300659:0,1301073:0,1301075:0,1300571:0,1300572:0,1300703:0,1300576:0,1300577:0,1300704:0,1300581:0,1300583:0,1300585:0,1300713:0,1300714:0,1300589:0,1300590:0,1300719:0,1300718:0,1300598:0,1300600:0,1300604:0,1300605:0
BEGINACTIONS
SX
RZPI
RZ3PI
RZPIHalf
S
X
ENDACTIONS
1300571 INIT_ 1300572 1.000000
1300571 SX 1300868 0.998812
1300571 SX 1300869 0.000896
1300571 SX 1300571 0.000292
1300571 RZPI 1300571 1.000000
1300571 RZ3PI 1300571 1.000000
1300571 RZPIHalf 1300571 1.000000
1300571 S 1300571 1.000000
1300571 X 1300877 0.999708
1300571 X 1300571 0.000292
1300572 SX 1300576 0.998812
1300572 SX 1300577 0.000896
1300572 RZPI 1300572 1.000000
1300572 RZ3PI 1300581 1.000000
1300572 RZPIHalf 1300583 1.000000
1300572 S 1300585 1.000000
1300572 X 1300589 0.998812
1300572 X 1300590 0.000896
1300576 SX 1300589 0.998812
1300576 SX 1300590 0.000896
1300576 RZPI 1300576 1.000000
1300576 RZ3PI 1300577 1.000000
1300576 RZPIHalf 1300598 1.000000
1300576 S 1300600 1.000000
1300576 X 1300604 0.998812
1300576 X 1300605 0.000896
1300577 SX 1300581 0.998812
1300577 SX 1300572 0.000896
1300577 RZPI 1300577 1.000000
1300577 RZ3PI 1300576 1.000000
1300577 RZPIHalf 1300600 1.000000
1300577 S 1300598 1.000000
1300577 X 1300605 0.998812
1300577 X 1300604 0.000896
1300581 SX 1300605 0.998812
1300581 SX 1300604 0.000896
1300581 RZPI 1300581 1.000000
1300581 RZ3PI 1300572 1.000000
1300581 RZPIHalf 1300585 1.000000
1300581 S 1300583 1.000000
1300581 X 1300590 0.998812
1300581 X 1300589 0.000896
1300583 SX 1300643 0.998812
1300583 SX 1300644 0.000896
1300583 RZPI 1300583 1.000000
1300583 RZ3PI 1300585 1.000000
1300583 RZPIHalf 1300581 1.000000
1300583 S 1300572 1.000000
1300583 X 1300653 0.998812
1300583 X 1300654 0.000896
1300585 SX 1300658 0.998812
1300585 SX 1300659 0.000896
1300585 RZPI 1300585 1.000000
1300585 RZ3PI 1300583 1.000000
1300585 RZPIHalf 1300572 1.000000
1300585 S 1300581 1.000000
1300585 X 1300654 0.998812
1300585 X 1300653 0.000896
1300589 SX 1300604 0.998812
1300589 SX 1300605 0.000896
1300589 RZPI 1300589 1.000000
1300589 RZ3PI 1300590 1.000000
1300589 RZPIHalf 1300654 1.000000
1300589 S 1300653 1.000000
1300589 X 1300572 0.998812
1300589 X 1300581 0.000896
1300589 X 1300571 0.000292
1300590 SX 1300577 0.998812
1300590 SX 1300576 0.000896
1300590 RZPI 1300590 1.000000
1300590 RZ3PI 1300589 1.000000
1300590 RZPIHalf 1300653 1.000000
1300590 S 1300654 1.000000
1300590 X 1300581 0.998812
1300590 X 1300572 0.000896
1300598 SX 1300703 0.998812
1300598 SX 1300704 0.000896
1300598 RZPI 1300598 1.000000
1300598 RZ3PI 1300600 1.000000
1300598 RZPIHalf 1300577 1.000000
1300598 S 1300576 1.000000
1300598 X 1300713 0.998812
1300598 X 1300714 0.000896
1300600 SX 1300718 0.998812
1300600 SX 1300719 0.000896
1300600 RZPI 1300600 1.000000
1300600 RZ3PI 1300598 1.000000
1300600 RZPIHalf 1300576 1.000000
1300600 S 1300577 1.000000
1300600 X 1300714 0.998812
1300600 X 1300713 0.000896
1300604 SX 1300572 0.998812
1300604 SX 1300581 0.000896
1300604 RZPI 1300604 1.000000
1300604 RZ3PI 1300605 1.000000
1300604 RZPIHalf 1300714 1.000000
1300604 S 1300713 1.000000
1300604 X 1300576 0.998812
1300604 X 1300577 0.000896
1300605 SX 1300590 0.998812
1300605 SX 1300589 0.000896
1300605 RZPI 1300605 1.000000
1300605 RZ3PI 1300604 1.000000
1300605 RZPIHalf 1300713 1.000000
1300605 S 1300714 1.000000
1300605 X 1300577 0.998812
1300605 X 1300576 0.000896
1300643 SX 1300653 0.998812
1300643 SX 1300654 0.000896
1300643 SX 1300571 0.000292
1300643 RZPI 1300643 1.000000
1300643 RZ3PI 1300644 1.000000
1300643 RZPIHalf 1300703 1.000000
1300643 S 1300704 1.000000
1300643 X 1300659 0.998812
1300643 X 1300658 0.000896
1300644 SX 1300585 0.998812
1300644 SX 1300583 0.000896
1300644 SX 1300571 0.000292
1300644 RZPI 1300644 1.000000
1300644 RZ3PI 1300643 1.000000
1300644 RZPIHalf 1300704 1.000000
1300644 S 1300703 1.000000
1300644 X 1300658 0.998812
1300644 X 1300659 0.000896
1300653 SX 1300659 0.998812
1300653 SX 1300658 0.000896
1300653 RZPI 1300653 1.000000
1300653 RZ3PI 1300654 1.000000
1300653 RZPIHalf 1300589 1.000000
1300653 S 1300590 1.000000
1300653 X 1300583 0.998812
1300653 X 1300585 0.000896
1300653 X 1300571 0.000292
1300654 SX 1300644 0.998812
1300654 SX 1300643 0.000896
1300654 RZPI 1300654 1.000000
1300654 RZ3PI 1300653 1.000000
1300654 RZPIHalf 1300590 1.000000
1300654 S 1300589 1.000000
1300654 X 1300585 0.998812
1300654 X 1300583 0.000896
1300654 X 1300571 0.000292
1300658 SX 1300654 0.998812
1300658 SX 1300653 0.000896
1300658 RZPI 1300658 1.000000
1300658 RZ3PI 1300659 1.000000
1300658 RZPIHalf 1300719 1.000000
1300658 S 1300718 1.000000
1300658 X 1300644 0.998812
1300658 X 1300643 0.000896
1300659 SX 1300583 0.998812
1300659 SX 1300585 0.000896
1300659 SX 1300571 0.000292
1300659 RZPI 1300659 1.000000
1300659 RZ3PI 1300658 1.000000
1300659 RZPIHalf 1300718 1.000000
1300659 S 1300719 1.000000
1300659 X 1300643 0.998812
1300659 X 1300644 0.000896
1300703 SX 1300713 0.998812
1300703 SX 1300714 0.000896
1300703 RZPI 1300703 1.000000
1300703 RZ3PI 1300704 1.000000
1300703 RZPIHalf 1300644 1.000000
1300703 S 1300643 1.000000
1300703 X 1300719 0.998812
1300703 X 1300718 0.000896
1300704 SX 1300600 0.998812
1300704 SX 1300598 0.000896
1300704 RZPI 1300704 1.000000
1300704 RZ3PI 1300703 1.000000
1300704 RZPIHalf 1300643 1.000000
1300704 S 1300644 1.000000
1300704 X 1300718 0.998812
1300704 X 1300719 0.000896
1300713 SX 1300719 0.998812
1300713 SX 1300718 0.000896
1300713 RZPI 1300713 1.000000
1300713 RZ3PI 1300714 1.000000
1300713 RZPIHalf 1300604 1.000000
1300713 S 1300605 1.000000
1300713 X 1300598 0.998812
1300713 X 1300600 0.000896
1300714 SX 1300704 0.998812
1300714 SX 1300703 0.000896
1300714 RZPI 1300714 1.000000
1300714 RZ3PI 1300713 1.000000
1300714 RZPIHalf 1300605 1.000000
1300714 S 1300604 1.000000
1300714 X 1300600 0.998812
1300714 X 1300598 0.000896
1300718 SX 1300714 0.998812
1300718 SX 1300713 0.000896
1300718 RZPI 1300718 1.000000
1300718 RZ3PI 1300719 1.000000
1300718 RZPIHalf 1300658 1.000000
1300718 S 1300659 1.000000
1300718 X 1300704 0.998812
1300718 X 1300703 0.000896
1300719 SX 1300598 0.998812
1300719 SX 1300600 0.000896
1300719 RZPI 1300719 1.000000
1300719 RZ3PI 1300718 1.000000
1300719 RZPIHalf 1300659 1.000000
1300719 S 1300658 1.000000
1300719 X 1300703 0.998812
1300719 X 1300704 0.000896
1300868 SX 1300877 0.999708
1300868 SX 1300571 0.000292
1300868 RZPI 1300868 1.000000
1300868 RZ3PI 1300869 1.000000
1300868 RZPIHalf 1301073 1.000000
1300868 S 1301075 1.000000
1300868 X 1300869 0.998812
1300868 X 1300868 0.000896
1300868 X 1300571 0.000292
1300869 SX 1300571 1.000000
1300869 RZPI 1300869 1.000000
1300869 RZ3PI 1300868 1.000000
1300869 RZPIHalf 1301075 1.000000
1300869 S 1301073 1.000000
1300869 X 1300868 0.998812
1300869 X 1300869 0.000896
1300869 X 1300571 0.000292
1300877 SX 1300869 0.998812
1300877 SX 1300868 0.000896
1300877 SX 1300571 0.000292
1300877 RZPI 1300877 1.000000
1300877 RZ3PI 1300877 1.000000
1300877 RZPIHalf 1300877 1.000000
1300877 S 1300877 1.000000
1300877 X 1300571 1.000000
1301073 SX 1301073 0.998812
1301073 SX 1301075 0.000896
1301073 SX 1300571 0.000292
1301073 RZPI 1301073 1.000000
1301073 RZ3PI 1301075 1.000000
1301073 RZPIHalf 1300869 1.000000
1301073 S 1300868 1.000000
1301073 X 1301073 0.998812
1301073 X 1301075 0.000896
1301073 X 1300571 0.000292
1301075 SX 1301075 0.998812
1301075 SX 1301073 0.000896
1301075 SX 1300571 0.000292
1301075 RZPI 1301075 1.000000
1301075 RZ3PI 1301073 1.000000
1301075 RZPIHalf 1300868 1.000000
1301075 S 1300869 1.000000
1301075 X 1301075 0.998812
1301075 X 1301073 0.000896
1301075 X 1300571 0.000292
ENDPOMDP
