BEGINPOMDP
INITIALSTATE: 310585
STATES: 310666,310681,310823,310824,310712,310713,310585,310586,310717,310590,310591,310595,310596,310854,310599,310601,310649,310869,310615,310616,310619,310883,310884,310634,310762,310899,310900,310645,310777,310650
REWARDS: 310666:0,310681:0,310823:0,310824:0,310712:0,310713:0,310585:0,310586:0,310717:0,310590:1,310591:0,310595:0,310596:0,310854:0,310599:0,310601:0,310649:0,310869:0,310615:0,310616:0,310619:0,310883:0,310884:0,310634:0,310762:0,310899:0,310900:0,310645:0,310777:0,310650:0
GAMMA: 310666:0,310681:0,310823:0,310824:0,310712:0,310713:0,310585:0,310586:0,310717:0,310590:0,310591:0,310595:0,310596:0,310854:0,310599:0,310601:0,310649:0,310869:0,310615:0,310616:0,310619:0,310883:0,310884:0,310634:0,310762:0,310899:0,310900:0,310645:0,310777:0,310650:0
BEGINACTIONS
U3
H
S
Z
X
RY
ENDACTIONS
310585 INIT_ 310586 1.000000
310585 U3 310645 0.998947
310585 U3 310585 0.001053
310585 H 310649 0.999036
310585 H 310650 0.000438
310585 H 310585 0.000527
310585 S 310585 1.000000
310585 Z 310585 1.000000
310585 X 310645 0.998947
310585 X 310585 0.001053
310585 RY 310645 0.998947
310585 RY 310585 0.001053
310586 U3 310590 0.998073
310586 U3 310591 0.000875
310586 U3 310585 0.001053
310586 H 310595 0.999036
310586 H 310596 0.000438
310586 S 310599 1.000000
310586 Z 310601 1.000000
310586 X 310591 0.998073
310586 X 310590 0.000875
310586 X 310585 0.001053
310586 RY 310590 0.998073
310586 RY 310591 0.000875
310586 RY 310585 0.001053
310590 U3 310586 0.998073
310590 U3 310601 0.000875
310590 H 310615 0.999036
310590 H 310616 0.000438
310590 S 310619 1.000000
310590 Z 310591 1.000000
310590 X 310601 0.998073
310590 X 310586 0.000875
310590 RY 310586 0.998073
310590 RY 310601 0.000875
310590 RY 310585 0.001053
310591 U3 310601 0.998073
310591 U3 310586 0.000875
310591 H 310596 0.999036
310591 H 310595 0.000438
310591 S 310634 1.000000
310591 Z 310590 1.000000
310591 X 310586 0.998073
310591 X 310601 0.000875
310591 RY 310601 0.998073
310591 RY 310586 0.000875
310595 U3 310615 0.998073
310595 U3 310616 0.000875
310595 H 310586 0.999036
310595 H 310601 0.000438
310595 H 310585 0.000527
310595 S 310666 1.000000
310595 Z 310596 1.000000
310595 X 310616 0.998073
310595 X 310615 0.000875
310595 RY 310615 0.998073
310595 RY 310616 0.000875
310596 U3 310616 0.998073
310596 U3 310615 0.000875
310596 H 310591 0.999036
310596 H 310590 0.000438
310596 H 310585 0.000527
310596 S 310681 1.000000
310596 Z 310595 1.000000
310596 X 310615 0.998073
310596 X 310616 0.000875
310596 RY 310616 0.998073
310596 RY 310615 0.000875
310599 U3 310634 0.998073
310599 U3 310619 0.000875
310599 H 310712 0.999036
310599 H 310713 0.000438
310599 S 310601 1.000000
310599 Z 310717 1.000000
310599 X 310619 0.998073
310599 X 310634 0.000875
310599 X 310585 0.001053
310599 RY 310634 0.998073
310599 RY 310619 0.000875
310599 RY 310585 0.001053
310601 U3 310591 0.998073
310601 U3 310590 0.000875
310601 H 310616 0.999036
310601 H 310615 0.000438
310601 S 310717 1.000000
310601 Z 310586 1.000000
310601 X 310590 0.998073
310601 X 310591 0.000875
310601 RY 310591 0.998073
310601 RY 310590 0.000875
310601 RY 310585 0.001053
310615 U3 310595 0.998073
310615 U3 310596 0.000875
310615 H 310590 0.999036
310615 H 310591 0.000438
310615 H 310585 0.000527
310615 S 310762 1.000000
310615 Z 310616 1.000000
310615 X 310596 0.998073
310615 X 310595 0.000875
310615 RY 310595 0.998073
310615 RY 310596 0.000875
310616 U3 310596 0.998073
310616 U3 310595 0.000875
310616 H 310601 0.999036
310616 H 310586 0.000438
310616 H 310585 0.000527
310616 S 310777 1.000000
310616 Z 310615 1.000000
310616 X 310595 0.998073
310616 X 310596 0.000875
310616 RY 310596 0.998073
310616 RY 310595 0.000875
310619 U3 310717 0.998073
310619 U3 310599 0.000875
310619 H 310713 0.999036
310619 H 310712 0.000438
310619 S 310591 1.000000
310619 Z 310634 1.000000
310619 X 310599 0.998073
310619 X 310717 0.000875
310619 RY 310717 0.998073
310619 RY 310599 0.000875
310619 RY 310585 0.001053
310634 U3 310599 0.998073
310634 U3 310717 0.000875
310634 U3 310585 0.001053
310634 H 310823 0.999036
310634 H 310824 0.000438
310634 S 310590 1.000000
310634 Z 310619 1.000000
310634 X 310717 0.998073
310634 X 310599 0.000875
310634 X 310585 0.001053
310634 RY 310599 0.998073
310634 RY 310717 0.000875
310634 RY 310585 0.001053
310645 U3 310585 1.000000
310645 H 310650 0.999036
310645 H 310649 0.000438
310645 H 310585 0.000527
310645 S 310645 1.000000
310645 Z 310645 1.000000
310645 X 310585 1.000000
310645 RY 310585 1.000000
310649 U3 310650 0.998073
310649 U3 310649 0.000875
310649 U3 310585 0.001053
310649 H 310585 1.000000
310649 S 310854 1.000000
310649 Z 310650 1.000000
310649 X 310649 0.998073
310649 X 310650 0.000875
310649 X 310585 0.001053
310649 RY 310650 0.998073
310649 RY 310649 0.000875
310649 RY 310585 0.001053
310650 U3 310649 0.998073
310650 U3 310650 0.000875
310650 U3 310585 0.001053
310650 H 310645 0.999473
310650 H 310585 0.000527
310650 S 310869 1.000000
310650 Z 310649 1.000000
310650 X 310650 0.998073
310650 X 310649 0.000875
310650 X 310585 0.001053
310650 RY 310649 0.998073
310650 RY 310650 0.000875
310650 RY 310585 0.001053
310666 U3 310777 0.998073
310666 U3 310762 0.000875
310666 H 310883 0.999036
310666 H 310884 0.000438
310666 S 310596 1.000000
310666 Z 310681 1.000000
310666 X 310762 0.998073
310666 X 310777 0.000875
310666 RY 310777 0.998073
310666 RY 310762 0.000875
310681 U3 310762 0.998073
310681 U3 310777 0.000875
310681 H 310899 0.999036
310681 H 310900 0.000438
310681 S 310595 1.000000
310681 Z 310666 1.000000
310681 X 310777 0.998073
310681 X 310762 0.000875
310681 RY 310762 0.998073
310681 RY 310777 0.000875
310712 U3 310823 0.998073
310712 U3 310824 0.000875
310712 H 310599 0.999036
310712 H 310717 0.000438
310712 S 310899 1.000000
310712 Z 310713 1.000000
310712 X 310824 0.998073
310712 X 310823 0.000875
310712 RY 310823 0.998073
310712 RY 310824 0.000875
310713 U3 310824 0.998073
310713 U3 310823 0.000875
310713 H 310619 0.999036
310713 H 310634 0.000438
310713 S 310900 1.000000
310713 Z 310712 1.000000
310713 X 310823 0.998073
310713 X 310824 0.000875
310713 RY 310824 0.998073
310713 RY 310823 0.000875
310717 U3 310619 0.998073
310717 U3 310634 0.000875
310717 H 310824 0.999036
310717 H 310823 0.000438
310717 S 310586 1.000000
310717 Z 310599 1.000000
310717 X 310634 0.998073
310717 X 310619 0.000875
310717 X 310585 0.001053
310717 RY 310619 0.998073
310717 RY 310634 0.000875
310762 U3 310681 0.998073
310762 U3 310666 0.000875
310762 H 310884 0.999036
310762 H 310883 0.000438
310762 S 310616 1.000000
310762 Z 310777 1.000000
310762 X 310666 0.998073
310762 X 310681 0.000875
310762 RY 310681 0.998073
310762 RY 310666 0.000875
310777 U3 310666 0.998073
310777 U3 310681 0.000875
310777 H 310900 0.999036
310777 H 310899 0.000438
310777 S 310615 1.000000
310777 Z 310762 1.000000
310777 X 310681 0.998073
310777 X 310666 0.000875
310777 RY 310666 0.998073
310777 RY 310681 0.000875
310823 U3 310712 0.998073
310823 U3 310713 0.000875
310823 H 310634 0.999036
310823 H 310619 0.000438
310823 S 310883 1.000000
310823 Z 310824 1.000000
310823 X 310713 0.998073
310823 X 310712 0.000875
310823 RY 310712 0.998073
310823 RY 310713 0.000875
310824 U3 310713 0.998073
310824 U3 310712 0.000875
310824 H 310717 0.999036
310824 H 310599 0.000438
310824 H 310585 0.000527
310824 S 310884 1.000000
310824 Z 310823 1.000000
310824 X 310712 0.998073
310824 X 310713 0.000875
310824 RY 310713 0.998073
310824 RY 310712 0.000875
310854 U3 310854 0.998073
310854 U3 310869 0.000875
310854 U3 310585 0.001053
310854 H 310869 0.999036
310854 H 310854 0.000438
310854 H 310585 0.000527
310854 S 310650 1.000000
310854 Z 310869 1.000000
310854 X 310869 0.998073
310854 X 310854 0.000875
310854 X 310585 0.001053
310854 RY 310854 0.998073
310854 RY 310869 0.000875
310854 RY 310585 0.001053
310869 U3 310869 0.998073
310869 U3 310854 0.000875
310869 U3 310585 0.001053
310869 H 310854 0.999036
310869 H 310869 0.000438
310869 H 310585 0.000527
310869 S 310649 1.000000
310869 Z 310854 1.000000
310869 X 310854 0.998073
310869 X 310869 0.000875
310869 X 310585 0.001053
310869 RY 310869 0.998073
310869 RY 310854 0.000875
310869 RY 310585 0.001053
310883 U3 310900 0.998073
310883 U3 310899 0.000875
310883 H 310666 0.999036
310883 H 310681 0.000438
310883 S 310824 1.000000
310883 Z 310884 1.000000
310883 X 310899 0.998073
310883 X 310900 0.000875
310883 RY 310900 0.998073
310883 RY 310899 0.000875
310884 U3 310899 0.998073
310884 U3 310900 0.000875
310884 H 310762 0.999036
310884 H 310777 0.000438
310884 S 310823 1.000000
310884 Z 310883 1.000000
310884 X 310900 0.998073
310884 X 310899 0.000875
310884 RY 310899 0.998073
310884 RY 310900 0.000875
310899 U3 310884 0.998073
310899 U3 310883 0.000875
310899 H 310681 0.999036
310899 H 310666 0.000438
310899 S 310713 1.000000
310899 Z 310900 1.000000
310899 X 310883 0.998073
310899 X 310884 0.000875
310899 RY 310884 0.998073
310899 RY 310883 0.000875
310900 U3 310883 0.998073
310900 U3 310884 0.000875
310900 H 310777 0.999036
310900 H 310762 0.000438
310900 S 310712 1.000000
310900 Z 310899 1.000000
310900 X 310884 0.998073
310900 X 310883 0.000875
310900 RY 310883 0.998073
310900 RY 310884 0.000875
ENDPOMDP
