BEGINPOMDP
INITIALSTATE: 1194723
STATES: 1194762,1194763,1194780,1195165,1194782,1195166,1195167,1195168,1195686,1195688,1195005,1195103,1195104,1194723,1194724,1194983,1194984,1194986,1194987,1194737,1194738,1195121,1194740,1194741,1194869,1194871,1194745,1194747,1194749,1195006
REWARDS: 1194762:0,1194763:1,1194780:0,1195165:0,1194782:0,1195166:0,1195167:0,1195168:0,1195686:0,1195688:0,1195005:0,1195103:0,1195104:0,1194723:0,1194724:0,1194983:0,1194984:0,1194986:0,1194987:0,1194737:0,1194738:0,1195121:0,1194740:0,1194741:0,1194869:0,1194871:0,1194745:0,1194747:0,1194749:0,1195006:0
GAMMA: 1194762:0,1194763:0,1194780:0,1195165:0,1194782:0,1195166:0,1195167:0,1195168:0,1195686:0,1195688:0,1195005:0,1195103:0,1195104:0,1194723:0,1194724:0,1194983:0,1194984:0,1194986:0,1194987:0,1194737:0,1194738:0,1195121:0,1194740:0,1194741:0,1194869:0,1194871:0,1194745:0,1194747:0,1194749:0,1195006:0
BEGINACTIONS
SX
RZPI
RZ3PI
RZPIHalf
S
X
ENDACTIONS
1194723 INIT_ 1194724 1.000000
1194723 SX 1195103 0.999602
1194723 SX 1195104 0.000099
1194723 SX 1194723 0.000299
1194723 RZPI 1194723 1.000000
1194723 RZ3PI 1194723 1.000000
1194723 RZPIHalf 1194723 1.000000
1194723 S 1194723 1.000000
1194723 X 1195121 0.999656
1194723 X 1194723 0.000344
1194724 SX 1194737 0.999580
1194724 SX 1194738 0.000077
1194724 SX 1194740 0.000022
1194724 SX 1194741 0.000022
1194724 RZPI 1194724 1.000000
1194724 RZ3PI 1194745 1.000000
1194724 RZPIHalf 1194747 1.000000
1194724 S 1194749 1.000000
1194724 X 1194762 0.999580
1194724 X 1194763 0.000077
1194724 X 1194723 0.000299
1194724 X 1194724 0.000022
1194724 X 1194745 0.000022
1194737 SX 1194762 0.999580
1194737 SX 1194763 0.000077
1194737 SX 1194724 0.000022
1194737 SX 1194745 0.000022
1194737 SX 1194723 0.000000
1194737 RZPI 1194737 1.000000
1194737 RZ3PI 1194738 1.000000
1194737 RZPIHalf 1194780 1.000000
1194737 S 1194782 1.000000
1194737 X 1194740 0.999580
1194737 X 1194741 0.000077
1194737 X 1194737 0.000022
1194737 X 1194738 0.000022
1194738 SX 1194745 0.999580
1194738 SX 1194724 0.000077
1194738 SX 1194723 0.000299
1194738 SX 1194763 0.000022
1194738 SX 1194762 0.000022
1194738 RZPI 1194738 1.000000
1194738 RZ3PI 1194737 1.000000
1194738 RZPIHalf 1194782 1.000000
1194738 S 1194780 1.000000
1194738 X 1194741 0.999580
1194738 X 1194740 0.000077
1194738 X 1194738 0.000022
1194738 X 1194737 0.000022
1194740 SX 1194724 0.999580
1194740 SX 1194745 0.000077
1194740 SX 1194762 0.000022
1194740 SX 1194763 0.000022
1194740 SX 1194723 0.000000
1194740 RZPI 1194740 1.000000
1194740 RZ3PI 1194741 1.000000
1194740 RZPIHalf 1194869 1.000000
1194740 S 1194871 1.000000
1194740 X 1194737 0.999580
1194740 X 1194738 0.000077
1194740 X 1194740 0.000022
1194740 X 1194741 0.000022
1194741 SX 1194763 0.999580
1194741 SX 1194762 0.000077
1194741 SX 1194745 0.000022
1194741 SX 1194724 0.000022
1194741 SX 1194723 0.000000
1194741 RZPI 1194741 1.000000
1194741 RZ3PI 1194740 1.000000
1194741 RZPIHalf 1194871 1.000000
1194741 S 1194869 1.000000
1194741 X 1194738 0.999580
1194741 X 1194737 0.000077
1194741 X 1194741 0.000022
1194741 X 1194740 0.000022
1194745 SX 1194741 0.999580
1194745 SX 1194740 0.000077
1194745 SX 1194738 0.000022
1194745 SX 1194737 0.000022
1194745 RZPI 1194745 1.000000
1194745 RZ3PI 1194724 1.000000
1194745 RZPIHalf 1194749 1.000000
1194745 S 1194747 1.000000
1194745 X 1194763 0.999580
1194745 X 1194762 0.000077
1194745 X 1194723 0.000299
1194745 X 1194745 0.000022
1194745 X 1194724 0.000022
1194747 SX 1194983 0.999580
1194747 SX 1194984 0.000077
1194747 SX 1194986 0.000022
1194747 SX 1194987 0.000022
1194747 RZPI 1194747 1.000000
1194747 RZ3PI 1194749 1.000000
1194747 RZPIHalf 1194745 1.000000
1194747 S 1194724 1.000000
1194747 X 1195005 0.999580
1194747 X 1195006 0.000077
1194747 X 1194723 0.000299
1194747 X 1194747 0.000022
1194747 X 1194749 0.000022
1194749 SX 1194987 0.999580
1194749 SX 1194986 0.000077
1194749 SX 1194984 0.000022
1194749 SX 1194983 0.000022
1194749 RZPI 1194749 1.000000
1194749 RZ3PI 1194747 1.000000
1194749 RZPIHalf 1194724 1.000000
1194749 S 1194745 1.000000
1194749 X 1195006 0.999580
1194749 X 1195005 0.000077
1194749 X 1194723 0.000299
1194749 X 1194749 0.000022
1194749 X 1194747 0.000022
1194762 SX 1194740 0.999580
1194762 SX 1194741 0.000077
1194762 SX 1194737 0.000022
1194762 SX 1194738 0.000022
1194762 RZPI 1194762 1.000000
1194762 RZ3PI 1194763 1.000000
1194762 RZPIHalf 1195006 1.000000
1194762 S 1195005 1.000000
1194762 X 1194724 0.999580
1194762 X 1194745 0.000077
1194762 X 1194762 0.000022
1194762 X 1194763 0.000022
1194762 X 1194723 0.000000
1194763 SX 1194738 0.999580
1194763 SX 1194737 0.000077
1194763 SX 1194741 0.000022
1194763 SX 1194740 0.000022
1194763 RZPI 1194763 1.000000
1194763 RZ3PI 1194762 1.000000
1194763 RZPIHalf 1195005 1.000000
1194763 S 1195006 1.000000
1194763 X 1194745 0.999580
1194763 X 1194724 0.000077
1194763 X 1194723 0.000299
1194763 X 1194763 0.000022
1194763 X 1194762 0.000022
1194780 SX 1195165 0.999580
1194780 SX 1195166 0.000077
1194780 SX 1195167 0.000022
1194780 SX 1195168 0.000022
1194780 RZPI 1194780 1.000000
1194780 RZ3PI 1194782 1.000000
1194780 RZPIHalf 1194738 1.000000
1194780 S 1194737 1.000000
1194780 X 1194871 0.999580
1194780 X 1194869 0.000077
1194780 X 1194780 0.000022
1194780 X 1194782 0.000022
1194782 SX 1195168 0.999580
1194782 SX 1195167 0.000077
1194782 SX 1195166 0.000022
1194782 SX 1195165 0.000022
1194782 RZPI 1194782 1.000000
1194782 RZ3PI 1194780 1.000000
1194782 RZPIHalf 1194737 1.000000
1194782 S 1194738 1.000000
1194782 X 1194869 0.999580
1194782 X 1194871 0.000077
1194782 X 1194782 0.000022
1194782 X 1194780 0.000022
1194869 SX 1195166 0.999580
1194869 SX 1195165 0.000077
1194869 SX 1195168 0.000022
1194869 SX 1195167 0.000022
1194869 RZPI 1194869 1.000000
1194869 RZ3PI 1194871 1.000000
1194869 RZPIHalf 1194741 1.000000
1194869 S 1194740 1.000000
1194869 X 1194782 0.999580
1194869 X 1194780 0.000077
1194869 X 1194869 0.000022
1194869 X 1194871 0.000022
1194871 SX 1195167 0.999580
1194871 SX 1195168 0.000077
1194871 SX 1195165 0.000022
1194871 SX 1195166 0.000022
1194871 RZPI 1194871 1.000000
1194871 RZ3PI 1194869 1.000000
1194871 RZPIHalf 1194740 1.000000
1194871 S 1194741 1.000000
1194871 X 1194780 0.999580
1194871 X 1194782 0.000077
1194871 X 1194871 0.000022
1194871 X 1194869 0.000022
1194983 SX 1195005 0.999580
1194983 SX 1195006 0.000077
1194983 SX 1194747 0.000022
1194983 SX 1194749 0.000022
1194983 SX 1194723 0.000000
1194983 RZPI 1194983 1.000000
1194983 RZ3PI 1194984 1.000000
1194983 RZPIHalf 1195165 1.000000
1194983 S 1195166 1.000000
1194983 X 1194986 0.999580
1194983 X 1194987 0.000077
1194983 X 1194983 0.000022
1194983 X 1194984 0.000022
1194984 SX 1194749 0.999580
1194984 SX 1194747 0.000077
1194984 SX 1194723 0.000299
1194984 SX 1195006 0.000022
1194984 SX 1195005 0.000022
1194984 RZPI 1194984 1.000000
1194984 RZ3PI 1194983 1.000000
1194984 RZPIHalf 1195166 1.000000
1194984 S 1195165 1.000000
1194984 X 1194987 0.999580
1194984 X 1194986 0.000077
1194984 X 1194984 0.000022
1194984 X 1194983 0.000022
1194986 SX 1194747 0.999580
1194986 SX 1194749 0.000077
1194986 SX 1194723 0.000299
1194986 SX 1195005 0.000022
1194986 SX 1195006 0.000022
1194986 RZPI 1194986 1.000000
1194986 RZ3PI 1194987 1.000000
1194986 RZPIHalf 1195168 1.000000
1194986 S 1195167 1.000000
1194986 X 1194983 0.999580
1194986 X 1194984 0.000077
1194986 X 1194986 0.000022
1194986 X 1194987 0.000022
1194987 SX 1195006 0.999580
1194987 SX 1195005 0.000077
1194987 SX 1194749 0.000022
1194987 SX 1194747 0.000022
1194987 RZPI 1194987 1.000000
1194987 RZ3PI 1194986 1.000000
1194987 RZPIHalf 1195167 1.000000
1194987 S 1195168 1.000000
1194987 X 1194984 0.999580
1194987 X 1194983 0.000077
1194987 X 1194987 0.000022
1194987 X 1194986 0.000022
1195005 SX 1194986 0.999580
1195005 SX 1194987 0.000077
1195005 SX 1194983 0.000022
1195005 SX 1194984 0.000022
1195005 RZPI 1195005 1.000000
1195005 RZ3PI 1195006 1.000000
1195005 RZPIHalf 1194762 1.000000
1195005 S 1194763 1.000000
1195005 X 1194747 0.999580
1195005 X 1194749 0.000077
1195005 X 1195005 0.000022
1195005 X 1195006 0.000022
1195005 X 1194723 0.000000
1195006 SX 1194984 0.999580
1195006 SX 1194983 0.000077
1195006 SX 1194987 0.000022
1195006 SX 1194986 0.000022
1195006 RZPI 1195006 1.000000
1195006 RZ3PI 1195005 1.000000
1195006 RZPIHalf 1194763 1.000000
1195006 S 1194762 1.000000
1195006 X 1194749 0.999580
1195006 X 1194747 0.000077
1195006 X 1194723 0.000299
1195006 X 1195006 0.000022
1195006 X 1195005 0.000022
1195103 SX 1195121 0.999656
1195103 SX 1194723 0.000344
1195103 RZPI 1195103 1.000000
1195103 RZ3PI 1195104 1.000000
1195103 RZPIHalf 1195686 1.000000
1195103 S 1195688 1.000000
1195103 X 1195104 0.999602
1195103 X 1195103 0.000099
1195103 X 1194723 0.000299
1195104 SX 1194723 0.999955
1195104 SX 1195121 0.000045
1195104 RZPI 1195104 1.000000
1195104 RZ3PI 1195103 1.000000
1195104 RZPIHalf 1195688 1.000000
1195104 S 1195686 1.000000
1195104 X 1195103 0.999602
1195104 X 1195104 0.000099
1195104 X 1194723 0.000299
1195121 SX 1195104 0.999602
1195121 SX 1195103 0.000099
1195121 SX 1194723 0.000299
1195121 RZPI 1195121 1.000000
1195121 RZ3PI 1195121 1.000000
1195121 RZPIHalf 1195121 1.000000
1195121 S 1195121 1.000000
1195121 X 1194723 0.999955
1195121 X 1195121 0.000045
1195165 SX 1194871 0.999580
1195165 SX 1194869 0.000077
1195165 SX 1194780 0.000022
1195165 SX 1194782 0.000022
1195165 RZPI 1195165 1.000000
1195165 RZ3PI 1195166 1.000000
1195165 RZPIHalf 1194984 1.000000
1195165 S 1194983 1.000000
1195165 X 1195167 0.999580
1195165 X 1195168 0.000077
1195165 X 1195165 0.000022
1195165 X 1195166 0.000022
1195166 SX 1194782 0.999580
1195166 SX 1194780 0.000077
1195166 SX 1194869 0.000022
1195166 SX 1194871 0.000022
1195166 RZPI 1195166 1.000000
1195166 RZ3PI 1195165 1.000000
1195166 RZPIHalf 1194983 1.000000
1195166 S 1194984 1.000000
1195166 X 1195168 0.999580
1195166 X 1195167 0.000077
1195166 X 1195166 0.000022
1195166 X 1195165 0.000022
1195167 SX 1194780 0.999580
1195167 SX 1194782 0.000077
1195167 SX 1194871 0.000022
1195167 SX 1194869 0.000022
1195167 RZPI 1195167 1.000000
1195167 RZ3PI 1195168 1.000000
1195167 RZPIHalf 1194986 1.000000
1195167 S 1194987 1.000000
1195167 X 1195165 0.999580
1195167 X 1195166 0.000077
1195167 X 1195167 0.000022
1195167 X 1195168 0.000022
1195168 SX 1194869 0.999580
1195168 SX 1194871 0.000077
1195168 SX 1194782 0.000022
1195168 SX 1194780 0.000022
1195168 RZPI 1195168 1.000000
1195168 RZ3PI 1195167 1.000000
1195168 RZPIHalf 1194987 1.000000
1195168 S 1194986 1.000000
1195168 X 1195166 0.999580
1195168 X 1195165 0.000077
1195168 X 1195168 0.000022
1195168 X 1195167 0.000022
1195686 SX 1195686 0.999602
1195686 SX 1195688 0.000099
1195686 SX 1194723 0.000299
1195686 RZPI 1195686 1.000000
1195686 RZ3PI 1195688 1.000000
1195686 RZPIHalf 1195104 1.000000
1195686 S 1195103 1.000000
1195686 X 1195686 0.999602
1195686 X 1195688 0.000099
1195686 X 1194723 0.000299
1195688 SX 1195688 0.999602
1195688 SX 1195686 0.000099
1195688 SX 1194723 0.000299
1195688 RZPI 1195688 1.000000
1195688 RZ3PI 1195686 1.000000
1195688 RZPIHalf 1195103 1.000000
1195688 S 1195104 1.000000
1195688 X 1195688 0.999602
1195688 X 1195686 0.000099
1195688 X 1194723 0.000299
ENDPOMDP
