BEGINPOMDP
INITIALSTATE: 1301231
STATES: 1301248,1301249,1301377,1301379,1301253,1301255,1302280,1301513,1301514,1301257,1301642,1301643,1302282,1301270,1301271,1301660,1301288,1301673,1301290,1301674,1301675,1301676,1301231,1301232,1301491,1301492,1301494,1301495,1301245,1301246
REWARDS: 1301248:0,1301249:0,1301377:0,1301379:0,1301253:0,1301255:0,1302280:0,1301513:0,1301514:0,1301257:0,1301642:0,1301643:0,1302282:0,1301270:0,1301271:1,1301660:0,1301288:0,1301673:0,1301290:0,1301674:0,1301675:0,1301676:0,1301231:0,1301232:0,1301491:0,1301492:0,1301494:0,1301495:0,1301245:0,1301246:0
GAMMA: 1301248:0,1301249:0,1301377:0,1301379:0,1301253:0,1301255:0,1302280:0,1301513:0,1301514:0,1301257:0,1301642:0,1301643:0,1302282:0,1301270:0,1301271:0,1301660:0,1301288:0,1301673:0,1301290:0,1301674:0,1301675:0,1301676:0,1301231:0,1301232:0,1301491:0,1301492:0,1301494:0,1301495:0,1301245:0,1301246:0
BEGINACTIONS
SX
RZPI
RZ3PI
RZPIHalf
S
X
ENDACTIONS
1301231 INIT_ 1301232 1.000000
1301231 SX 1301642 0.998192
1301231 SX 1301643 0.001071
1301231 SX 1301231 0.000737
1301231 RZPI 1301231 1.000000
1301231 RZ3PI 1301231 1.000000
1301231 RZPIHalf 1301231 1.000000
1301231 S 1301231 1.000000
1301231 X 1301660 0.998597
1301231 X 1301231 0.001403
1301232 SX 1301245 0.997859
1301232 SX 1301246 0.000738
1301232 SX 1301248 0.000333
1301232 SX 1301249 0.000333
1301232 RZPI 1301232 1.000000
1301232 RZ3PI 1301253 1.000000
1301232 RZPIHalf 1301255 1.000000
1301232 S 1301257 1.000000
1301232 X 1301270 0.997859
1301232 X 1301271 0.000738
1301232 X 1301232 0.000333
1301232 X 1301253 0.000333
1301232 X 1301231 0.000000
1301245 SX 1301270 0.997859
1301245 SX 1301271 0.000738
1301245 SX 1301232 0.000333
1301245 SX 1301253 0.000333
1301245 RZPI 1301245 1.000000
1301245 RZ3PI 1301246 1.000000
1301245 RZPIHalf 1301288 1.000000
1301245 S 1301290 1.000000
1301245 X 1301248 0.997859
1301245 X 1301249 0.000738
1301245 X 1301245 0.000333
1301245 X 1301246 0.000333
1301246 SX 1301253 0.997859
1301246 SX 1301232 0.000738
1301246 SX 1301271 0.000333
1301246 SX 1301270 0.000333
1301246 SX 1301231 0.000000
1301246 RZPI 1301246 1.000000
1301246 RZ3PI 1301245 1.000000
1301246 RZPIHalf 1301290 1.000000
1301246 S 1301288 1.000000
1301246 X 1301249 0.997859
1301246 X 1301248 0.000738
1301246 X 1301246 0.000333
1301246 X 1301245 0.000333
1301248 SX 1301232 0.997859
1301248 SX 1301253 0.000738
1301248 SX 1301270 0.000333
1301248 SX 1301271 0.000333
1301248 RZPI 1301248 1.000000
1301248 RZ3PI 1301249 1.000000
1301248 RZPIHalf 1301377 1.000000
1301248 S 1301379 1.000000
1301248 X 1301245 0.997859
1301248 X 1301246 0.000738
1301248 X 1301248 0.000333
1301248 X 1301249 0.000333
1301249 SX 1301271 0.997859
1301249 SX 1301270 0.000738
1301249 SX 1301231 0.000736
1301249 SX 1301253 0.000333
1301249 SX 1301232 0.000333
1301249 RZPI 1301249 1.000000
1301249 RZ3PI 1301248 1.000000
1301249 RZPIHalf 1301379 1.000000
1301249 S 1301377 1.000000
1301249 X 1301246 0.997859
1301249 X 1301245 0.000738
1301249 X 1301249 0.000333
1301249 X 1301248 0.000333
1301253 SX 1301249 0.997859
1301253 SX 1301248 0.000738
1301253 SX 1301246 0.000333
1301253 SX 1301245 0.000333
1301253 RZPI 1301253 1.000000
1301253 RZ3PI 1301232 1.000000
1301253 RZPIHalf 1301257 1.000000
1301253 S 1301255 1.000000
1301253 X 1301271 0.997859
1301253 X 1301270 0.000738
1301253 X 1301231 0.000736
1301253 X 1301253 0.000333
1301253 X 1301232 0.000333
1301255 SX 1301491 0.997859
1301255 SX 1301492 0.000738
1301255 SX 1301494 0.000333
1301255 SX 1301495 0.000333
1301255 RZPI 1301255 1.000000
1301255 RZ3PI 1301257 1.000000
1301255 RZPIHalf 1301253 1.000000
1301255 S 1301232 1.000000
1301255 X 1301513 0.997859
1301255 X 1301514 0.000738
1301255 X 1301231 0.000737
1301255 X 1301255 0.000333
1301255 X 1301257 0.000333
1301257 SX 1301495 0.997859
1301257 SX 1301494 0.000738
1301257 SX 1301492 0.000333
1301257 SX 1301491 0.000333
1301257 RZPI 1301257 1.000000
1301257 RZ3PI 1301255 1.000000
1301257 RZPIHalf 1301232 1.000000
1301257 S 1301253 1.000000
1301257 X 1301514 0.997859
1301257 X 1301513 0.000738
1301257 X 1301231 0.000736
1301257 X 1301257 0.000333
1301257 X 1301255 0.000333
1301270 SX 1301248 0.997859
1301270 SX 1301249 0.000738
1301270 SX 1301245 0.000333
1301270 SX 1301246 0.000333
1301270 RZPI 1301270 1.000000
1301270 RZ3PI 1301271 1.000000
1301270 RZPIHalf 1301514 1.000000
1301270 S 1301513 1.000000
1301270 X 1301232 0.997859
1301270 X 1301253 0.000738
1301270 X 1301270 0.000333
1301270 X 1301271 0.000333
1301270 X 1301231 0.000001
1301271 SX 1301246 0.997859
1301271 SX 1301245 0.000738
1301271 SX 1301249 0.000333
1301271 SX 1301248 0.000333
1301271 RZPI 1301271 1.000000
1301271 RZ3PI 1301270 1.000000
1301271 RZPIHalf 1301513 1.000000
1301271 S 1301514 1.000000
1301271 X 1301253 0.997859
1301271 X 1301232 0.000738
1301271 X 1301231 0.000736
1301271 X 1301271 0.000333
1301271 X 1301270 0.000333
1301288 SX 1301673 0.997859
1301288 SX 1301674 0.000738
1301288 SX 1301675 0.000333
1301288 SX 1301676 0.000333
1301288 RZPI 1301288 1.000000
1301288 RZ3PI 1301290 1.000000
1301288 RZPIHalf 1301246 1.000000
1301288 S 1301245 1.000000
1301288 X 1301379 0.997859
1301288 X 1301377 0.000738
1301288 X 1301288 0.000333
1301288 X 1301290 0.000333
1301290 SX 1301676 0.997859
1301290 SX 1301675 0.000738
1301290 SX 1301674 0.000333
1301290 SX 1301673 0.000333
1301290 RZPI 1301290 1.000000
1301290 RZ3PI 1301288 1.000000
1301290 RZPIHalf 1301245 1.000000
1301290 S 1301246 1.000000
1301290 X 1301377 0.997859
1301290 X 1301379 0.000738
1301290 X 1301290 0.000333
1301290 X 1301288 0.000333
1301377 SX 1301674 0.997859
1301377 SX 1301673 0.000738
1301377 SX 1301676 0.000333
1301377 SX 1301675 0.000333
1301377 RZPI 1301377 1.000000
1301377 RZ3PI 1301379 1.000000
1301377 RZPIHalf 1301249 1.000000
1301377 S 1301248 1.000000
1301377 X 1301290 0.997859
1301377 X 1301288 0.000738
1301377 X 1301377 0.000333
1301377 X 1301379 0.000333
1301379 SX 1301675 0.997859
1301379 SX 1301676 0.000738
1301379 SX 1301673 0.000333
1301379 SX 1301674 0.000333
1301379 RZPI 1301379 1.000000
1301379 RZ3PI 1301377 1.000000
1301379 RZPIHalf 1301248 1.000000
1301379 S 1301249 1.000000
1301379 X 1301288 0.997859
1301379 X 1301290 0.000738
1301379 X 1301379 0.000333
1301379 X 1301377 0.000333
1301491 SX 1301513 0.997859
1301491 SX 1301514 0.000738
1301491 SX 1301231 0.000737
1301491 SX 1301255 0.000333
1301491 SX 1301257 0.000333
1301491 RZPI 1301491 1.000000
1301491 RZ3PI 1301492 1.000000
1301491 RZPIHalf 1301673 1.000000
1301491 S 1301674 1.000000
1301491 X 1301494 0.997859
1301491 X 1301495 0.000738
1301491 X 1301491 0.000333
1301491 X 1301492 0.000333
1301492 SX 1301257 0.997859
1301492 SX 1301255 0.000738
1301492 SX 1301514 0.000333
1301492 SX 1301513 0.000333
1301492 SX 1301231 0.000000
1301492 RZPI 1301492 1.000000
1301492 RZ3PI 1301491 1.000000
1301492 RZPIHalf 1301674 1.000000
1301492 S 1301673 1.000000
1301492 X 1301495 0.997859
1301492 X 1301494 0.000738
1301492 X 1301492 0.000333
1301492 X 1301491 0.000333
1301494 SX 1301255 0.997859
1301494 SX 1301257 0.000738
1301494 SX 1301231 0.000737
1301494 SX 1301513 0.000333
1301494 SX 1301514 0.000333
1301494 RZPI 1301494 1.000000
1301494 RZ3PI 1301495 1.000000
1301494 RZPIHalf 1301676 1.000000
1301494 S 1301675 1.000000
1301494 X 1301491 0.997859
1301494 X 1301492 0.000738
1301494 X 1301494 0.000333
1301494 X 1301495 0.000333
1301495 SX 1301514 0.997859
1301495 SX 1301513 0.000738
1301495 SX 1301231 0.000736
1301495 SX 1301257 0.000333
1301495 SX 1301255 0.000333
1301495 RZPI 1301495 1.000000
1301495 RZ3PI 1301494 1.000000
1301495 RZPIHalf 1301675 1.000000
1301495 S 1301676 1.000000
1301495 X 1301492 0.997859
1301495 X 1301491 0.000738
1301495 X 1301495 0.000333
1301495 X 1301494 0.000333
1301513 SX 1301494 0.997859
1301513 SX 1301495 0.000738
1301513 SX 1301491 0.000333
1301513 SX 1301492 0.000333
1301513 RZPI 1301513 1.000000
1301513 RZ3PI 1301514 1.000000
1301513 RZPIHalf 1301270 1.000000
1301513 S 1301271 1.000000
1301513 X 1301255 0.997859
1301513 X 1301257 0.000738
1301513 X 1301231 0.000736
1301513 X 1301513 0.000333
1301513 X 1301514 0.000333
1301514 SX 1301492 0.997859
1301514 SX 1301491 0.000738
1301514 SX 1301495 0.000333
1301514 SX 1301494 0.000333
1301514 RZPI 1301514 1.000000
1301514 RZ3PI 1301513 1.000000
1301514 RZPIHalf 1301271 1.000000
1301514 S 1301270 1.000000
1301514 X 1301257 0.997859
1301514 X 1301255 0.000738
1301514 X 1301231 0.000736
1301514 X 1301514 0.000333
1301514 X 1301513 0.000333
1301642 SX 1301660 0.998597
1301642 SX 1301231 0.001403
1301642 RZPI 1301642 1.000000
1301642 RZ3PI 1301643 1.000000
1301642 RZPIHalf 1302280 1.000000
1301642 S 1302282 1.000000
1301642 X 1301643 0.998192
1301642 X 1301642 0.001071
1301642 X 1301231 0.000737
1301643 SX 1301231 0.999334
1301643 SX 1301660 0.000666
1301643 RZPI 1301643 1.000000
1301643 RZ3PI 1301642 1.000000
1301643 RZPIHalf 1302282 1.000000
1301643 S 1302280 1.000000
1301643 X 1301642 0.998192
1301643 X 1301643 0.001071
1301643 X 1301231 0.000737
1301660 SX 1301643 0.998192
1301660 SX 1301642 0.001071
1301660 SX 1301231 0.000737
1301660 RZPI 1301660 1.000000
1301660 RZ3PI 1301660 1.000000
1301660 RZPIHalf 1301660 1.000000
1301660 S 1301660 1.000000
1301660 X 1301231 0.999334
1301660 X 1301660 0.000666
1301673 SX 1301379 0.997859
1301673 SX 1301377 0.000738
1301673 SX 1301288 0.000333
1301673 SX 1301290 0.000333
1301673 RZPI 1301673 1.000000
1301673 RZ3PI 1301674 1.000000
1301673 RZPIHalf 1301492 1.000000
1301673 S 1301491 1.000000
1301673 X 1301675 0.997859
1301673 X 1301676 0.000738
1301673 X 1301673 0.000333
1301673 X 1301674 0.000333
1301674 SX 1301290 0.997859
1301674 SX 1301288 0.000738
1301674 SX 1301377 0.000333
1301674 SX 1301379 0.000333
1301674 RZPI 1301674 1.000000
1301674 RZ3PI 1301673 1.000000
1301674 RZPIHalf 1301491 1.000000
1301674 S 1301492 1.000000
1301674 X 1301676 0.997859
1301674 X 1301675 0.000738
1301674 X 1301674 0.000333
1301674 X 1301673 0.000333
1301675 SX 1301288 0.997859
1301675 SX 1301290 0.000738
1301675 SX 1301379 0.000333
1301675 SX 1301377 0.000333
1301675 RZPI 1301675 1.000000
1301675 RZ3PI 1301676 1.000000
1301675 RZPIHalf 1301494 1.000000
1301675 S 1301495 1.000000
1301675 X 1301673 0.997859
1301675 X 1301674 0.000738
1301675 X 1301675 0.000333
1301675 X 1301676 0.000333
1301676 SX 1301377 0.997859
1301676 SX 1301379 0.000738
1301676 SX 1301290 0.000333
1301676 SX 1301288 0.000333
1301676 RZPI 1301676 1.000000
1301676 RZ3PI 1301675 1.000000
1301676 RZPIHalf 1301495 1.000000
1301676 S 1301494 1.000000
1301676 X 1301674 0.997859
1301676 X 1301673 0.000738
1301676 X 1301676 0.000333
1301676 X 1301675 0.000333
1302280 SX 1302280 0.998192
1302280 SX 1302282 0.001071
1302280 SX 1301231 0.000737
1302280 RZPI 1302280 1.000000
1302280 RZ3PI 1302282 1.000000
1302280 RZPIHalf 1301643 1.000000
1302280 S 1301642 1.000000
1302280 X 1302280 0.998192
1302280 X 1302282 0.001071
1302280 X 1301231 0.000737
1302282 SX 1302282 0.998192
1302282 SX 1302280 0.001071
1302282 SX 1301231 0.000737
1302282 RZPI 1302282 1.000000
1302282 RZ3PI 1302280 1.000000
1302282 RZPIHalf 1301642 1.000000
1302282 S 1301643 1.000000
1302282 X 1302282 0.998192
1302282 X 1302280 0.001071
1302282 X 1301231 0.000737
ENDPOMDP
