BEGINPOMDP
INITIALSTATE: 1189923
STATES: 1190303,1190304,1189923,1189924,1190183,1190184,1190186,1190187,1189937,1189938,1190321,1189940,1189941,1190069,1190071,1189945,1189947,1189949,1190205,1190206,1189962,1189963,1189980,1190365,1189982,1190366,1190367,1190368,1190886,1190888
REWARDS: 1190303:0,1190304:0,1189923:0,1189924:0,1190183:0,1190184:0,1190186:0,1190187:0,1189937:0,1189938:0,1190321:0,1189940:0,1189941:0,1190069:0,1190071:0,1189945:0,1189947:0,1189949:0,1190205:0,1190206:0,1189962:0,1189963:1,1189980:0,1190365:0,1189982:0,1190366:0,1190367:0,1190368:0,1190886:0,1190888:0
GAMMA: 1190303:0,1190304:0,1189923:0,1189924:0,1190183:0,1190184:0,1190186:0,1190187:0,1189937:0,1189938:0,1190321:0,1189940:0,1189941:0,1190069:0,1190071:0,1189945:0,1189947:0,1189949:0,1190205:0,1190206:0,1189962:0,1189963:0,1189980:0,1190365:0,1189982:0,1190366:0,1190367:0,1190368:0,1190886:0,1190888:0
BEGINACTIONS
SX
RZPI
RZ3PI
RZPIHalf
S
X
ENDACTIONS
1189923 INIT_ 1189924 1.000000
1189923 SX 1190303 0.999526
1189923 SX 1190304 0.000153
1189923 SX 1189923 0.000321
1189923 RZPI 1189923 1.000000
1189923 RZ3PI 1189923 1.000000
1189923 RZPIHalf 1189923 1.000000
1189923 S 1189923 1.000000
1189923 X 1190321 0.999561
1189923 X 1189923 0.000439
1189924 SX 1189937 0.999467
1189924 SX 1189938 0.000094
1189924 SX 1189940 0.000059
1189924 SX 1189941 0.000059
1189924 RZPI 1189924 1.000000
1189924 RZ3PI 1189945 1.000000
1189924 RZPIHalf 1189947 1.000000
1189924 S 1189949 1.000000
1189924 X 1189962 0.999467
1189924 X 1189963 0.000094
1189924 X 1189923 0.000321
1189924 X 1189924 0.000059
1189924 X 1189945 0.000059
1189937 SX 1189962 0.999467
1189937 SX 1189963 0.000094
1189937 SX 1189923 0.000321
1189937 SX 1189924 0.000059
1189937 SX 1189945 0.000059
1189937 RZPI 1189937 1.000000
1189937 RZ3PI 1189938 1.000000
1189937 RZPIHalf 1189980 1.000000
1189937 S 1189982 1.000000
1189937 X 1189940 0.999467
1189937 X 1189941 0.000094
1189937 X 1189937 0.000059
1189937 X 1189938 0.000059
1189938 SX 1189945 0.999467
1189938 SX 1189924 0.000094
1189938 SX 1189923 0.000321
1189938 SX 1189963 0.000059
1189938 SX 1189962 0.000059
1189938 RZPI 1189938 1.000000
1189938 RZ3PI 1189937 1.000000
1189938 RZPIHalf 1189982 1.000000
1189938 S 1189980 1.000000
1189938 X 1189941 0.999467
1189938 X 1189940 0.000094
1189938 X 1189938 0.000059
1189938 X 1189937 0.000059
1189940 SX 1189924 0.999467
1189940 SX 1189945 0.000094
1189940 SX 1189923 0.000321
1189940 SX 1189962 0.000059
1189940 SX 1189963 0.000059
1189940 RZPI 1189940 1.000000
1189940 RZ3PI 1189941 1.000000
1189940 RZPIHalf 1190069 1.000000
1189940 S 1190071 1.000000
1189940 X 1189937 0.999467
1189940 X 1189938 0.000094
1189940 X 1189940 0.000059
1189940 X 1189941 0.000059
1189941 SX 1189963 0.999467
1189941 SX 1189962 0.000094
1189941 SX 1189945 0.000059
1189941 SX 1189924 0.000059
1189941 SX 1189923 0.000000
1189941 RZPI 1189941 1.000000
1189941 RZ3PI 1189940 1.000000
1189941 RZPIHalf 1190071 1.000000
1189941 S 1190069 1.000000
1189941 X 1189938 0.999467
1189941 X 1189937 0.000094
1189941 X 1189941 0.000059
1189941 X 1189940 0.000059
1189945 SX 1189941 0.999467
1189945 SX 1189940 0.000094
1189945 SX 1189938 0.000059
1189945 SX 1189937 0.000059
1189945 RZPI 1189945 1.000000
1189945 RZ3PI 1189924 1.000000
1189945 RZPIHalf 1189949 1.000000
1189945 S 1189947 1.000000
1189945 X 1189963 0.999467
1189945 X 1189962 0.000094
1189945 X 1189945 0.000059
1189945 X 1189924 0.000059
1189945 X 1189923 0.000000
1189947 SX 1190183 0.999467
1189947 SX 1190184 0.000094
1189947 SX 1190186 0.000059
1189947 SX 1190187 0.000059
1189947 RZPI 1189947 1.000000
1189947 RZ3PI 1189949 1.000000
1189947 RZPIHalf 1189945 1.000000
1189947 S 1189924 1.000000
1189947 X 1190205 0.999467
1189947 X 1190206 0.000094
1189947 X 1189923 0.000321
1189947 X 1189947 0.000059
1189947 X 1189949 0.000059
1189949 SX 1190187 0.999467
1189949 SX 1190186 0.000094
1189949 SX 1190184 0.000059
1189949 SX 1190183 0.000059
1189949 RZPI 1189949 1.000000
1189949 RZ3PI 1189947 1.000000
1189949 RZPIHalf 1189924 1.000000
1189949 S 1189945 1.000000
1189949 X 1190206 0.999467
1189949 X 1190205 0.000094
1189949 X 1189949 0.000059
1189949 X 1189947 0.000059
1189949 X 1189923 0.000000
1189962 SX 1189940 0.999467
1189962 SX 1189941 0.000094
1189962 SX 1189937 0.000059
1189962 SX 1189938 0.000059
1189962 RZPI 1189962 1.000000
1189962 RZ3PI 1189963 1.000000
1189962 RZPIHalf 1190206 1.000000
1189962 S 1190205 1.000000
1189962 X 1189924 0.999467
1189962 X 1189945 0.000094
1189962 X 1189923 0.000321
1189962 X 1189962 0.000059
1189962 X 1189963 0.000059
1189963 SX 1189938 0.999467
1189963 SX 1189937 0.000094
1189963 SX 1189941 0.000059
1189963 SX 1189940 0.000059
1189963 RZPI 1189963 1.000000
1189963 RZ3PI 1189962 1.000000
1189963 RZPIHalf 1190205 1.000000
1189963 S 1190206 1.000000
1189963 X 1189945 0.999467
1189963 X 1189924 0.000094
1189963 X 1189923 0.000321
1189963 X 1189963 0.000059
1189963 X 1189962 0.000059
1189980 SX 1190365 0.999467
1189980 SX 1190366 0.000094
1189980 SX 1190367 0.000059
1189980 SX 1190368 0.000059
1189980 RZPI 1189980 1.000000
1189980 RZ3PI 1189982 1.000000
1189980 RZPIHalf 1189938 1.000000
1189980 S 1189937 1.000000
1189980 X 1190071 0.999467
1189980 X 1190069 0.000094
1189980 X 1189980 0.000059
1189980 X 1189982 0.000059
1189982 SX 1190368 0.999467
1189982 SX 1190367 0.000094
1189982 SX 1190366 0.000059
1189982 SX 1190365 0.000059
1189982 RZPI 1189982 1.000000
1189982 RZ3PI 1189980 1.000000
1189982 RZPIHalf 1189937 1.000000
1189982 S 1189938 1.000000
1189982 X 1190069 0.999467
1189982 X 1190071 0.000094
1189982 X 1189982 0.000059
1189982 X 1189980 0.000059
1190069 SX 1190366 0.999467
1190069 SX 1190365 0.000094
1190069 SX 1190368 0.000059
1190069 SX 1190367 0.000059
1190069 RZPI 1190069 1.000000
1190069 RZ3PI 1190071 1.000000
1190069 RZPIHalf 1189941 1.000000
1190069 S 1189940 1.000000
1190069 X 1189982 0.999467
1190069 X 1189980 0.000094
1190069 X 1190069 0.000059
1190069 X 1190071 0.000059
1190071 SX 1190367 0.999467
1190071 SX 1190368 0.000094
1190071 SX 1190365 0.000059
1190071 SX 1190366 0.000059
1190071 RZPI 1190071 1.000000
1190071 RZ3PI 1190069 1.000000
1190071 RZPIHalf 1189940 1.000000
1190071 S 1189941 1.000000
1190071 X 1189980 0.999467
1190071 X 1189982 0.000094
1190071 X 1190071 0.000059
1190071 X 1190069 0.000059
1190183 SX 1190205 0.999467
1190183 SX 1190206 0.000094
1190183 SX 1189947 0.000059
1190183 SX 1189949 0.000059
1190183 SX 1189923 0.000000
1190183 RZPI 1190183 1.000000
1190183 RZ3PI 1190184 1.000000
1190183 RZPIHalf 1190365 1.000000
1190183 S 1190366 1.000000
1190183 X 1190186 0.999467
1190183 X 1190187 0.000094
1190183 X 1190183 0.000059
1190183 X 1190184 0.000059
1190184 SX 1189949 0.999467
1190184 SX 1189947 0.000094
1190184 SX 1189923 0.000321
1190184 SX 1190206 0.000059
1190184 SX 1190205 0.000059
1190184 RZPI 1190184 1.000000
1190184 RZ3PI 1190183 1.000000
1190184 RZPIHalf 1190366 1.000000
1190184 S 1190365 1.000000
1190184 X 1190187 0.999467
1190184 X 1190186 0.000094
1190184 X 1190184 0.000059
1190184 X 1190183 0.000059
1190186 SX 1189947 0.999467
1190186 SX 1189949 0.000094
1190186 SX 1190205 0.000059
1190186 SX 1190206 0.000059
1190186 SX 1189923 0.000000
1190186 RZPI 1190186 1.000000
1190186 RZ3PI 1190187 1.000000
1190186 RZPIHalf 1190368 1.000000
1190186 S 1190367 1.000000
1190186 X 1190183 0.999467
1190186 X 1190184 0.000094
1190186 X 1190186 0.000059
1190186 X 1190187 0.000059
1190187 SX 1190206 0.999467
1190187 SX 1190205 0.000094
1190187 SX 1189949 0.000059
1190187 SX 1189947 0.000059
1190187 SX 1189923 0.000000
1190187 RZPI 1190187 1.000000
1190187 RZ3PI 1190186 1.000000
1190187 RZPIHalf 1190367 1.000000
1190187 S 1190368 1.000000
1190187 X 1190184 0.999467
1190187 X 1190183 0.000094
1190187 X 1190187 0.000059
1190187 X 1190186 0.000059
1190205 SX 1190186 0.999467
1190205 SX 1190187 0.000094
1190205 SX 1190183 0.000059
1190205 SX 1190184 0.000059
1190205 RZPI 1190205 1.000000
1190205 RZ3PI 1190206 1.000000
1190205 RZPIHalf 1189962 1.000000
1190205 S 1189963 1.000000
1190205 X 1189947 0.999467
1190205 X 1189949 0.000094
1190205 X 1190205 0.000059
1190205 X 1190206 0.000059
1190205 X 1189923 0.000000
1190206 SX 1190184 0.999467
1190206 SX 1190183 0.000094
1190206 SX 1190187 0.000059
1190206 SX 1190186 0.000059
1190206 RZPI 1190206 1.000000
1190206 RZ3PI 1190205 1.000000
1190206 RZPIHalf 1189963 1.000000
1190206 S 1189962 1.000000
1190206 X 1189949 0.999467
1190206 X 1189947 0.000094
1190206 X 1190206 0.000059
1190206 X 1190205 0.000059
1190303 SX 1190321 0.999561
1190303 SX 1189923 0.000439
1190303 RZPI 1190303 1.000000
1190303 RZ3PI 1190304 1.000000
1190303 RZPIHalf 1190886 1.000000
1190303 S 1190888 1.000000
1190303 X 1190304 0.999526
1190303 X 1190303 0.000153
1190303 X 1189923 0.000321
1190304 SX 1189923 0.999882
1190304 SX 1190321 0.000118
1190304 RZPI 1190304 1.000000
1190304 RZ3PI 1190303 1.000000
1190304 RZPIHalf 1190888 1.000000
1190304 S 1190886 1.000000
1190304 X 1190303 0.999526
1190304 X 1190304 0.000153
1190304 X 1189923 0.000321
1190321 SX 1190304 0.999526
1190321 SX 1190303 0.000153
1190321 SX 1189923 0.000321
1190321 RZPI 1190321 1.000000
1190321 RZ3PI 1190321 1.000000
1190321 RZPIHalf 1190321 1.000000
1190321 S 1190321 1.000000
1190321 X 1189923 0.999882
1190321 X 1190321 0.000118
1190365 SX 1190071 0.999467
1190365 SX 1190069 0.000094
1190365 SX 1189980 0.000059
1190365 SX 1189982 0.000059
1190365 RZPI 1190365 1.000000
1190365 RZ3PI 1190366 1.000000
1190365 RZPIHalf 1190184 1.000000
1190365 S 1190183 1.000000
1190365 X 1190367 0.999467
1190365 X 1190368 0.000094
1190365 X 1190365 0.000059
1190365 X 1190366 0.000059
1190366 SX 1189982 0.999467
1190366 SX 1189980 0.000094
1190366 SX 1190069 0.000059
1190366 SX 1190071 0.000059
1190366 RZPI 1190366 1.000000
1190366 RZ3PI 1190365 1.000000
1190366 RZPIHalf 1190183 1.000000
1190366 S 1190184 1.000000
1190366 X 1190368 0.999467
1190366 X 1190367 0.000094
1190366 X 1190366 0.000059
1190366 X 1190365 0.000059
1190367 SX 1189980 0.999467
1190367 SX 1189982 0.000094
1190367 SX 1190071 0.000059
1190367 SX 1190069 0.000059
1190367 RZPI 1190367 1.000000
1190367 RZ3PI 1190368 1.000000
1190367 RZPIHalf 1190186 1.000000
1190367 S 1190187 1.000000
1190367 X 1190365 0.999467
1190367 X 1190366 0.000094
1190367 X 1190367 0.000059
1190367 X 1190368 0.000059
1190368 SX 1190069 0.999467
1190368 SX 1190071 0.000094
1190368 SX 1189982 0.000059
1190368 SX 1189980 0.000059
1190368 RZPI 1190368 1.000000
1190368 RZ3PI 1190367 1.000000
1190368 RZPIHalf 1190187 1.000000
1190368 S 1190186 1.000000
1190368 X 1190366 0.999467
1190368 X 1190365 0.000094
1190368 X 1190368 0.000059
1190368 X 1190367 0.000059
1190886 SX 1190886 0.999526
1190886 SX 1190888 0.000153
1190886 SX 1189923 0.000321
1190886 RZPI 1190886 1.000000
1190886 RZ3PI 1190888 1.000000
1190886 RZPIHalf 1190304 1.000000
1190886 S 1190303 1.000000
1190886 X 1190886 0.999526
1190886 X 1190888 0.000153
1190886 X 1189923 0.000321
1190888 SX 1190888 0.999526
1190888 SX 1190886 0.000153
1190888 SX 1189923 0.000321
1190888 RZPI 1190888 1.000000
1190888 RZ3PI 1190886 1.000000
1190888 RZPIHalf 1190303 1.000000
1190888 S 1190304 1.000000
1190888 X 1190888 0.999526
1190888 X 1190886 0.000153
1190888 X 1189923 0.000321
ENDPOMDP
