BEGINPOMDP
INITIALSTATE: 314
STATES: 405,406,407,408,417,418,314,315,320,321,322,323,326,328,330,459,460,461,462,335,336,344,346,358,360
REWARDS: 405:0,406:0,407:0,408:0,417:0,418:0,314:0,315:0,320:0,321:0,322:0,323:0,326:0,328:0,330:0,459:0,460:0,461:0,462:0,335:0,336:1,344:0,346:0,358:0,360:0
GAMMA: 405:0,406:0,407:0,408:0,417:0,418:0,314:0,315:0,320:0,321:0,322:0,323:0,326:0,328:0,330:0,459:0,460:0,461:0,462:0,335:0,336:0,344:0,346:0,358:0,360:0
BEGINACTIONS
SX
RZPI
RZ3PI
RZPIHalf
S
X
ENDACTIONS
314 INIT_ 315 1.000000
315 SX 320 0.981977
315 SX 321 0.006008
315 SX 322 0.006008
315 SX 323 0.006008
315 RZPI 315 1.000000
315 RZ3PI 326 1.000000
315 RZPIHalf 328 1.000000
315 S 330 1.000000
315 X 335 0.981977
315 X 315 0.006008
315 X 326 0.006008
315 X 336 0.006008
320 SX 335 0.981977
320 SX 315 0.006008
320 SX 326 0.006008
320 SX 336 0.006008
320 RZPI 320 1.000000
320 RZ3PI 323 1.000000
320 RZPIHalf 344 1.000000
320 S 346 1.000000
320 X 321 0.981977
320 X 320 0.006008
320 X 323 0.006008
320 X 322 0.006008
321 SX 315 0.981977
321 SX 335 0.006008
321 SX 336 0.006008
321 SX 326 0.006008
321 RZPI 321 1.000000
321 RZ3PI 322 1.000000
321 RZPIHalf 358 1.000000
321 S 360 1.000000
321 X 320 0.981977
321 X 321 0.006008
321 X 322 0.006008
321 X 323 0.006008
322 SX 336 0.981977
322 SX 326 0.006008
322 SX 315 0.006008
322 SX 335 0.006008
322 RZPI 322 1.000000
322 RZ3PI 321 1.000000
322 RZPIHalf 360 1.000000
322 S 358 1.000000
322 X 323 0.981977
322 X 322 0.006008
322 X 321 0.006008
322 X 320 0.006008
323 SX 326 0.981977
323 SX 336 0.006008
323 SX 335 0.006008
323 SX 315 0.006008
323 RZPI 323 1.000000
323 RZ3PI 320 1.000000
323 RZPIHalf 346 1.000000
323 S 344 1.000000
323 X 322 0.981977
323 X 323 0.006008
323 X 320 0.006008
323 X 321 0.006008
326 SX 322 0.981977
326 SX 323 0.006008
326 SX 320 0.006008
326 SX 321 0.006008
326 RZPI 326 1.000000
326 RZ3PI 315 1.000000
326 RZPIHalf 330 1.000000
326 S 328 1.000000
326 X 336 0.981977
326 X 326 0.006008
326 X 315 0.006008
326 X 335 0.006008
328 SX 405 0.981977
328 SX 406 0.006008
328 SX 407 0.006008
328 SX 408 0.006008
328 RZPI 328 1.000000
328 RZ3PI 330 1.000000
328 RZPIHalf 326 1.000000
328 S 315 1.000000
328 X 417 0.981977
328 X 328 0.006008
328 X 330 0.006008
328 X 418 0.006008
330 SX 407 0.981977
330 SX 408 0.006008
330 SX 405 0.006008
330 SX 406 0.006008
330 RZPI 330 1.000000
330 RZ3PI 328 1.000000
330 RZPIHalf 315 1.000000
330 S 326 1.000000
330 X 418 0.981977
330 X 330 0.006008
330 X 328 0.006008
330 X 417 0.006008
335 SX 321 0.981977
335 SX 320 0.006008
335 SX 323 0.006008
335 SX 322 0.006008
335 RZPI 335 1.000000
335 RZ3PI 336 1.000000
335 RZPIHalf 418 1.000000
335 S 417 1.000000
335 X 315 0.981977
335 X 335 0.006008
335 X 336 0.006008
335 X 326 0.006008
336 SX 323 0.981977
336 SX 322 0.006008
336 SX 321 0.006008
336 SX 320 0.006008
336 RZPI 336 1.000000
336 RZ3PI 335 1.000000
336 RZPIHalf 417 1.000000
336 S 418 1.000000
336 X 326 0.981977
336 X 336 0.006008
336 X 335 0.006008
336 X 315 0.006008
344 SX 459 0.981977
344 SX 460 0.006008
344 SX 461 0.006008
344 SX 462 0.006008
344 RZPI 344 1.000000
344 RZ3PI 346 1.000000
344 RZPIHalf 323 1.000000
344 S 320 1.000000
344 X 360 0.981977
344 X 344 0.006008
344 X 346 0.006008
344 X 358 0.006008
346 SX 461 0.981977
346 SX 462 0.006008
346 SX 459 0.006008
346 SX 460 0.006008
346 RZPI 346 1.000000
346 RZ3PI 344 1.000000
346 RZPIHalf 320 1.000000
346 S 323 1.000000
346 X 358 0.981977
346 X 346 0.006008
346 X 344 0.006008
346 X 360 0.006008
358 SX 462 0.981977
358 SX 461 0.006008
358 SX 460 0.006008
358 SX 459 0.006008
358 RZPI 358 1.000000
358 RZ3PI 360 1.000000
358 RZPIHalf 322 1.000000
358 S 321 1.000000
358 X 346 0.981977
358 X 358 0.006008
358 X 360 0.006008
358 X 344 0.006008
360 SX 460 0.981977
360 SX 459 0.006008
360 SX 462 0.006008
360 SX 461 0.006008
360 RZPI 360 1.000000
360 RZ3PI 358 1.000000
360 RZPIHalf 321 1.000000
360 S 322 1.000000
360 X 344 0.981977
360 X 360 0.006008
360 X 358 0.006008
360 X 346 0.006008
405 SX 417 0.981977
405 SX 328 0.006008
405 SX 330 0.006008
405 SX 418 0.006008
405 RZPI 405 1.000000
405 RZ3PI 408 1.000000
405 RZPIHalf 459 1.000000
405 S 462 1.000000
405 X 406 0.981977
405 X 405 0.006008
405 X 408 0.006008
405 X 407 0.006008
406 SX 328 0.981977
406 SX 417 0.006008
406 SX 418 0.006008
406 SX 330 0.006008
406 RZPI 406 1.000000
406 RZ3PI 407 1.000000
406 RZPIHalf 461 1.000000
406 S 460 1.000000
406 X 405 0.981977
406 X 406 0.006008
406 X 407 0.006008
406 X 408 0.006008
407 SX 418 0.981977
407 SX 330 0.006008
407 SX 328 0.006008
407 SX 417 0.006008
407 RZPI 407 1.000000
407 RZ3PI 406 1.000000
407 RZPIHalf 460 1.000000
407 S 461 1.000000
407 X 408 0.981977
407 X 407 0.006008
407 X 406 0.006008
407 X 405 0.006008
408 SX 330 0.981977
408 SX 418 0.006008
408 SX 417 0.006008
408 SX 328 0.006008
408 RZPI 408 1.000000
408 RZ3PI 405 1.000000
408 RZPIHalf 462 1.000000
408 S 459 1.000000
408 X 407 0.981977
408 X 408 0.006008
408 X 405 0.006008
408 X 406 0.006008
417 SX 406 0.981977
417 SX 405 0.006008
417 SX 408 0.006008
417 SX 407 0.006008
417 RZPI 417 1.000000
417 RZ3PI 418 1.000000
417 RZPIHalf 335 1.000000
417 S 336 1.000000
417 X 328 0.981977
417 X 417 0.006008
417 X 418 0.006008
417 X 330 0.006008
418 SX 408 0.981977
418 SX 407 0.006008
418 SX 406 0.006008
418 SX 405 0.006008
418 RZPI 418 1.000000
418 RZ3PI 417 1.000000
418 RZPIHalf 336 1.000000
418 S 335 1.000000
418 X 330 0.981977
418 X 418 0.006008
418 X 417 0.006008
418 X 328 0.006008
459 SX 360 0.981977
459 SX 344 0.006008
459 SX 346 0.006008
459 SX 358 0.006008
459 RZPI 459 1.000000
459 RZ3PI 462 1.000000
459 RZPIHalf 408 1.000000
459 S 405 1.000000
459 X 460 0.981977
459 X 459 0.006008
459 X 462 0.006008
459 X 461 0.006008
460 SX 344 0.981977
460 SX 360 0.006008
460 SX 358 0.006008
460 SX 346 0.006008
460 RZPI 460 1.000000
460 RZ3PI 461 1.000000
460 RZPIHalf 406 1.000000
460 S 407 1.000000
460 X 459 0.981977
460 X 460 0.006008
460 X 461 0.006008
460 X 462 0.006008
461 SX 358 0.981977
461 SX 346 0.006008
461 SX 344 0.006008
461 SX 360 0.006008
461 RZPI 461 1.000000
461 RZ3PI 460 1.000000
461 RZPIHalf 407 1.000000
461 S 406 1.000000
461 X 462 0.981977
461 X 461 0.006008
461 X 460 0.006008
461 X 459 0.006008
462 SX 346 0.981977
462 SX 358 0.006008
462 SX 360 0.006008
462 SX 344 0.006008
462 RZPI 462 1.000000
462 RZ3PI 459 1.000000
462 RZPIHalf 405 1.000000
462 S 408 1.000000
462 X 461 0.981977
462 X 462 0.006008
462 X 459 0.006008
462 X 460 0.006008
ENDPOMDP
