BEGINPOMDP
INITIALSTATE: 2192
STATES: 2192,2193,2198,2199,2200,2201,2204,2206,2208,2337,2338,2339,2340,2213,2214,2222,2224,2236,2238,2283,2284,2285,2286,2295,2296
REWARDS: 2192:0,2193:0,2198:0,2199:0,2200:0,2201:0,2204:0,2206:0,2208:0,2337:0,2338:0,2339:0,2340:0,2213:0,2214:1,2222:0,2224:0,2236:0,2238:0,2283:0,2284:0,2285:0,2286:0,2295:0,2296:0
GAMMA: 2192:0,2193:0,2198:0,2199:0,2200:0,2201:0,2204:0,2206:0,2208:0,2337:0,2338:0,2339:0,2340:0,2213:0,2214:0,2222:0,2224:0,2236:0,2238:0,2283:0,2284:0,2285:0,2286:0,2295:0,2296:0
BEGINACTIONS
SX
RZPI
RZ3PI
RZPIHalf
S
X
ENDACTIONS
2192 INIT_ 2193 1.000000
2193 SX 2198 0.999342
2193 SX 2199 0.000219
2193 SX 2200 0.000219
2193 SX 2201 0.000219
2193 RZPI 2193 1.000000
2193 RZ3PI 2204 1.000000
2193 RZPIHalf 2206 1.000000
2193 S 2208 1.000000
2193 X 2213 0.999342
2193 X 2193 0.000219
2193 X 2204 0.000219
2193 X 2214 0.000219
2198 SX 2213 0.999342
2198 SX 2193 0.000219
2198 SX 2204 0.000219
2198 SX 2214 0.000219
2198 RZPI 2198 1.000000
2198 RZ3PI 2201 1.000000
2198 RZPIHalf 2222 1.000000
2198 S 2224 1.000000
2198 X 2199 0.999342
2198 X 2198 0.000219
2198 X 2201 0.000219
2198 X 2200 0.000219
2199 SX 2193 0.999342
2199 SX 2213 0.000219
2199 SX 2214 0.000219
2199 SX 2204 0.000219
2199 RZPI 2199 1.000000
2199 RZ3PI 2200 1.000000
2199 RZPIHalf 2236 1.000000
2199 S 2238 1.000000
2199 X 2198 0.999342
2199 X 2199 0.000219
2199 X 2200 0.000219
2199 X 2201 0.000219
2200 SX 2214 0.999342
2200 SX 2204 0.000219
2200 SX 2193 0.000219
2200 SX 2213 0.000219
2200 RZPI 2200 1.000000
2200 RZ3PI 2199 1.000000
2200 RZPIHalf 2238 1.000000
2200 S 2236 1.000000
2200 X 2201 0.999342
2200 X 2200 0.000219
2200 X 2199 0.000219
2200 X 2198 0.000219
2201 SX 2204 0.999342
2201 SX 2214 0.000219
2201 SX 2213 0.000219
2201 SX 2193 0.000219
2201 RZPI 2201 1.000000
2201 RZ3PI 2198 1.000000
2201 RZPIHalf 2224 1.000000
2201 S 2222 1.000000
2201 X 2200 0.999342
2201 X 2201 0.000219
2201 X 2198 0.000219
2201 X 2199 0.000219
2204 SX 2200 0.999342
2204 SX 2201 0.000219
2204 SX 2198 0.000219
2204 SX 2199 0.000219
2204 RZPI 2204 1.000000
2204 RZ3PI 2193 1.000000
2204 RZPIHalf 2208 1.000000
2204 S 2206 1.000000
2204 X 2214 0.999342
2204 X 2204 0.000219
2204 X 2193 0.000219
2204 X 2213 0.000219
2206 SX 2283 0.999342
2206 SX 2284 0.000219
2206 SX 2285 0.000219
2206 SX 2286 0.000219
2206 RZPI 2206 1.000000
2206 RZ3PI 2208 1.000000
2206 RZPIHalf 2204 1.000000
2206 S 2193 1.000000
2206 X 2295 0.999342
2206 X 2206 0.000219
2206 X 2208 0.000219
2206 X 2296 0.000219
2208 SX 2285 0.999342
2208 SX 2286 0.000219
2208 SX 2283 0.000219
2208 SX 2284 0.000219
2208 RZPI 2208 1.000000
2208 RZ3PI 2206 1.000000
2208 RZPIHalf 2193 1.000000
2208 S 2204 1.000000
2208 X 2296 0.999342
2208 X 2208 0.000219
2208 X 2206 0.000219
2208 X 2295 0.000219
2213 SX 2199 0.999342
2213 SX 2198 0.000219
2213 SX 2201 0.000219
2213 SX 2200 0.000219
2213 RZPI 2213 1.000000
2213 RZ3PI 2214 1.000000
2213 RZPIHalf 2296 1.000000
2213 S 2295 1.000000
2213 X 2193 0.999342
2213 X 2213 0.000219
2213 X 2214 0.000219
2213 X 2204 0.000219
2214 SX 2201 0.999342
2214 SX 2200 0.000219
2214 SX 2199 0.000219
2214 SX 2198 0.000219
2214 RZPI 2214 1.000000
2214 RZ3PI 2213 1.000000
2214 RZPIHalf 2295 1.000000
2214 S 2296 1.000000
2214 X 2204 0.999342
2214 X 2214 0.000219
2214 X 2213 0.000219
2214 X 2193 0.000219
2222 SX 2337 0.999342
2222 SX 2338 0.000219
2222 SX 2339 0.000219
2222 SX 2340 0.000219
2222 RZPI 2222 1.000000
2222 RZ3PI 2224 1.000000
2222 RZPIHalf 2201 1.000000
2222 S 2198 1.000000
2222 X 2238 0.999342
2222 X 2222 0.000219
2222 X 2224 0.000219
2222 X 2236 0.000219
2224 SX 2339 0.999342
2224 SX 2340 0.000219
2224 SX 2337 0.000219
2224 SX 2338 0.000219
2224 RZPI 2224 1.000000
2224 RZ3PI 2222 1.000000
2224 RZPIHalf 2198 1.000000
2224 S 2201 1.000000
2224 X 2236 0.999342
2224 X 2224 0.000219
2224 X 2222 0.000219
2224 X 2238 0.000219
2236 SX 2340 0.999342
2236 SX 2339 0.000219
2236 SX 2338 0.000219
2236 SX 2337 0.000219
2236 RZPI 2236 1.000000
2236 RZ3PI 2238 1.000000
2236 RZPIHalf 2200 1.000000
2236 S 2199 1.000000
2236 X 2224 0.999342
2236 X 2236 0.000219
2236 X 2238 0.000219
2236 X 2222 0.000219
2238 SX 2338 0.999342
2238 SX 2337 0.000219
2238 SX 2340 0.000219
2238 SX 2339 0.000219
2238 RZPI 2238 1.000000
2238 RZ3PI 2236 1.000000
2238 RZPIHalf 2199 1.000000
2238 S 2200 1.000000
2238 X 2222 0.999342
2238 X 2238 0.000219
2238 X 2236 0.000219
2238 X 2224 0.000219
2283 SX 2295 0.999342
2283 SX 2206 0.000219
2283 SX 2208 0.000219
2283 SX 2296 0.000219
2283 RZPI 2283 1.000000
2283 RZ3PI 2286 1.000000
2283 RZPIHalf 2337 1.000000
2283 S 2340 1.000000
2283 X 2284 0.999342
2283 X 2283 0.000219
2283 X 2286 0.000219
2283 X 2285 0.000219
2284 SX 2206 0.999342
2284 SX 2295 0.000219
2284 SX 2296 0.000219
2284 SX 2208 0.000219
2284 RZPI 2284 1.000000
2284 RZ3PI 2285 1.000000
2284 RZPIHalf 2339 1.000000
2284 S 2338 1.000000
2284 X 2283 0.999342
2284 X 2284 0.000219
2284 X 2285 0.000219
2284 X 2286 0.000219
2285 SX 2296 0.999342
2285 SX 2208 0.000219
2285 SX 2206 0.000219
2285 SX 2295 0.000219
2285 RZPI 2285 1.000000
2285 RZ3PI 2284 1.000000
2285 RZPIHalf 2338 1.000000
2285 S 2339 1.000000
2285 X 2286 0.999342
2285 X 2285 0.000219
2285 X 2284 0.000219
2285 X 2283 0.000219
2286 SX 2208 0.999342
2286 SX 2296 0.000219
2286 SX 2295 0.000219
2286 SX 2206 0.000219
2286 RZPI 2286 1.000000
2286 RZ3PI 2283 1.000000
2286 RZPIHalf 2340 1.000000
2286 S 2337 1.000000
2286 X 2285 0.999342
2286 X 2286 0.000219
2286 X 2283 0.000219
2286 X 2284 0.000219
2295 SX 2284 0.999342
2295 SX 2283 0.000219
2295 SX 2286 0.000219
2295 SX 2285 0.000219
2295 RZPI 2295 1.000000
2295 RZ3PI 2296 1.000000
2295 RZPIHalf 2213 1.000000
2295 S 2214 1.000000
2295 X 2206 0.999342
2295 X 2295 0.000219
2295 X 2296 0.000219
2295 X 2208 0.000219
2296 SX 2286 0.999342
2296 SX 2285 0.000219
2296 SX 2284 0.000219
2296 SX 2283 0.000219
2296 RZPI 2296 1.000000
2296 RZ3PI 2295 1.000000
2296 RZPIHalf 2214 1.000000
2296 S 2213 1.000000
2296 X 2208 0.999342
2296 X 2296 0.000219
2296 X 2295 0.000219
2296 X 2206 0.000219
2337 SX 2238 0.999342
2337 SX 2222 0.000219
2337 SX 2224 0.000219
2337 SX 2236 0.000219
2337 RZPI 2337 1.000000
2337 RZ3PI 2340 1.000000
2337 RZPIHalf 2286 1.000000
2337 S 2283 1.000000
2337 X 2338 0.999342
2337 X 2337 0.000219
2337 X 2340 0.000219
2337 X 2339 0.000219
2338 SX 2222 0.999342
2338 SX 2238 0.000219
2338 SX 2236 0.000219
2338 SX 2224 0.000219
2338 RZPI 2338 1.000000
2338 RZ3PI 2339 1.000000
2338 RZPIHalf 2284 1.000000
2338 S 2285 1.000000
2338 X 2337 0.999342
2338 X 2338 0.000219
2338 X 2339 0.000219
2338 X 2340 0.000219
2339 SX 2236 0.999342
2339 SX 2224 0.000219
2339 SX 2222 0.000219
2339 SX 2238 0.000219
2339 RZPI 2339 1.000000
2339 RZ3PI 2338 1.000000
2339 RZPIHalf 2285 1.000000
2339 S 2284 1.000000
2339 X 2340 0.999342
2339 X 2339 0.000219
2339 X 2338 0.000219
2339 X 2337 0.000219
2340 SX 2224 0.999342
2340 SX 2236 0.000219
2340 SX 2238 0.000219
2340 SX 2222 0.000219
2340 RZPI 2340 1.000000
2340 RZ3PI 2337 1.000000
2340 RZPIHalf 2283 1.000000
2340 S 2286 1.000000
2340 X 2339 0.999342
2340 X 2340 0.000219
2340 X 2337 0.000219
2340 X 2338 0.000219
ENDPOMDP
