BEGINPOMDP
INITIALSTATE: 2505
STATES: 2596,2597,2598,2599,2608,2609,2505,2506,2511,2512,2513,2514,2517,2519,2521,2650,2651,2652,2653,2526,2527,2535,2537,2549,2551
REWARDS: 2596:0,2597:0,2598:0,2599:0,2608:0,2609:0,2505:0,2506:0,2511:0,2512:0,2513:0,2514:0,2517:0,2519:0,2521:0,2650:0,2651:0,2652:0,2653:0,2526:0,2527:1,2535:0,2537:0,2549:0,2551:0
GAMMA: 2596:0,2597:0,2598:0,2599:0,2608:0,2609:0,2505:0,2506:0,2511:0,2512:0,2513:0,2514:0,2517:0,2519:0,2521:0,2650:0,2651:0,2652:0,2653:0,2526:0,2527:0,2535:0,2537:0,2549:0,2551:0
BEGINACTIONS
SX
RZPI
RZ3PI
RZPIHalf
S
X
ENDACTIONS
2505 INIT_ 2506 1.000000
2506 SX 2511 0.999723
2506 SX 2512 0.000092
2506 SX 2513 0.000092
2506 SX 2514 0.000092
2506 RZPI 2506 1.000000
2506 RZ3PI 2517 1.000000
2506 RZPIHalf 2519 1.000000
2506 S 2521 1.000000
2506 X 2526 0.999723
2506 X 2506 0.000092
2506 X 2517 0.000092
2506 X 2527 0.000092
2511 SX 2526 0.999723
2511 SX 2506 0.000092
2511 SX 2517 0.000092
2511 SX 2527 0.000092
2511 RZPI 2511 1.000000
2511 RZ3PI 2514 1.000000
2511 RZPIHalf 2535 1.000000
2511 S 2537 1.000000
2511 X 2512 0.999723
2511 X 2511 0.000092
2511 X 2514 0.000092
2511 X 2513 0.000092
2512 SX 2506 0.999723
2512 SX 2526 0.000092
2512 SX 2527 0.000092
2512 SX 2517 0.000092
2512 RZPI 2512 1.000000
2512 RZ3PI 2513 1.000000
2512 RZPIHalf 2549 1.000000
2512 S 2551 1.000000
2512 X 2511 0.999723
2512 X 2512 0.000092
2512 X 2513 0.000092
2512 X 2514 0.000092
2513 SX 2527 0.999723
2513 SX 2517 0.000092
2513 SX 2506 0.000092
2513 SX 2526 0.000092
2513 RZPI 2513 1.000000
2513 RZ3PI 2512 1.000000
2513 RZPIHalf 2551 1.000000
2513 S 2549 1.000000
2513 X 2514 0.999723
2513 X 2513 0.000092
2513 X 2512 0.000092
2513 X 2511 0.000092
2514 SX 2517 0.999723
2514 SX 2527 0.000092
2514 SX 2526 0.000092
2514 SX 2506 0.000092
2514 RZPI 2514 1.000000
2514 RZ3PI 2511 1.000000
2514 RZPIHalf 2537 1.000000
2514 S 2535 1.000000
2514 X 2513 0.999723
2514 X 2514 0.000092
2514 X 2511 0.000092
2514 X 2512 0.000092
2517 SX 2513 0.999723
2517 SX 2514 0.000092
2517 SX 2511 0.000092
2517 SX 2512 0.000092
2517 RZPI 2517 1.000000
2517 RZ3PI 2506 1.000000
2517 RZPIHalf 2521 1.000000
2517 S 2519 1.000000
2517 X 2527 0.999723
2517 X 2517 0.000092
2517 X 2506 0.000092
2517 X 2526 0.000092
2519 SX 2596 0.999723
2519 SX 2597 0.000092
2519 SX 2598 0.000092
2519 SX 2599 0.000092
2519 RZPI 2519 1.000000
2519 RZ3PI 2521 1.000000
2519 RZPIHalf 2517 1.000000
2519 S 2506 1.000000
2519 X 2608 0.999723
2519 X 2519 0.000092
2519 X 2521 0.000092
2519 X 2609 0.000092
2521 SX 2598 0.999723
2521 SX 2599 0.000092
2521 SX 2596 0.000092
2521 SX 2597 0.000092
2521 RZPI 2521 1.000000
2521 RZ3PI 2519 1.000000
2521 RZPIHalf 2506 1.000000
2521 S 2517 1.000000
2521 X 2609 0.999723
2521 X 2521 0.000092
2521 X 2519 0.000092
2521 X 2608 0.000092
2526 SX 2512 0.999723
2526 SX 2511 0.000092
2526 SX 2514 0.000092
2526 SX 2513 0.000092
2526 RZPI 2526 1.000000
2526 RZ3PI 2527 1.000000
2526 RZPIHalf 2609 1.000000
2526 S 2608 1.000000
2526 X 2506 0.999723
2526 X 2526 0.000092
2526 X 2527 0.000092
2526 X 2517 0.000092
2527 SX 2514 0.999723
2527 SX 2513 0.000092
2527 SX 2512 0.000092
2527 SX 2511 0.000092
2527 RZPI 2527 1.000000
2527 RZ3PI 2526 1.000000
2527 RZPIHalf 2608 1.000000
2527 S 2609 1.000000
2527 X 2517 0.999723
2527 X 2527 0.000092
2527 X 2526 0.000092
2527 X 2506 0.000092
2535 SX 2650 0.999723
2535 SX 2651 0.000092
2535 SX 2652 0.000092
2535 SX 2653 0.000092
2535 RZPI 2535 1.000000
2535 RZ3PI 2537 1.000000
2535 RZPIHalf 2514 1.000000
2535 S 2511 1.000000
2535 X 2551 0.999723
2535 X 2535 0.000092
2535 X 2537 0.000092
2535 X 2549 0.000092
2537 SX 2652 0.999723
2537 SX 2653 0.000092
2537 SX 2650 0.000092
2537 SX 2651 0.000092
2537 RZPI 2537 1.000000
2537 RZ3PI 2535 1.000000
2537 RZPIHalf 2511 1.000000
2537 S 2514 1.000000
2537 X 2549 0.999723
2537 X 2537 0.000092
2537 X 2535 0.000092
2537 X 2551 0.000092
2549 SX 2653 0.999723
2549 SX 2652 0.000092
2549 SX 2651 0.000092
2549 SX 2650 0.000092
2549 RZPI 2549 1.000000
2549 RZ3PI 2551 1.000000
2549 RZPIHalf 2513 1.000000
2549 S 2512 1.000000
2549 X 2537 0.999723
2549 X 2549 0.000092
2549 X 2551 0.000092
2549 X 2535 0.000092
2551 SX 2651 0.999723
2551 SX 2650 0.000092
2551 SX 2653 0.000092
2551 SX 2652 0.000092
2551 RZPI 2551 1.000000
2551 RZ3PI 2549 1.000000
2551 RZPIHalf 2512 1.000000
2551 S 2513 1.000000
2551 X 2535 0.999723
2551 X 2551 0.000092
2551 X 2549 0.000092
2551 X 2537 0.000092
2596 SX 2608 0.999723
2596 SX 2519 0.000092
2596 SX 2521 0.000092
2596 SX 2609 0.000092
2596 RZPI 2596 1.000000
2596 RZ3PI 2599 1.000000
2596 RZPIHalf 2650 1.000000
2596 S 2653 1.000000
2596 X 2597 0.999723
2596 X 2596 0.000092
2596 X 2599 0.000092
2596 X 2598 0.000092
2597 SX 2519 0.999723
2597 SX 2608 0.000092
2597 SX 2609 0.000092
2597 SX 2521 0.000092
2597 RZPI 2597 1.000000
2597 RZ3PI 2598 1.000000
2597 RZPIHalf 2652 1.000000
2597 S 2651 1.000000
2597 X 2596 0.999723
2597 X 2597 0.000092
2597 X 2598 0.000092
2597 X 2599 0.000092
2598 SX 2609 0.999723
2598 SX 2521 0.000092
2598 SX 2519 0.000092
2598 SX 2608 0.000092
2598 RZPI 2598 1.000000
2598 RZ3PI 2597 1.000000
2598 RZPIHalf 2651 1.000000
2598 S 2652 1.000000
2598 X 2599 0.999723
2598 X 2598 0.000092
2598 X 2597 0.000092
2598 X 2596 0.000092
2599 SX 2521 0.999723
2599 SX 2609 0.000092
2599 SX 2608 0.000092
2599 SX 2519 0.000092
2599 RZPI 2599 1.000000
2599 RZ3PI 2596 1.000000
2599 RZPIHalf 2653 1.000000
2599 S 2650 1.000000
2599 X 2598 0.999723
2599 X 2599 0.000092
2599 X 2596 0.000092
2599 X 2597 0.000092
2608 SX 2597 0.999723
2608 SX 2596 0.000092
2608 SX 2599 0.000092
2608 SX 2598 0.000092
2608 RZPI 2608 1.000000
2608 RZ3PI 2609 1.000000
2608 RZPIHalf 2526 1.000000
2608 S 2527 1.000000
2608 X 2519 0.999723
2608 X 2608 0.000092
2608 X 2609 0.000092
2608 X 2521 0.000092
2609 SX 2599 0.999723
2609 SX 2598 0.000092
2609 SX 2597 0.000092
2609 SX 2596 0.000092
2609 RZPI 2609 1.000000
2609 RZ3PI 2608 1.000000
2609 RZPIHalf 2527 1.000000
2609 S 2526 1.000000
2609 X 2521 0.999723
2609 X 2609 0.000092
2609 X 2608 0.000092
2609 X 2519 0.000092
2650 SX 2551 0.999723
2650 SX 2535 0.000092
2650 SX 2537 0.000092
2650 SX 2549 0.000092
2650 RZPI 2650 1.000000
2650 RZ3PI 2653 1.000000
2650 RZPIHalf 2599 1.000000
2650 S 2596 1.000000
2650 X 2651 0.999723
2650 X 2650 0.000092
2650 X 2653 0.000092
2650 X 2652 0.000092
2651 SX 2535 0.999723
2651 SX 2551 0.000092
2651 SX 2549 0.000092
2651 SX 2537 0.000092
2651 RZPI 2651 1.000000
2651 RZ3PI 2652 1.000000
2651 RZPIHalf 2597 1.000000
2651 S 2598 1.000000
2651 X 2650 0.999723
2651 X 2651 0.000092
2651 X 2652 0.000092
2651 X 2653 0.000092
2652 SX 2549 0.999723
2652 SX 2537 0.000092
2652 SX 2535 0.000092
2652 SX 2551 0.000092
2652 RZPI 2652 1.000000
2652 RZ3PI 2651 1.000000
2652 RZPIHalf 2598 1.000000
2652 S 2597 1.000000
2652 X 2653 0.999723
2652 X 2652 0.000092
2652 X 2651 0.000092
2652 X 2650 0.000092
2653 SX 2537 0.999723
2653 SX 2549 0.000092
2653 SX 2551 0.000092
2653 SX 2535 0.000092
2653 RZPI 2653 1.000000
2653 RZ3PI 2650 1.000000
2653 RZPIHalf 2596 1.000000
2653 S 2599 1.000000
2653 X 2652 0.999723
2653 X 2653 0.000092
2653 X 2650 0.000092
2653 X 2651 0.000092
ENDPOMDP
