BEGINPOMDP
INITIALSTATE: 1
STATES: 1,2,7,8,9,10,13,15,17,146,147,148,149,22,23,31,33,45,47,92,93,94,95,104,105
REWARDS: 1:0,2:0,7:0,8:0,9:0,10:0,13:0,15:0,17:0,146:0,147:0,148:0,149:0,22:0,23:1,31:0,33:0,45:0,47:0,92:0,93:0,94:0,95:0,104:0,105:0
GAMMA: 1:0,2:0,7:0,8:0,9:0,10:0,13:0,15:0,17:0,146:0,147:0,148:0,149:0,22:0,23:0,31:0,33:0,45:0,47:0,92:0,93:0,94:0,95:0,104:0,105:0
BEGINACTIONS
SX
RZPI
RZ3PI
RZPIHalf
S
X
ENDACTIONS
1 INIT_ 2 1.000000
2 SX 7 0.999671
2 SX 8 0.000110
2 SX 9 0.000110
2 SX 10 0.000110
2 RZPI 2 1.000000
2 RZ3PI 13 1.000000
2 RZPIHalf 15 1.000000
2 S 17 1.000000
2 X 22 0.999671
2 X 2 0.000110
2 X 13 0.000110
2 X 23 0.000110
7 SX 22 0.999671
7 SX 2 0.000110
7 SX 13 0.000110
7 SX 23 0.000110
7 RZPI 7 1.000000
7 RZ3PI 10 1.000000
7 RZPIHalf 31 1.000000
7 S 33 1.000000
7 X 8 0.999671
7 X 7 0.000110
7 X 10 0.000110
7 X 9 0.000110
8 SX 2 0.999671
8 SX 22 0.000110
8 SX 23 0.000110
8 SX 13 0.000110
8 RZPI 8 1.000000
8 RZ3PI 9 1.000000
8 RZPIHalf 45 1.000000
8 S 47 1.000000
8 X 7 0.999671
8 X 8 0.000110
8 X 9 0.000110
8 X 10 0.000110
9 SX 23 0.999671
9 SX 13 0.000110
9 SX 2 0.000110
9 SX 22 0.000110
9 RZPI 9 1.000000
9 RZ3PI 8 1.000000
9 RZPIHalf 47 1.000000
9 S 45 1.000000
9 X 10 0.999671
9 X 9 0.000110
9 X 8 0.000110
9 X 7 0.000110
10 SX 13 0.999671
10 SX 23 0.000110
10 SX 22 0.000110
10 SX 2 0.000110
10 RZPI 10 1.000000
10 RZ3PI 7 1.000000
10 RZPIHalf 33 1.000000
10 S 31 1.000000
10 X 9 0.999671
10 X 10 0.000110
10 X 7 0.000110
10 X 8 0.000110
13 SX 9 0.999671
13 SX 10 0.000110
13 SX 7 0.000110
13 SX 8 0.000110
13 RZPI 13 1.000000
13 RZ3PI 2 1.000000
13 RZPIHalf 17 1.000000
13 S 15 1.000000
13 X 23 0.999671
13 X 13 0.000110
13 X 2 0.000110
13 X 22 0.000110
15 SX 92 0.999671
15 SX 93 0.000110
15 SX 94 0.000110
15 SX 95 0.000110
15 RZPI 15 1.000000
15 RZ3PI 17 1.000000
15 RZPIHalf 13 1.000000
15 S 2 1.000000
15 X 104 0.999671
15 X 15 0.000110
15 X 17 0.000110
15 X 105 0.000110
17 SX 94 0.999671
17 SX 95 0.000110
17 SX 92 0.000110
17 SX 93 0.000110
17 RZPI 17 1.000000
17 RZ3PI 15 1.000000
17 RZPIHalf 2 1.000000
17 S 13 1.000000
17 X 105 0.999671
17 X 17 0.000110
17 X 15 0.000110
17 X 104 0.000110
22 SX 8 0.999671
22 SX 7 0.000110
22 SX 10 0.000110
22 SX 9 0.000110
22 RZPI 22 1.000000
22 RZ3PI 23 1.000000
22 RZPIHalf 105 1.000000
22 S 104 1.000000
22 X 2 0.999671
22 X 22 0.000110
22 X 23 0.000110
22 X 13 0.000110
23 SX 10 0.999671
23 SX 9 0.000110
23 SX 8 0.000110
23 SX 7 0.000110
23 RZPI 23 1.000000
23 RZ3PI 22 1.000000
23 RZPIHalf 104 1.000000
23 S 105 1.000000
23 X 13 0.999671
23 X 23 0.000110
23 X 22 0.000110
23 X 2 0.000110
31 SX 146 0.999671
31 SX 147 0.000110
31 SX 148 0.000110
31 SX 149 0.000110
31 RZPI 31 1.000000
31 RZ3PI 33 1.000000
31 RZPIHalf 10 1.000000
31 S 7 1.000000
31 X 47 0.999671
31 X 31 0.000110
31 X 33 0.000110
31 X 45 0.000110
33 SX 148 0.999671
33 SX 149 0.000110
33 SX 146 0.000110
33 SX 147 0.000110
33 RZPI 33 1.000000
33 RZ3PI 31 1.000000
33 RZPIHalf 7 1.000000
33 S 10 1.000000
33 X 45 0.999671
33 X 33 0.000110
33 X 31 0.000110
33 X 47 0.000110
45 SX 149 0.999671
45 SX 148 0.000110
45 SX 147 0.000110
45 SX 146 0.000110
45 RZPI 45 1.000000
45 RZ3PI 47 1.000000
45 RZPIHalf 9 1.000000
45 S 8 1.000000
45 X 33 0.999671
45 X 45 0.000110
45 X 47 0.000110
45 X 31 0.000110
47 SX 147 0.999671
47 SX 146 0.000110
47 SX 149 0.000110
47 SX 148 0.000110
47 RZPI 47 1.000000
47 RZ3PI 45 1.000000
47 RZPIHalf 8 1.000000
47 S 9 1.000000
47 X 31 0.999671
47 X 47 0.000110
47 X 45 0.000110
47 X 33 0.000110
92 SX 104 0.999671
92 SX 15 0.000110
92 SX 17 0.000110
92 SX 105 0.000110
92 RZPI 92 1.000000
92 RZ3PI 95 1.000000
92 RZPIHalf 146 1.000000
92 S 149 1.000000
92 X 93 0.999671
92 X 92 0.000110
92 X 95 0.000110
92 X 94 0.000110
93 SX 15 0.999671
93 SX 104 0.000110
93 SX 105 0.000110
93 SX 17 0.000110
93 RZPI 93 1.000000
93 RZ3PI 94 1.000000
93 RZPIHalf 148 1.000000
93 S 147 1.000000
93 X 92 0.999671
93 X 93 0.000110
93 X 94 0.000110
93 X 95 0.000110
94 SX 105 0.999671
94 SX 17 0.000110
94 SX 15 0.000110
94 SX 104 0.000110
94 RZPI 94 1.000000
94 RZ3PI 93 1.000000
94 RZPIHalf 147 1.000000
94 S 148 1.000000
94 X 95 0.999671
94 X 94 0.000110
94 X 93 0.000110
94 X 92 0.000110
95 SX 17 0.999671
95 SX 105 0.000110
95 SX 104 0.000110
95 SX 15 0.000110
95 RZPI 95 1.000000
95 RZ3PI 92 1.000000
95 RZPIHalf 149 1.000000
95 S 146 1.000000
95 X 94 0.999671
95 X 95 0.000110
95 X 92 0.000110
95 X 93 0.000110
104 SX 93 0.999671
104 SX 92 0.000110
104 SX 95 0.000110
104 SX 94 0.000110
104 RZPI 104 1.000000
104 RZ3PI 105 1.000000
104 RZPIHalf 22 1.000000
104 S 23 1.000000
104 X 15 0.999671
104 X 104 0.000110
104 X 105 0.000110
104 X 17 0.000110
105 SX 95 0.999671
105 SX 94 0.000110
105 SX 93 0.000110
105 SX 92 0.000110
105 RZPI 105 1.000000
105 RZ3PI 104 1.000000
105 RZPIHalf 23 1.000000
105 S 22 1.000000
105 X 17 0.999671
105 X 105 0.000110
105 X 104 0.000110
105 X 15 0.000110
146 SX 47 0.999671
146 SX 31 0.000110
146 SX 33 0.000110
146 SX 45 0.000110
146 RZPI 146 1.000000
146 RZ3PI 149 1.000000
146 RZPIHalf 95 1.000000
146 S 92 1.000000
146 X 147 0.999671
146 X 146 0.000110
146 X 149 0.000110
146 X 148 0.000110
147 SX 31 0.999671
147 SX 47 0.000110
147 SX 45 0.000110
147 SX 33 0.000110
147 RZPI 147 1.000000
147 RZ3PI 148 1.000000
147 RZPIHalf 93 1.000000
147 S 94 1.000000
147 X 146 0.999671
147 X 147 0.000110
147 X 148 0.000110
147 X 149 0.000110
148 SX 45 0.999671
148 SX 33 0.000110
148 SX 31 0.000110
148 SX 47 0.000110
148 RZPI 148 1.000000
148 RZ3PI 147 1.000000
148 RZPIHalf 94 1.000000
148 S 93 1.000000
148 X 149 0.999671
148 X 148 0.000110
148 X 147 0.000110
148 X 146 0.000110
149 SX 33 0.999671
149 SX 45 0.000110
149 SX 47 0.000110
149 SX 31 0.000110
149 RZPI 149 1.000000
149 RZ3PI 146 1.000000
149 RZPIHalf 92 1.000000
149 S 95 1.000000
149 X 148 0.999671
149 X 149 0.000110
149 X 146 0.000110
149 X 147 0.000110
ENDPOMDP
