BEGINPOMDP
INITIALSTATE: 36228
STATES: 36228,36229,36360,36234,36235,36236,36241,36242,36243,36244,36246,36379,36265,36397,36398,36399,36400,36284,36303,36322,36341,36473,36474,36475,36476
REWARDS: 36228:0,36229:0,36360:0,36234:1,36235:0,36236:0,36241:0,36242:0,36243:0,36244:0,36246:0,36379:0,36265:0,36397:0,36398:0,36399:0,36400:0,36284:0,36303:0,36322:0,36341:0,36473:0,36474:0,36475:0,36476:0
GAMMA: 36228:0,36229:0,36360:0,36234:0,36235:0,36236:0,36241:0,36242:0,36243:0,36244:0,36246:0,36379:0,36265:0,36397:0,36398:0,36399:0,36400:0,36284:0,36303:0,36322:0,36341:0,36473:0,36474:0,36475:0,36476:0
BEGINACTIONS
U3
H
S
Z
X
RY
ENDACTIONS
36228 INIT_ 36229 1.000000
36229 U3 36234 0.974592
36229 U3 36235 0.008469
36229 U3 36229 0.008469
36229 U3 36236 0.008469
36229 H 36241 0.987242
36229 H 36242 0.004253
36229 H 36243 0.004253
36229 H 36244 0.004253
36229 S 36246 1.000000
36229 Z 36235 1.000000
36229 X 36236 0.974592
36229 X 36229 0.008469
36229 X 36235 0.008469
36229 X 36234 0.008469
36229 RY 36234 0.974592
36229 RY 36235 0.008469
36229 RY 36229 0.008469
36229 RY 36236 0.008469
36234 U3 36229 0.974592
36234 U3 36236 0.008469
36234 U3 36234 0.008469
36234 U3 36235 0.008469
36234 H 36243 0.987242
36234 H 36244 0.004253
36234 H 36241 0.004253
36234 H 36242 0.004253
36234 S 36265 1.000000
36234 Z 36236 1.000000
36234 X 36235 0.974592
36234 X 36234 0.008469
36234 X 36236 0.008469
36234 X 36229 0.008469
36234 RY 36229 0.974592
36234 RY 36236 0.008469
36234 RY 36234 0.008469
36234 RY 36235 0.008469
36235 U3 36236 0.974592
36235 U3 36229 0.008469
36235 U3 36235 0.008469
36235 U3 36234 0.008469
36235 H 36242 0.987242
36235 H 36241 0.004253
36235 H 36244 0.004253
36235 H 36243 0.004253
36235 S 36284 1.000000
36235 Z 36229 1.000000
36235 X 36234 0.974592
36235 X 36235 0.008469
36235 X 36229 0.008469
36235 X 36236 0.008469
36235 RY 36236 0.974592
36235 RY 36229 0.008469
36235 RY 36235 0.008469
36235 RY 36234 0.008469
36236 U3 36235 0.974592
36236 U3 36234 0.008469
36236 U3 36236 0.008469
36236 U3 36229 0.008469
36236 H 36244 0.987242
36236 H 36243 0.004253
36236 H 36242 0.004253
36236 H 36241 0.004253
36236 S 36303 1.000000
36236 Z 36234 1.000000
36236 X 36229 0.974592
36236 X 36236 0.008469
36236 X 36234 0.008469
36236 X 36235 0.008469
36236 RY 36235 0.974592
36236 RY 36234 0.008469
36236 RY 36236 0.008469
36236 RY 36229 0.008469
36241 U3 36243 0.974592
36241 U3 36244 0.008469
36241 U3 36241 0.008469
36241 U3 36242 0.008469
36241 H 36229 0.987242
36241 H 36236 0.004253
36241 H 36234 0.004253
36241 H 36235 0.004253
36241 S 36322 1.000000
36241 Z 36244 1.000000
36241 X 36242 0.974592
36241 X 36241 0.008469
36241 X 36244 0.008469
36241 X 36243 0.008469
36241 RY 36243 0.974592
36241 RY 36244 0.008469
36241 RY 36241 0.008469
36241 RY 36242 0.008469
36242 U3 36244 0.974592
36242 U3 36243 0.008469
36242 U3 36242 0.008469
36242 U3 36241 0.008469
36242 H 36235 0.987242
36242 H 36234 0.004253
36242 H 36236 0.004253
36242 H 36229 0.004253
36242 S 36341 1.000000
36242 Z 36243 1.000000
36242 X 36241 0.974592
36242 X 36242 0.008469
36242 X 36243 0.008469
36242 X 36244 0.008469
36242 RY 36244 0.974592
36242 RY 36243 0.008469
36242 RY 36242 0.008469
36242 RY 36241 0.008469
36243 U3 36241 0.974592
36243 U3 36242 0.008469
36243 U3 36243 0.008469
36243 U3 36244 0.008469
36243 H 36234 0.987242
36243 H 36235 0.004253
36243 H 36229 0.004253
36243 H 36236 0.004253
36243 S 36360 1.000000
36243 Z 36242 1.000000
36243 X 36244 0.974592
36243 X 36243 0.008469
36243 X 36242 0.008469
36243 X 36241 0.008469
36243 RY 36241 0.974592
36243 RY 36242 0.008469
36243 RY 36243 0.008469
36243 RY 36244 0.008469
36244 U3 36242 0.974592
36244 U3 36241 0.008469
36244 U3 36244 0.008469
36244 U3 36243 0.008469
36244 H 36236 0.987242
36244 H 36229 0.004253
36244 H 36235 0.004253
36244 H 36234 0.004253
36244 S 36379 1.000000
36244 Z 36241 1.000000
36244 X 36243 0.974592
36244 X 36244 0.008469
36244 X 36241 0.008469
36244 X 36242 0.008469
36244 RY 36242 0.974592
36244 RY 36241 0.008469
36244 RY 36244 0.008469
36244 RY 36243 0.008469
36246 U3 36303 0.974592
36246 U3 36284 0.008469
36246 U3 36246 0.008469
36246 U3 36265 0.008469
36246 H 36397 0.987242
36246 H 36398 0.004253
36246 H 36399 0.004253
36246 H 36400 0.004253
36246 S 36235 1.000000
36246 Z 36284 1.000000
36246 X 36265 0.974592
36246 X 36246 0.008469
36246 X 36284 0.008469
36246 X 36303 0.008469
36246 RY 36303 0.974592
36246 RY 36284 0.008469
36246 RY 36246 0.008469
36246 RY 36265 0.008469
36265 U3 36284 0.974592
36265 U3 36303 0.008469
36265 U3 36265 0.008469
36265 U3 36246 0.008469
36265 H 36400 0.987242
36265 H 36399 0.004253
36265 H 36398 0.004253
36265 H 36397 0.004253
36265 S 36236 1.000000
36265 Z 36303 1.000000
36265 X 36246 0.974592
36265 X 36265 0.008469
36265 X 36303 0.008469
36265 X 36284 0.008469
36265 RY 36284 0.974592
36265 RY 36303 0.008469
36265 RY 36265 0.008469
36265 RY 36246 0.008469
36284 U3 36265 0.974592
36284 U3 36246 0.008469
36284 U3 36284 0.008469
36284 U3 36303 0.008469
36284 H 36398 0.987242
36284 H 36397 0.004253
36284 H 36400 0.004253
36284 H 36399 0.004253
36284 S 36229 1.000000
36284 Z 36246 1.000000
36284 X 36303 0.974592
36284 X 36284 0.008469
36284 X 36246 0.008469
36284 X 36265 0.008469
36284 RY 36265 0.974592
36284 RY 36246 0.008469
36284 RY 36284 0.008469
36284 RY 36303 0.008469
36303 U3 36246 0.974592
36303 U3 36265 0.008469
36303 U3 36303 0.008469
36303 U3 36284 0.008469
36303 H 36399 0.987242
36303 H 36400 0.004253
36303 H 36397 0.004253
36303 H 36398 0.004253
36303 S 36234 1.000000
36303 Z 36265 1.000000
36303 X 36284 0.974592
36303 X 36303 0.008469
36303 X 36265 0.008469
36303 X 36246 0.008469
36303 RY 36246 0.974592
36303 RY 36265 0.008469
36303 RY 36303 0.008469
36303 RY 36284 0.008469
36322 U3 36341 0.974592
36322 U3 36379 0.008469
36322 U3 36322 0.008469
36322 U3 36360 0.008469
36322 H 36473 0.987242
36322 H 36474 0.004253
36322 H 36475 0.004253
36322 H 36476 0.004253
36322 S 36244 1.000000
36322 Z 36379 1.000000
36322 X 36360 0.974592
36322 X 36322 0.008469
36322 X 36379 0.008469
36322 X 36341 0.008469
36322 RY 36341 0.974592
36322 RY 36379 0.008469
36322 RY 36322 0.008469
36322 RY 36360 0.008469
36341 U3 36322 0.974592
36341 U3 36360 0.008469
36341 U3 36341 0.008469
36341 U3 36379 0.008469
36341 H 36475 0.987242
36341 H 36476 0.004253
36341 H 36473 0.004253
36341 H 36474 0.004253
36341 S 36243 1.000000
36341 Z 36360 1.000000
36341 X 36379 0.974592
36341 X 36341 0.008469
36341 X 36360 0.008469
36341 X 36322 0.008469
36341 RY 36322 0.974592
36341 RY 36360 0.008469
36341 RY 36341 0.008469
36341 RY 36379 0.008469
36360 U3 36379 0.974592
36360 U3 36341 0.008469
36360 U3 36360 0.008469
36360 U3 36322 0.008469
36360 H 36476 0.987242
36360 H 36475 0.004253
36360 H 36474 0.004253
36360 H 36473 0.004253
36360 S 36242 1.000000
36360 Z 36341 1.000000
36360 X 36322 0.974592
36360 X 36360 0.008469
36360 X 36341 0.008469
36360 X 36379 0.008469
36360 RY 36379 0.974592
36360 RY 36341 0.008469
36360 RY 36360 0.008469
36360 RY 36322 0.008469
36379 U3 36360 0.974592
36379 U3 36322 0.008469
36379 U3 36379 0.008469
36379 U3 36341 0.008469
36379 H 36474 0.987242
36379 H 36473 0.004253
36379 H 36476 0.004253
36379 H 36475 0.004253
36379 S 36241 1.000000
36379 Z 36322 1.000000
36379 X 36341 0.974592
36379 X 36379 0.008469
36379 X 36322 0.008469
36379 X 36360 0.008469
36379 RY 36360 0.974592
36379 RY 36322 0.008469
36379 RY 36379 0.008469
36379 RY 36341 0.008469
36397 U3 36399 0.974592
36397 U3 36400 0.008469
36397 U3 36397 0.008469
36397 U3 36398 0.008469
36397 H 36246 0.987242
36397 H 36265 0.004253
36397 H 36303 0.004253
36397 H 36284 0.004253
36397 S 36474 1.000000
36397 Z 36400 1.000000
36397 X 36398 0.974592
36397 X 36397 0.008469
36397 X 36400 0.008469
36397 X 36399 0.008469
36397 RY 36399 0.974592
36397 RY 36400 0.008469
36397 RY 36397 0.008469
36397 RY 36398 0.008469
36398 U3 36400 0.974592
36398 U3 36399 0.008469
36398 U3 36398 0.008469
36398 U3 36397 0.008469
36398 H 36284 0.987242
36398 H 36303 0.004253
36398 H 36265 0.004253
36398 H 36246 0.004253
36398 S 36476 1.000000
36398 Z 36399 1.000000
36398 X 36397 0.974592
36398 X 36398 0.008469
36398 X 36399 0.008469
36398 X 36400 0.008469
36398 RY 36400 0.974592
36398 RY 36399 0.008469
36398 RY 36398 0.008469
36398 RY 36397 0.008469
36399 U3 36397 0.974592
36399 U3 36398 0.008469
36399 U3 36399 0.008469
36399 U3 36400 0.008469
36399 H 36303 0.987242
36399 H 36284 0.004253
36399 H 36246 0.004253
36399 H 36265 0.004253
36399 S 36473 1.000000
36399 Z 36398 1.000000
36399 X 36400 0.974592
36399 X 36399 0.008469
36399 X 36398 0.008469
36399 X 36397 0.008469
36399 RY 36397 0.974592
36399 RY 36398 0.008469
36399 RY 36399 0.008469
36399 RY 36400 0.008469
36400 U3 36398 0.974592
36400 U3 36397 0.008469
36400 U3 36400 0.008469
36400 U3 36399 0.008469
36400 H 36265 0.987242
36400 H 36246 0.004253
36400 H 36284 0.004253
36400 H 36303 0.004253
36400 S 36475 1.000000
36400 Z 36397 1.000000
36400 X 36399 0.974592
36400 X 36400 0.008469
36400 X 36397 0.008469
36400 X 36398 0.008469
36400 RY 36398 0.974592
36400 RY 36397 0.008469
36400 RY 36400 0.008469
36400 RY 36399 0.008469
36473 U3 36475 0.974592
36473 U3 36476 0.008469
36473 U3 36473 0.008469
36473 U3 36474 0.008469
36473 H 36322 0.987242
36473 H 36360 0.004253
36473 H 36341 0.004253
36473 H 36379 0.004253
36473 S 36398 1.000000
36473 Z 36476 1.000000
36473 X 36474 0.974592
36473 X 36473 0.008469
36473 X 36476 0.008469
36473 X 36475 0.008469
36473 RY 36475 0.974592
36473 RY 36476 0.008469
36473 RY 36473 0.008469
36473 RY 36474 0.008469
36474 U3 36476 0.974592
36474 U3 36475 0.008469
36474 U3 36474 0.008469
36474 U3 36473 0.008469
36474 H 36379 0.987242
36474 H 36341 0.004253
36474 H 36360 0.004253
36474 H 36322 0.004253
36474 S 36400 1.000000
36474 Z 36475 1.000000
36474 X 36473 0.974592
36474 X 36474 0.008469
36474 X 36475 0.008469
36474 X 36476 0.008469
36474 RY 36476 0.974592
36474 RY 36475 0.008469
36474 RY 36474 0.008469
36474 RY 36473 0.008469
36475 U3 36473 0.974592
36475 U3 36474 0.008469
36475 U3 36475 0.008469
36475 U3 36476 0.008469
36475 H 36341 0.987242
36475 H 36379 0.004253
36475 H 36322 0.004253
36475 H 36360 0.004253
36475 S 36397 1.000000
36475 Z 36474 1.000000
36475 X 36476 0.974592
36475 X 36475 0.008469
36475 X 36474 0.008469
36475 X 36473 0.008469
36475 RY 36473 0.974592
36475 RY 36474 0.008469
36475 RY 36475 0.008469
36475 RY 36476 0.008469
36476 U3 36474 0.974592
36476 U3 36473 0.008469
36476 U3 36476 0.008469
36476 U3 36475 0.008469
36476 H 36360 0.987242
36476 H 36322 0.004253
36476 H 36379 0.004253
36476 H 36341 0.004253
36476 S 36399 1.000000
36476 Z 36473 1.000000
36476 X 36475 0.974592
36476 X 36476 0.008469
36476 X 36473 0.008469
36476 X 36474 0.008469
36476 RY 36474 0.974592
36476 RY 36473 0.008469
36476 RY 36476 0.008469
36476 RY 36475 0.008469
ENDPOMDP
