BEGINPOMDP
INITIALSTATE: 27057
STATES: 27151,27170,27302,27303,27304,27305,27057,27058,27189,27063,27064,27065,27070,27071,27072,27073,27075,27208,27094,27226,27227,27228,27229,27113,27132
REWARDS: 27151:0,27170:0,27302:0,27303:0,27304:0,27305:0,27057:0,27058:0,27189:0,27063:1,27064:0,27065:0,27070:0,27071:0,27072:0,27073:0,27075:0,27208:0,27094:0,27226:0,27227:0,27228:0,27229:0,27113:0,27132:0
GAMMA: 27151:0,27170:0,27302:0,27303:0,27304:0,27305:0,27057:0,27058:0,27189:0,27063:0,27064:0,27065:0,27070:0,27071:0,27072:0,27073:0,27075:0,27208:0,27094:0,27226:0,27227:0,27228:0,27229:0,27113:0,27132:0
BEGINACTIONS
U3
H
S
Z
X
RY
ENDACTIONS
27057 INIT_ 27058 1.000000
27058 U3 27063 0.998452
27058 U3 27064 0.000516
27058 U3 27058 0.000516
27058 U3 27065 0.000516
27058 H 27070 0.999226
27058 H 27071 0.000258
27058 H 27072 0.000258
27058 H 27073 0.000258
27058 S 27075 1.000000
27058 Z 27064 1.000000
27058 X 27065 0.998452
27058 X 27058 0.000516
27058 X 27064 0.000516
27058 X 27063 0.000516
27058 RY 27063 0.998452
27058 RY 27064 0.000516
27058 RY 27058 0.000516
27058 RY 27065 0.000516
27063 U3 27058 0.998452
27063 U3 27065 0.000516
27063 U3 27063 0.000516
27063 U3 27064 0.000516
27063 H 27072 0.999226
27063 H 27073 0.000258
27063 H 27070 0.000258
27063 H 27071 0.000258
27063 S 27094 1.000000
27063 Z 27065 1.000000
27063 X 27064 0.998452
27063 X 27063 0.000516
27063 X 27065 0.000516
27063 X 27058 0.000516
27063 RY 27058 0.998452
27063 RY 27065 0.000516
27063 RY 27063 0.000516
27063 RY 27064 0.000516
27064 U3 27065 0.998452
27064 U3 27058 0.000516
27064 U3 27064 0.000516
27064 U3 27063 0.000516
27064 H 27071 0.999226
27064 H 27070 0.000258
27064 H 27073 0.000258
27064 H 27072 0.000258
27064 S 27113 1.000000
27064 Z 27058 1.000000
27064 X 27063 0.998452
27064 X 27064 0.000516
27064 X 27058 0.000516
27064 X 27065 0.000516
27064 RY 27065 0.998452
27064 RY 27058 0.000516
27064 RY 27064 0.000516
27064 RY 27063 0.000516
27065 U3 27064 0.998452
27065 U3 27063 0.000516
27065 U3 27065 0.000516
27065 U3 27058 0.000516
27065 H 27073 0.999226
27065 H 27072 0.000258
27065 H 27071 0.000258
27065 H 27070 0.000258
27065 S 27132 1.000000
27065 Z 27063 1.000000
27065 X 27058 0.998452
27065 X 27065 0.000516
27065 X 27063 0.000516
27065 X 27064 0.000516
27065 RY 27064 0.998452
27065 RY 27063 0.000516
27065 RY 27065 0.000516
27065 RY 27058 0.000516
27070 U3 27072 0.998452
27070 U3 27073 0.000516
27070 U3 27070 0.000516
27070 U3 27071 0.000516
27070 H 27058 0.999226
27070 H 27065 0.000258
27070 H 27063 0.000258
27070 H 27064 0.000258
27070 S 27151 1.000000
27070 Z 27073 1.000000
27070 X 27071 0.998452
27070 X 27070 0.000516
27070 X 27073 0.000516
27070 X 27072 0.000516
27070 RY 27072 0.998452
27070 RY 27073 0.000516
27070 RY 27070 0.000516
27070 RY 27071 0.000516
27071 U3 27073 0.998452
27071 U3 27072 0.000516
27071 U3 27071 0.000516
27071 U3 27070 0.000516
27071 H 27064 0.999226
27071 H 27063 0.000258
27071 H 27065 0.000258
27071 H 27058 0.000258
27071 S 27170 1.000000
27071 Z 27072 1.000000
27071 X 27070 0.998452
27071 X 27071 0.000516
27071 X 27072 0.000516
27071 X 27073 0.000516
27071 RY 27073 0.998452
27071 RY 27072 0.000516
27071 RY 27071 0.000516
27071 RY 27070 0.000516
27072 U3 27070 0.998452
27072 U3 27071 0.000516
27072 U3 27072 0.000516
27072 U3 27073 0.000516
27072 H 27063 0.999226
27072 H 27064 0.000258
27072 H 27058 0.000258
27072 H 27065 0.000258
27072 S 27189 1.000000
27072 Z 27071 1.000000
27072 X 27073 0.998452
27072 X 27072 0.000516
27072 X 27071 0.000516
27072 X 27070 0.000516
27072 RY 27070 0.998452
27072 RY 27071 0.000516
27072 RY 27072 0.000516
27072 RY 27073 0.000516
27073 U3 27071 0.998452
27073 U3 27070 0.000516
27073 U3 27073 0.000516
27073 U3 27072 0.000516
27073 H 27065 0.999226
27073 H 27058 0.000258
27073 H 27064 0.000258
27073 H 27063 0.000258
27073 S 27208 1.000000
27073 Z 27070 1.000000
27073 X 27072 0.998452
27073 X 27073 0.000516
27073 X 27070 0.000516
27073 X 27071 0.000516
27073 RY 27071 0.998452
27073 RY 27070 0.000516
27073 RY 27073 0.000516
27073 RY 27072 0.000516
27075 U3 27132 0.998452
27075 U3 27113 0.000516
27075 U3 27075 0.000516
27075 U3 27094 0.000516
27075 H 27226 0.999226
27075 H 27227 0.000258
27075 H 27228 0.000258
27075 H 27229 0.000258
27075 S 27064 1.000000
27075 Z 27113 1.000000
27075 X 27094 0.998452
27075 X 27075 0.000516
27075 X 27113 0.000516
27075 X 27132 0.000516
27075 RY 27132 0.998452
27075 RY 27113 0.000516
27075 RY 27075 0.000516
27075 RY 27094 0.000516
27094 U3 27113 0.998452
27094 U3 27132 0.000516
27094 U3 27094 0.000516
27094 U3 27075 0.000516
27094 H 27229 0.999226
27094 H 27228 0.000258
27094 H 27227 0.000258
27094 H 27226 0.000258
27094 S 27065 1.000000
27094 Z 27132 1.000000
27094 X 27075 0.998452
27094 X 27094 0.000516
27094 X 27132 0.000516
27094 X 27113 0.000516
27094 RY 27113 0.998452
27094 RY 27132 0.000516
27094 RY 27094 0.000516
27094 RY 27075 0.000516
27113 U3 27094 0.998452
27113 U3 27075 0.000516
27113 U3 27113 0.000516
27113 U3 27132 0.000516
27113 H 27227 0.999226
27113 H 27226 0.000258
27113 H 27229 0.000258
27113 H 27228 0.000258
27113 S 27058 1.000000
27113 Z 27075 1.000000
27113 X 27132 0.998452
27113 X 27113 0.000516
27113 X 27075 0.000516
27113 X 27094 0.000516
27113 RY 27094 0.998452
27113 RY 27075 0.000516
27113 RY 27113 0.000516
27113 RY 27132 0.000516
27132 U3 27075 0.998452
27132 U3 27094 0.000516
27132 U3 27132 0.000516
27132 U3 27113 0.000516
27132 H 27228 0.999226
27132 H 27229 0.000258
27132 H 27226 0.000258
27132 H 27227 0.000258
27132 S 27063 1.000000
27132 Z 27094 1.000000
27132 X 27113 0.998452
27132 X 27132 0.000516
27132 X 27094 0.000516
27132 X 27075 0.000516
27132 RY 27075 0.998452
27132 RY 27094 0.000516
27132 RY 27132 0.000516
27132 RY 27113 0.000516
27151 U3 27170 0.998452
27151 U3 27208 0.000516
27151 U3 27151 0.000516
27151 U3 27189 0.000516
27151 H 27302 0.999226
27151 H 27303 0.000258
27151 H 27304 0.000258
27151 H 27305 0.000258
27151 S 27073 1.000000
27151 Z 27208 1.000000
27151 X 27189 0.998452
27151 X 27151 0.000516
27151 X 27208 0.000516
27151 X 27170 0.000516
27151 RY 27170 0.998452
27151 RY 27208 0.000516
27151 RY 27151 0.000516
27151 RY 27189 0.000516
27170 U3 27151 0.998452
27170 U3 27189 0.000516
27170 U3 27170 0.000516
27170 U3 27208 0.000516
27170 H 27304 0.999226
27170 H 27305 0.000258
27170 H 27302 0.000258
27170 H 27303 0.000258
27170 S 27072 1.000000
27170 Z 27189 1.000000
27170 X 27208 0.998452
27170 X 27170 0.000516
27170 X 27189 0.000516
27170 X 27151 0.000516
27170 RY 27151 0.998452
27170 RY 27189 0.000516
27170 RY 27170 0.000516
27170 RY 27208 0.000516
27189 U3 27208 0.998452
27189 U3 27170 0.000516
27189 U3 27189 0.000516
27189 U3 27151 0.000516
27189 H 27305 0.999226
27189 H 27304 0.000258
27189 H 27303 0.000258
27189 H 27302 0.000258
27189 S 27071 1.000000
27189 Z 27170 1.000000
27189 X 27151 0.998452
27189 X 27189 0.000516
27189 X 27170 0.000516
27189 X 27208 0.000516
27189 RY 27208 0.998452
27189 RY 27170 0.000516
27189 RY 27189 0.000516
27189 RY 27151 0.000516
27208 U3 27189 0.998452
27208 U3 27151 0.000516
27208 U3 27208 0.000516
27208 U3 27170 0.000516
27208 H 27303 0.999226
27208 H 27302 0.000258
27208 H 27305 0.000258
27208 H 27304 0.000258
27208 S 27070 1.000000
27208 Z 27151 1.000000
27208 X 27170 0.998452
27208 X 27208 0.000516
27208 X 27151 0.000516
27208 X 27189 0.000516
27208 RY 27189 0.998452
27208 RY 27151 0.000516
27208 RY 27208 0.000516
27208 RY 27170 0.000516
27226 U3 27228 0.998452
27226 U3 27229 0.000516
27226 U3 27226 0.000516
27226 U3 27227 0.000516
27226 H 27075 0.999226
27226 H 27094 0.000258
27226 H 27132 0.000258
27226 H 27113 0.000258
27226 S 27303 1.000000
27226 Z 27229 1.000000
27226 X 27227 0.998452
27226 X 27226 0.000516
27226 X 27229 0.000516
27226 X 27228 0.000516
27226 RY 27228 0.998452
27226 RY 27229 0.000516
27226 RY 27226 0.000516
27226 RY 27227 0.000516
27227 U3 27229 0.998452
27227 U3 27228 0.000516
27227 U3 27227 0.000516
27227 U3 27226 0.000516
27227 H 27113 0.999226
27227 H 27132 0.000258
27227 H 27094 0.000258
27227 H 27075 0.000258
27227 S 27305 1.000000
27227 Z 27228 1.000000
27227 X 27226 0.998452
27227 X 27227 0.000516
27227 X 27228 0.000516
27227 X 27229 0.000516
27227 RY 27229 0.998452
27227 RY 27228 0.000516
27227 RY 27227 0.000516
27227 RY 27226 0.000516
27228 U3 27226 0.998452
27228 U3 27227 0.000516
27228 U3 27228 0.000516
27228 U3 27229 0.000516
27228 H 27132 0.999226
27228 H 27113 0.000258
27228 H 27075 0.000258
27228 H 27094 0.000258
27228 S 27302 1.000000
27228 Z 27227 1.000000
27228 X 27229 0.998452
27228 X 27228 0.000516
27228 X 27227 0.000516
27228 X 27226 0.000516
27228 RY 27226 0.998452
27228 RY 27227 0.000516
27228 RY 27228 0.000516
27228 RY 27229 0.000516
27229 U3 27227 0.998452
27229 U3 27226 0.000516
27229 U3 27229 0.000516
27229 U3 27228 0.000516
27229 H 27094 0.999226
27229 H 27075 0.000258
27229 H 27113 0.000258
27229 H 27132 0.000258
27229 S 27304 1.000000
27229 Z 27226 1.000000
27229 X 27228 0.998452
27229 X 27229 0.000516
27229 X 27226 0.000516
27229 X 27227 0.000516
27229 RY 27227 0.998452
27229 RY 27226 0.000516
27229 RY 27229 0.000516
27229 RY 27228 0.000516
27302 U3 27304 0.998452
27302 U3 27305 0.000516
27302 U3 27302 0.000516
27302 U3 27303 0.000516
27302 H 27151 0.999226
27302 H 27189 0.000258
27302 H 27170 0.000258
27302 H 27208 0.000258
27302 S 27227 1.000000
27302 Z 27305 1.000000
27302 X 27303 0.998452
27302 X 27302 0.000516
27302 X 27305 0.000516
27302 X 27304 0.000516
27302 RY 27304 0.998452
27302 RY 27305 0.000516
27302 RY 27302 0.000516
27302 RY 27303 0.000516
27303 U3 27305 0.998452
27303 U3 27304 0.000516
27303 U3 27303 0.000516
27303 U3 27302 0.000516
27303 H 27208 0.999226
27303 H 27170 0.000258
27303 H 27189 0.000258
27303 H 27151 0.000258
27303 S 27229 1.000000
27303 Z 27304 1.000000
27303 X 27302 0.998452
27303 X 27303 0.000516
27303 X 27304 0.000516
27303 X 27305 0.000516
27303 RY 27305 0.998452
27303 RY 27304 0.000516
27303 RY 27303 0.000516
27303 RY 27302 0.000516
27304 U3 27302 0.998452
27304 U3 27303 0.000516
27304 U3 27304 0.000516
27304 U3 27305 0.000516
27304 H 27170 0.999226
27304 H 27208 0.000258
27304 H 27151 0.000258
27304 H 27189 0.000258
27304 S 27226 1.000000
27304 Z 27303 1.000000
27304 X 27305 0.998452
27304 X 27304 0.000516
27304 X 27303 0.000516
27304 X 27302 0.000516
27304 RY 27302 0.998452
27304 RY 27303 0.000516
27304 RY 27304 0.000516
27304 RY 27305 0.000516
27305 U3 27303 0.998452
27305 U3 27302 0.000516
27305 U3 27305 0.000516
27305 U3 27304 0.000516
27305 H 27189 0.999226
27305 H 27151 0.000258
27305 H 27208 0.000258
27305 H 27170 0.000258
27305 S 27228 1.000000
27305 Z 27302 1.000000
27305 X 27304 0.998452
27305 X 27305 0.000516
27305 X 27302 0.000516
27305 X 27303 0.000516
27305 RY 27303 0.998452
27305 RY 27302 0.000516
27305 RY 27305 0.000516
27305 RY 27304 0.000516
ENDPOMDP
