BEGINPOMDP
INITIALSTATE: 24315
STATES: 24321,24322,24323,24328,24329,24330,24331,24333,24466,24352,24484,24485,24486,24487,24371,24390,24409,24428,24560,24561,24562,24563,24315,24316,24447
REWARDS: 24321:1,24322:0,24323:0,24328:0,24329:0,24330:0,24331:0,24333:0,24466:0,24352:0,24484:0,24485:0,24486:0,24487:0,24371:0,24390:0,24409:0,24428:0,24560:0,24561:0,24562:0,24563:0,24315:0,24316:0,24447:0
GAMMA: 24321:0,24322:0,24323:0,24328:0,24329:0,24330:0,24331:0,24333:0,24466:0,24352:0,24484:0,24485:0,24486:0,24487:0,24371:0,24390:0,24409:0,24428:0,24560:0,24561:0,24562:0,24563:0,24315:0,24316:0,24447:0
BEGINACTIONS
U3
H
S
Z
X
RY
ENDACTIONS
24315 INIT_ 24316 1.000000
24316 U3 24321 0.996448
24316 U3 24322 0.001184
24316 U3 24316 0.001184
24316 U3 24323 0.001184
24316 H 24328 0.998223
24316 H 24329 0.000592
24316 H 24330 0.000592
24316 H 24331 0.000592
24316 S 24333 1.000000
24316 Z 24322 1.000000
24316 X 24323 0.996448
24316 X 24316 0.001184
24316 X 24322 0.001184
24316 X 24321 0.001184
24316 RY 24321 0.996448
24316 RY 24322 0.001184
24316 RY 24316 0.001184
24316 RY 24323 0.001184
24321 U3 24316 0.996448
24321 U3 24323 0.001184
24321 U3 24321 0.001184
24321 U3 24322 0.001184
24321 H 24330 0.998223
24321 H 24331 0.000592
24321 H 24328 0.000592
24321 H 24329 0.000592
24321 S 24352 1.000000
24321 Z 24323 1.000000
24321 X 24322 0.996448
24321 X 24321 0.001184
24321 X 24323 0.001184
24321 X 24316 0.001184
24321 RY 24316 0.996448
24321 RY 24323 0.001184
24321 RY 24321 0.001184
24321 RY 24322 0.001184
24322 U3 24323 0.996448
24322 U3 24316 0.001184
24322 U3 24322 0.001184
24322 U3 24321 0.001184
24322 H 24329 0.998223
24322 H 24328 0.000592
24322 H 24331 0.000592
24322 H 24330 0.000592
24322 S 24371 1.000000
24322 Z 24316 1.000000
24322 X 24321 0.996448
24322 X 24322 0.001184
24322 X 24316 0.001184
24322 X 24323 0.001184
24322 RY 24323 0.996448
24322 RY 24316 0.001184
24322 RY 24322 0.001184
24322 RY 24321 0.001184
24323 U3 24322 0.996448
24323 U3 24321 0.001184
24323 U3 24323 0.001184
24323 U3 24316 0.001184
24323 H 24331 0.998223
24323 H 24330 0.000592
24323 H 24329 0.000592
24323 H 24328 0.000592
24323 S 24390 1.000000
24323 Z 24321 1.000000
24323 X 24316 0.996448
24323 X 24323 0.001184
24323 X 24321 0.001184
24323 X 24322 0.001184
24323 RY 24322 0.996448
24323 RY 24321 0.001184
24323 RY 24323 0.001184
24323 RY 24316 0.001184
24328 U3 24330 0.996448
24328 U3 24331 0.001184
24328 U3 24328 0.001184
24328 U3 24329 0.001184
24328 H 24316 0.998223
24328 H 24323 0.000592
24328 H 24321 0.000592
24328 H 24322 0.000592
24328 S 24409 1.000000
24328 Z 24331 1.000000
24328 X 24329 0.996448
24328 X 24328 0.001184
24328 X 24331 0.001184
24328 X 24330 0.001184
24328 RY 24330 0.996448
24328 RY 24331 0.001184
24328 RY 24328 0.001184
24328 RY 24329 0.001184
24329 U3 24331 0.996448
24329 U3 24330 0.001184
24329 U3 24329 0.001184
24329 U3 24328 0.001184
24329 H 24322 0.998223
24329 H 24321 0.000592
24329 H 24323 0.000592
24329 H 24316 0.000592
24329 S 24428 1.000000
24329 Z 24330 1.000000
24329 X 24328 0.996448
24329 X 24329 0.001184
24329 X 24330 0.001184
24329 X 24331 0.001184
24329 RY 24331 0.996448
24329 RY 24330 0.001184
24329 RY 24329 0.001184
24329 RY 24328 0.001184
24330 U3 24328 0.996448
24330 U3 24329 0.001184
24330 U3 24330 0.001184
24330 U3 24331 0.001184
24330 H 24321 0.998223
24330 H 24322 0.000592
24330 H 24316 0.000592
24330 H 24323 0.000592
24330 S 24447 1.000000
24330 Z 24329 1.000000
24330 X 24331 0.996448
24330 X 24330 0.001184
24330 X 24329 0.001184
24330 X 24328 0.001184
24330 RY 24328 0.996448
24330 RY 24329 0.001184
24330 RY 24330 0.001184
24330 RY 24331 0.001184
24331 U3 24329 0.996448
24331 U3 24328 0.001184
24331 U3 24331 0.001184
24331 U3 24330 0.001184
24331 H 24323 0.998223
24331 H 24316 0.000592
24331 H 24322 0.000592
24331 H 24321 0.000592
24331 S 24466 1.000000
24331 Z 24328 1.000000
24331 X 24330 0.996448
24331 X 24331 0.001184
24331 X 24328 0.001184
24331 X 24329 0.001184
24331 RY 24329 0.996448
24331 RY 24328 0.001184
24331 RY 24331 0.001184
24331 RY 24330 0.001184
24333 U3 24390 0.996448
24333 U3 24371 0.001184
24333 U3 24333 0.001184
24333 U3 24352 0.001184
24333 H 24484 0.998223
24333 H 24485 0.000592
24333 H 24486 0.000592
24333 H 24487 0.000592
24333 S 24322 1.000000
24333 Z 24371 1.000000
24333 X 24352 0.996448
24333 X 24333 0.001184
24333 X 24371 0.001184
24333 X 24390 0.001184
24333 RY 24390 0.996448
24333 RY 24371 0.001184
24333 RY 24333 0.001184
24333 RY 24352 0.001184
24352 U3 24371 0.996448
24352 U3 24390 0.001184
24352 U3 24352 0.001184
24352 U3 24333 0.001184
24352 H 24487 0.998223
24352 H 24486 0.000592
24352 H 24485 0.000592
24352 H 24484 0.000592
24352 S 24323 1.000000
24352 Z 24390 1.000000
24352 X 24333 0.996448
24352 X 24352 0.001184
24352 X 24390 0.001184
24352 X 24371 0.001184
24352 RY 24371 0.996448
24352 RY 24390 0.001184
24352 RY 24352 0.001184
24352 RY 24333 0.001184
24371 U3 24352 0.996448
24371 U3 24333 0.001184
24371 U3 24371 0.001184
24371 U3 24390 0.001184
24371 H 24485 0.998223
24371 H 24484 0.000592
24371 H 24487 0.000592
24371 H 24486 0.000592
24371 S 24316 1.000000
24371 Z 24333 1.000000
24371 X 24390 0.996448
24371 X 24371 0.001184
24371 X 24333 0.001184
24371 X 24352 0.001184
24371 RY 24352 0.996448
24371 RY 24333 0.001184
24371 RY 24371 0.001184
24371 RY 24390 0.001184
24390 U3 24333 0.996448
24390 U3 24352 0.001184
24390 U3 24390 0.001184
24390 U3 24371 0.001184
24390 H 24486 0.998223
24390 H 24487 0.000592
24390 H 24484 0.000592
24390 H 24485 0.000592
24390 S 24321 1.000000
24390 Z 24352 1.000000
24390 X 24371 0.996448
24390 X 24390 0.001184
24390 X 24352 0.001184
24390 X 24333 0.001184
24390 RY 24333 0.996448
24390 RY 24352 0.001184
24390 RY 24390 0.001184
24390 RY 24371 0.001184
24409 U3 24428 0.996448
24409 U3 24466 0.001184
24409 U3 24409 0.001184
24409 U3 24447 0.001184
24409 H 24560 0.998223
24409 H 24561 0.000592
24409 H 24562 0.000592
24409 H 24563 0.000592
24409 S 24331 1.000000
24409 Z 24466 1.000000
24409 X 24447 0.996448
24409 X 24409 0.001184
24409 X 24466 0.001184
24409 X 24428 0.001184
24409 RY 24428 0.996448
24409 RY 24466 0.001184
24409 RY 24409 0.001184
24409 RY 24447 0.001184
24428 U3 24409 0.996448
24428 U3 24447 0.001184
24428 U3 24428 0.001184
24428 U3 24466 0.001184
24428 H 24562 0.998223
24428 H 24563 0.000592
24428 H 24560 0.000592
24428 H 24561 0.000592
24428 S 24330 1.000000
24428 Z 24447 1.000000
24428 X 24466 0.996448
24428 X 24428 0.001184
24428 X 24447 0.001184
24428 X 24409 0.001184
24428 RY 24409 0.996448
24428 RY 24447 0.001184
24428 RY 24428 0.001184
24428 RY 24466 0.001184
24447 U3 24466 0.996448
24447 U3 24428 0.001184
24447 U3 24447 0.001184
24447 U3 24409 0.001184
24447 H 24563 0.998223
24447 H 24562 0.000592
24447 H 24561 0.000592
24447 H 24560 0.000592
24447 S 24329 1.000000
24447 Z 24428 1.000000
24447 X 24409 0.996448
24447 X 24447 0.001184
24447 X 24428 0.001184
24447 X 24466 0.001184
24447 RY 24466 0.996448
24447 RY 24428 0.001184
24447 RY 24447 0.001184
24447 RY 24409 0.001184
24466 U3 24447 0.996448
24466 U3 24409 0.001184
24466 U3 24466 0.001184
24466 U3 24428 0.001184
24466 H 24561 0.998223
24466 H 24560 0.000592
24466 H 24563 0.000592
24466 H 24562 0.000592
24466 S 24328 1.000000
24466 Z 24409 1.000000
24466 X 24428 0.996448
24466 X 24466 0.001184
24466 X 24409 0.001184
24466 X 24447 0.001184
24466 RY 24447 0.996448
24466 RY 24409 0.001184
24466 RY 24466 0.001184
24466 RY 24428 0.001184
24484 U3 24486 0.996448
24484 U3 24487 0.001184
24484 U3 24484 0.001184
24484 U3 24485 0.001184
24484 H 24333 0.998223
24484 H 24352 0.000592
24484 H 24390 0.000592
24484 H 24371 0.000592
24484 S 24561 1.000000
24484 Z 24487 1.000000
24484 X 24485 0.996448
24484 X 24484 0.001184
24484 X 24487 0.001184
24484 X 24486 0.001184
24484 RY 24486 0.996448
24484 RY 24487 0.001184
24484 RY 24484 0.001184
24484 RY 24485 0.001184
24485 U3 24487 0.996448
24485 U3 24486 0.001184
24485 U3 24485 0.001184
24485 U3 24484 0.001184
24485 H 24371 0.998223
24485 H 24390 0.000592
24485 H 24352 0.000592
24485 H 24333 0.000592
24485 S 24563 1.000000
24485 Z 24486 1.000000
24485 X 24484 0.996448
24485 X 24485 0.001184
24485 X 24486 0.001184
24485 X 24487 0.001184
24485 RY 24487 0.996448
24485 RY 24486 0.001184
24485 RY 24485 0.001184
24485 RY 24484 0.001184
24486 U3 24484 0.996448
24486 U3 24485 0.001184
24486 U3 24486 0.001184
24486 U3 24487 0.001184
24486 H 24390 0.998223
24486 H 24371 0.000592
24486 H 24333 0.000592
24486 H 24352 0.000592
24486 S 24560 1.000000
24486 Z 24485 1.000000
24486 X 24487 0.996448
24486 X 24486 0.001184
24486 X 24485 0.001184
24486 X 24484 0.001184
24486 RY 24484 0.996448
24486 RY 24485 0.001184
24486 RY 24486 0.001184
24486 RY 24487 0.001184
24487 U3 24485 0.996448
24487 U3 24484 0.001184
24487 U3 24487 0.001184
24487 U3 24486 0.001184
24487 H 24352 0.998223
24487 H 24333 0.000592
24487 H 24371 0.000592
24487 H 24390 0.000592
24487 S 24562 1.000000
24487 Z 24484 1.000000
24487 X 24486 0.996448
24487 X 24487 0.001184
24487 X 24484 0.001184
24487 X 24485 0.001184
24487 RY 24485 0.996448
24487 RY 24484 0.001184
24487 RY 24487 0.001184
24487 RY 24486 0.001184
24560 U3 24562 0.996448
24560 U3 24563 0.001184
24560 U3 24560 0.001184
24560 U3 24561 0.001184
24560 H 24409 0.998223
24560 H 24447 0.000592
24560 H 24428 0.000592
24560 H 24466 0.000592
24560 S 24485 1.000000
24560 Z 24563 1.000000
24560 X 24561 0.996448
24560 X 24560 0.001184
24560 X 24563 0.001184
24560 X 24562 0.001184
24560 RY 24562 0.996448
24560 RY 24563 0.001184
24560 RY 24560 0.001184
24560 RY 24561 0.001184
24561 U3 24563 0.996448
24561 U3 24562 0.001184
24561 U3 24561 0.001184
24561 U3 24560 0.001184
24561 H 24466 0.998223
24561 H 24428 0.000592
24561 H 24447 0.000592
24561 H 24409 0.000592
24561 S 24487 1.000000
24561 Z 24562 1.000000
24561 X 24560 0.996448
24561 X 24561 0.001184
24561 X 24562 0.001184
24561 X 24563 0.001184
24561 RY 24563 0.996448
24561 RY 24562 0.001184
24561 RY 24561 0.001184
24561 RY 24560 0.001184
24562 U3 24560 0.996448
24562 U3 24561 0.001184
24562 U3 24562 0.001184
24562 U3 24563 0.001184
24562 H 24428 0.998223
24562 H 24466 0.000592
24562 H 24409 0.000592
24562 H 24447 0.000592
24562 S 24484 1.000000
24562 Z 24561 1.000000
24562 X 24563 0.996448
24562 X 24562 0.001184
24562 X 24561 0.001184
24562 X 24560 0.001184
24562 RY 24560 0.996448
24562 RY 24561 0.001184
24562 RY 24562 0.001184
24562 RY 24563 0.001184
24563 U3 24561 0.996448
24563 U3 24560 0.001184
24563 U3 24563 0.001184
24563 U3 24562 0.001184
24563 H 24447 0.998223
24563 H 24409 0.000592
24563 H 24466 0.000592
24563 H 24428 0.000592
24563 S 24486 1.000000
24563 Z 24560 1.000000
24563 X 24562 0.996448
24563 X 24563 0.001184
24563 X 24560 0.001184
24563 X 24561 0.001184
24563 RY 24561 0.996448
24563 RY 24560 0.001184
24563 RY 24563 0.001184
24563 RY 24562 0.001184
ENDPOMDP
