BEGINPOMDP
INITIALSTATE: 25686
STATES: 25856,25857,25858,25742,25761,25780,25799,25931,25932,25933,25934,25686,25687,25818,25692,25693,25694,25699,25700,25701,25702,25704,25837,25723,25855
REWARDS: 25856:0,25857:0,25858:0,25742:0,25761:0,25780:0,25799:0,25931:0,25932:0,25933:0,25934:0,25686:0,25687:0,25818:0,25692:1,25693:0,25694:0,25699:0,25700:0,25701:0,25702:0,25704:0,25837:0,25723:0,25855:0
GAMMA: 25856:0,25857:0,25858:0,25742:0,25761:0,25780:0,25799:0,25931:0,25932:0,25933:0,25934:0,25686:0,25687:0,25818:0,25692:0,25693:0,25694:0,25699:0,25700:0,25701:0,25702:0,25704:0,25837:0,25723:0,25855:0
BEGINACTIONS
U3
H
S
Z
X
RY
ENDACTIONS
25686 INIT_ 25687 1.000000
25687 U3 25692 0.995674
25687 U3 25693 0.001442
25687 U3 25687 0.001442
25687 U3 25694 0.001442
25687 H 25699 0.997835
25687 H 25700 0.000722
25687 H 25701 0.000722
25687 H 25702 0.000722
25687 S 25704 1.000000
25687 Z 25693 1.000000
25687 X 25694 0.995674
25687 X 25687 0.001442
25687 X 25693 0.001442
25687 X 25692 0.001442
25687 RY 25692 0.995674
25687 RY 25693 0.001442
25687 RY 25687 0.001442
25687 RY 25694 0.001442
25692 U3 25687 0.995674
25692 U3 25694 0.001442
25692 U3 25692 0.001442
25692 U3 25693 0.001442
25692 H 25701 0.997835
25692 H 25702 0.000722
25692 H 25699 0.000722
25692 H 25700 0.000722
25692 S 25723 1.000000
25692 Z 25694 1.000000
25692 X 25693 0.995674
25692 X 25692 0.001442
25692 X 25694 0.001442
25692 X 25687 0.001442
25692 RY 25687 0.995674
25692 RY 25694 0.001442
25692 RY 25692 0.001442
25692 RY 25693 0.001442
25693 U3 25694 0.995674
25693 U3 25687 0.001442
25693 U3 25693 0.001442
25693 U3 25692 0.001442
25693 H 25700 0.997835
25693 H 25699 0.000722
25693 H 25702 0.000722
25693 H 25701 0.000722
25693 S 25742 1.000000
25693 Z 25687 1.000000
25693 X 25692 0.995674
25693 X 25693 0.001442
25693 X 25687 0.001442
25693 X 25694 0.001442
25693 RY 25694 0.995674
25693 RY 25687 0.001442
25693 RY 25693 0.001442
25693 RY 25692 0.001442
25694 U3 25693 0.995674
25694 U3 25692 0.001442
25694 U3 25694 0.001442
25694 U3 25687 0.001442
25694 H 25702 0.997835
25694 H 25701 0.000722
25694 H 25700 0.000722
25694 H 25699 0.000722
25694 S 25761 1.000000
25694 Z 25692 1.000000
25694 X 25687 0.995674
25694 X 25694 0.001442
25694 X 25692 0.001442
25694 X 25693 0.001442
25694 RY 25693 0.995674
25694 RY 25692 0.001442
25694 RY 25694 0.001442
25694 RY 25687 0.001442
25699 U3 25701 0.995674
25699 U3 25702 0.001442
25699 U3 25699 0.001442
25699 U3 25700 0.001442
25699 H 25687 0.997835
25699 H 25694 0.000722
25699 H 25692 0.000722
25699 H 25693 0.000722
25699 S 25780 1.000000
25699 Z 25702 1.000000
25699 X 25700 0.995674
25699 X 25699 0.001442
25699 X 25702 0.001442
25699 X 25701 0.001442
25699 RY 25701 0.995674
25699 RY 25702 0.001442
25699 RY 25699 0.001442
25699 RY 25700 0.001442
25700 U3 25702 0.995674
25700 U3 25701 0.001442
25700 U3 25700 0.001442
25700 U3 25699 0.001442
25700 H 25693 0.997835
25700 H 25692 0.000722
25700 H 25694 0.000722
25700 H 25687 0.000722
25700 S 25799 1.000000
25700 Z 25701 1.000000
25700 X 25699 0.995674
25700 X 25700 0.001442
25700 X 25701 0.001442
25700 X 25702 0.001442
25700 RY 25702 0.995674
25700 RY 25701 0.001442
25700 RY 25700 0.001442
25700 RY 25699 0.001442
25701 U3 25699 0.995674
25701 U3 25700 0.001442
25701 U3 25701 0.001442
25701 U3 25702 0.001442
25701 H 25692 0.997835
25701 H 25693 0.000722
25701 H 25687 0.000722
25701 H 25694 0.000722
25701 S 25818 1.000000
25701 Z 25700 1.000000
25701 X 25702 0.995674
25701 X 25701 0.001442
25701 X 25700 0.001442
25701 X 25699 0.001442
25701 RY 25699 0.995674
25701 RY 25700 0.001442
25701 RY 25701 0.001442
25701 RY 25702 0.001442
25702 U3 25700 0.995674
25702 U3 25699 0.001442
25702 U3 25702 0.001442
25702 U3 25701 0.001442
25702 H 25694 0.997835
25702 H 25687 0.000722
25702 H 25693 0.000722
25702 H 25692 0.000722
25702 S 25837 1.000000
25702 Z 25699 1.000000
25702 X 25701 0.995674
25702 X 25702 0.001442
25702 X 25699 0.001442
25702 X 25700 0.001442
25702 RY 25700 0.995674
25702 RY 25699 0.001442
25702 RY 25702 0.001442
25702 RY 25701 0.001442
25704 U3 25761 0.995674
25704 U3 25742 0.001442
25704 U3 25704 0.001442
25704 U3 25723 0.001442
25704 H 25855 0.997835
25704 H 25856 0.000722
25704 H 25857 0.000722
25704 H 25858 0.000722
25704 S 25693 1.000000
25704 Z 25742 1.000000
25704 X 25723 0.995674
25704 X 25704 0.001442
25704 X 25742 0.001442
25704 X 25761 0.001442
25704 RY 25761 0.995674
25704 RY 25742 0.001442
25704 RY 25704 0.001442
25704 RY 25723 0.001442
25723 U3 25742 0.995674
25723 U3 25761 0.001442
25723 U3 25723 0.001442
25723 U3 25704 0.001442
25723 H 25858 0.997835
25723 H 25857 0.000722
25723 H 25856 0.000722
25723 H 25855 0.000722
25723 S 25694 1.000000
25723 Z 25761 1.000000
25723 X 25704 0.995674
25723 X 25723 0.001442
25723 X 25761 0.001442
25723 X 25742 0.001442
25723 RY 25742 0.995674
25723 RY 25761 0.001442
25723 RY 25723 0.001442
25723 RY 25704 0.001442
25742 U3 25723 0.995674
25742 U3 25704 0.001442
25742 U3 25742 0.001442
25742 U3 25761 0.001442
25742 H 25856 0.997835
25742 H 25855 0.000722
25742 H 25858 0.000722
25742 H 25857 0.000722
25742 S 25687 1.000000
25742 Z 25704 1.000000
25742 X 25761 0.995674
25742 X 25742 0.001442
25742 X 25704 0.001442
25742 X 25723 0.001442
25742 RY 25723 0.995674
25742 RY 25704 0.001442
25742 RY 25742 0.001442
25742 RY 25761 0.001442
25761 U3 25704 0.995674
25761 U3 25723 0.001442
25761 U3 25761 0.001442
25761 U3 25742 0.001442
25761 H 25857 0.997835
25761 H 25858 0.000722
25761 H 25855 0.000722
25761 H 25856 0.000722
25761 S 25692 1.000000
25761 Z 25723 1.000000
25761 X 25742 0.995674
25761 X 25761 0.001442
25761 X 25723 0.001442
25761 X 25704 0.001442
25761 RY 25704 0.995674
25761 RY 25723 0.001442
25761 RY 25761 0.001442
25761 RY 25742 0.001442
25780 U3 25799 0.995674
25780 U3 25837 0.001442
25780 U3 25780 0.001442
25780 U3 25818 0.001442
25780 H 25931 0.997835
25780 H 25932 0.000722
25780 H 25933 0.000722
25780 H 25934 0.000722
25780 S 25702 1.000000
25780 Z 25837 1.000000
25780 X 25818 0.995674
25780 X 25780 0.001442
25780 X 25837 0.001442
25780 X 25799 0.001442
25780 RY 25799 0.995674
25780 RY 25837 0.001442
25780 RY 25780 0.001442
25780 RY 25818 0.001442
25799 U3 25780 0.995674
25799 U3 25818 0.001442
25799 U3 25799 0.001442
25799 U3 25837 0.001442
25799 H 25933 0.997835
25799 H 25934 0.000722
25799 H 25931 0.000722
25799 H 25932 0.000722
25799 S 25701 1.000000
25799 Z 25818 1.000000
25799 X 25837 0.995674
25799 X 25799 0.001442
25799 X 25818 0.001442
25799 X 25780 0.001442
25799 RY 25780 0.995674
25799 RY 25818 0.001442
25799 RY 25799 0.001442
25799 RY 25837 0.001442
25818 U3 25837 0.995674
25818 U3 25799 0.001442
25818 U3 25818 0.001442
25818 U3 25780 0.001442
25818 H 25934 0.997835
25818 H 25933 0.000722
25818 H 25932 0.000722
25818 H 25931 0.000722
25818 S 25700 1.000000
25818 Z 25799 1.000000
25818 X 25780 0.995674
25818 X 25818 0.001442
25818 X 25799 0.001442
25818 X 25837 0.001442
25818 RY 25837 0.995674
25818 RY 25799 0.001442
25818 RY 25818 0.001442
25818 RY 25780 0.001442
25837 U3 25818 0.995674
25837 U3 25780 0.001442
25837 U3 25837 0.001442
25837 U3 25799 0.001442
25837 H 25932 0.997835
25837 H 25931 0.000722
25837 H 25934 0.000722
25837 H 25933 0.000722
25837 S 25699 1.000000
25837 Z 25780 1.000000
25837 X 25799 0.995674
25837 X 25837 0.001442
25837 X 25780 0.001442
25837 X 25818 0.001442
25837 RY 25818 0.995674
25837 RY 25780 0.001442
25837 RY 25837 0.001442
25837 RY 25799 0.001442
25855 U3 25857 0.995674
25855 U3 25858 0.001442
25855 U3 25855 0.001442
25855 U3 25856 0.001442
25855 H 25704 0.997835
25855 H 25723 0.000722
25855 H 25761 0.000722
25855 H 25742 0.000722
25855 S 25932 1.000000
25855 Z 25858 1.000000
25855 X 25856 0.995674
25855 X 25855 0.001442
25855 X 25858 0.001442
25855 X 25857 0.001442
25855 RY 25857 0.995674
25855 RY 25858 0.001442
25855 RY 25855 0.001442
25855 RY 25856 0.001442
25856 U3 25858 0.995674
25856 U3 25857 0.001442
25856 U3 25856 0.001442
25856 U3 25855 0.001442
25856 H 25742 0.997835
25856 H 25761 0.000722
25856 H 25723 0.000722
25856 H 25704 0.000722
25856 S 25934 1.000000
25856 Z 25857 1.000000
25856 X 25855 0.995674
25856 X 25856 0.001442
25856 X 25857 0.001442
25856 X 25858 0.001442
25856 RY 25858 0.995674
25856 RY 25857 0.001442
25856 RY 25856 0.001442
25856 RY 25855 0.001442
25857 U3 25855 0.995674
25857 U3 25856 0.001442
25857 U3 25857 0.001442
25857 U3 25858 0.001442
25857 H 25761 0.997835
25857 H 25742 0.000722
25857 H 25704 0.000722
25857 H 25723 0.000722
25857 S 25931 1.000000
25857 Z 25856 1.000000
25857 X 25858 0.995674
25857 X 25857 0.001442
25857 X 25856 0.001442
25857 X 25855 0.001442
25857 RY 25855 0.995674
25857 RY 25856 0.001442
25857 RY 25857 0.001442
25857 RY 25858 0.001442
25858 U3 25856 0.995674
25858 U3 25855 0.001442
25858 U3 25858 0.001442
25858 U3 25857 0.001442
25858 H 25723 0.997835
25858 H 25704 0.000722
25858 H 25742 0.000722
25858 H 25761 0.000722
25858 S 25933 1.000000
25858 Z 25855 1.000000
25858 X 25857 0.995674
25858 X 25858 0.001442
25858 X 25855 0.001442
25858 X 25856 0.001442
25858 RY 25856 0.995674
25858 RY 25855 0.001442
25858 RY 25858 0.001442
25858 RY 25857 0.001442
25931 U3 25933 0.995674
25931 U3 25934 0.001442
25931 U3 25931 0.001442
25931 U3 25932 0.001442
25931 H 25780 0.997835
25931 H 25818 0.000722
25931 H 25799 0.000722
25931 H 25837 0.000722
25931 S 25856 1.000000
25931 Z 25934 1.000000
25931 X 25932 0.995674
25931 X 25931 0.001442
25931 X 25934 0.001442
25931 X 25933 0.001442
25931 RY 25933 0.995674
25931 RY 25934 0.001442
25931 RY 25931 0.001442
25931 RY 25932 0.001442
25932 U3 25934 0.995674
25932 U3 25933 0.001442
25932 U3 25932 0.001442
25932 U3 25931 0.001442
25932 H 25837 0.997835
25932 H 25799 0.000722
25932 H 25818 0.000722
25932 H 25780 0.000722
25932 S 25858 1.000000
25932 Z 25933 1.000000
25932 X 25931 0.995674
25932 X 25932 0.001442
25932 X 25933 0.001442
25932 X 25934 0.001442
25932 RY 25934 0.995674
25932 RY 25933 0.001442
25932 RY 25932 0.001442
25932 RY 25931 0.001442
25933 U3 25931 0.995674
25933 U3 25932 0.001442
25933 U3 25933 0.001442
25933 U3 25934 0.001442
25933 H 25799 0.997835
25933 H 25837 0.000722
25933 H 25780 0.000722
25933 H 25818 0.000722
25933 S 25855 1.000000
25933 Z 25932 1.000000
25933 X 25934 0.995674
25933 X 25933 0.001442
25933 X 25932 0.001442
25933 X 25931 0.001442
25933 RY 25931 0.995674
25933 RY 25932 0.001442
25933 RY 25933 0.001442
25933 RY 25934 0.001442
25934 U3 25932 0.995674
25934 U3 25931 0.001442
25934 U3 25934 0.001442
25934 U3 25933 0.001442
25934 H 25818 0.997835
25934 H 25780 0.000722
25934 H 25837 0.000722
25934 H 25799 0.000722
25934 S 25857 1.000000
25934 Z 25931 1.000000
25934 X 25933 0.995674
25934 X 25934 0.001442
25934 X 25931 0.001442
25934 X 25932 0.001442
25934 RY 25932 0.995674
25934 RY 25931 0.001442
25934 RY 25934 0.001442
25934 RY 25933 0.001442
ENDPOMDP
