BEGINPOMDP
INITIALSTATE: 27514
STATES: 27520,27521,27522,27527,27528,27529,27530,27532,27665,27551,27683,27684,27685,27686,27570,27589,27608,27627,27759,27760,27761,27762,27514,27515,27646
REWARDS: 27520:1,27521:0,27522:0,27527:0,27528:0,27529:0,27530:0,27532:0,27665:0,27551:0,27683:0,27684:0,27685:0,27686:0,27570:0,27589:0,27608:0,27627:0,27759:0,27760:0,27761:0,27762:0,27514:0,27515:0,27646:0
GAMMA: 27520:0,27521:0,27522:0,27527:0,27528:0,27529:0,27530:0,27532:0,27665:0,27551:0,27683:0,27684:0,27685:0,27686:0,27570:0,27589:0,27608:0,27627:0,27759:0,27760:0,27761:0,27762:0,27514:0,27515:0,27646:0
BEGINACTIONS
U3
H
S
Z
X
RY
ENDACTIONS
27514 INIT_ 27515 1.000000
27515 U3 27520 0.989656
27515 U3 27521 0.003448
27515 U3 27515 0.003448
27515 U3 27522 0.003448
27515 H 27527 0.994819
27515 H 27528 0.001727
27515 H 27529 0.001727
27515 H 27530 0.001727
27515 S 27532 1.000000
27515 Z 27521 1.000000
27515 X 27522 0.989656
27515 X 27515 0.003448
27515 X 27521 0.003448
27515 X 27520 0.003448
27515 RY 27520 0.989656
27515 RY 27521 0.003448
27515 RY 27515 0.003448
27515 RY 27522 0.003448
27520 U3 27515 0.989656
27520 U3 27522 0.003448
27520 U3 27520 0.003448
27520 U3 27521 0.003448
27520 H 27529 0.994819
27520 H 27530 0.001727
27520 H 27527 0.001727
27520 H 27528 0.001727
27520 S 27551 1.000000
27520 Z 27522 1.000000
27520 X 27521 0.989656
27520 X 27520 0.003448
27520 X 27522 0.003448
27520 X 27515 0.003448
27520 RY 27515 0.989656
27520 RY 27522 0.003448
27520 RY 27520 0.003448
27520 RY 27521 0.003448
27521 U3 27522 0.989656
27521 U3 27515 0.003448
27521 U3 27521 0.003448
27521 U3 27520 0.003448
27521 H 27528 0.994819
27521 H 27527 0.001727
27521 H 27530 0.001727
27521 H 27529 0.001727
27521 S 27570 1.000000
27521 Z 27515 1.000000
27521 X 27520 0.989656
27521 X 27521 0.003448
27521 X 27515 0.003448
27521 X 27522 0.003448
27521 RY 27522 0.989656
27521 RY 27515 0.003448
27521 RY 27521 0.003448
27521 RY 27520 0.003448
27522 U3 27521 0.989656
27522 U3 27520 0.003448
27522 U3 27522 0.003448
27522 U3 27515 0.003448
27522 H 27530 0.994819
27522 H 27529 0.001727
27522 H 27528 0.001727
27522 H 27527 0.001727
27522 S 27589 1.000000
27522 Z 27520 1.000000
27522 X 27515 0.989656
27522 X 27522 0.003448
27522 X 27520 0.003448
27522 X 27521 0.003448
27522 RY 27521 0.989656
27522 RY 27520 0.003448
27522 RY 27522 0.003448
27522 RY 27515 0.003448
27527 U3 27529 0.989656
27527 U3 27530 0.003448
27527 U3 27527 0.003448
27527 U3 27528 0.003448
27527 H 27515 0.994819
27527 H 27522 0.001727
27527 H 27520 0.001727
27527 H 27521 0.001727
27527 S 27608 1.000000
27527 Z 27530 1.000000
27527 X 27528 0.989656
27527 X 27527 0.003448
27527 X 27530 0.003448
27527 X 27529 0.003448
27527 RY 27529 0.989656
27527 RY 27530 0.003448
27527 RY 27527 0.003448
27527 RY 27528 0.003448
27528 U3 27530 0.989656
27528 U3 27529 0.003448
27528 U3 27528 0.003448
27528 U3 27527 0.003448
27528 H 27521 0.994819
27528 H 27520 0.001727
27528 H 27522 0.001727
27528 H 27515 0.001727
27528 S 27627 1.000000
27528 Z 27529 1.000000
27528 X 27527 0.989656
27528 X 27528 0.003448
27528 X 27529 0.003448
27528 X 27530 0.003448
27528 RY 27530 0.989656
27528 RY 27529 0.003448
27528 RY 27528 0.003448
27528 RY 27527 0.003448
27529 U3 27527 0.989656
27529 U3 27528 0.003448
27529 U3 27529 0.003448
27529 U3 27530 0.003448
27529 H 27520 0.994819
27529 H 27521 0.001727
27529 H 27515 0.001727
27529 H 27522 0.001727
27529 S 27646 1.000000
27529 Z 27528 1.000000
27529 X 27530 0.989656
27529 X 27529 0.003448
27529 X 27528 0.003448
27529 X 27527 0.003448
27529 RY 27527 0.989656
27529 RY 27528 0.003448
27529 RY 27529 0.003448
27529 RY 27530 0.003448
27530 U3 27528 0.989656
27530 U3 27527 0.003448
27530 U3 27530 0.003448
27530 U3 27529 0.003448
27530 H 27522 0.994819
27530 H 27515 0.001727
27530 H 27521 0.001727
27530 H 27520 0.001727
27530 S 27665 1.000000
27530 Z 27527 1.000000
27530 X 27529 0.989656
27530 X 27530 0.003448
27530 X 27527 0.003448
27530 X 27528 0.003448
27530 RY 27528 0.989656
27530 RY 27527 0.003448
27530 RY 27530 0.003448
27530 RY 27529 0.003448
27532 U3 27589 0.989656
27532 U3 27570 0.003448
27532 U3 27532 0.003448
27532 U3 27551 0.003448
27532 H 27683 0.994819
27532 H 27684 0.001727
27532 H 27685 0.001727
27532 H 27686 0.001727
27532 S 27521 1.000000
27532 Z 27570 1.000000
27532 X 27551 0.989656
27532 X 27532 0.003448
27532 X 27570 0.003448
27532 X 27589 0.003448
27532 RY 27589 0.989656
27532 RY 27570 0.003448
27532 RY 27532 0.003448
27532 RY 27551 0.003448
27551 U3 27570 0.989656
27551 U3 27589 0.003448
27551 U3 27551 0.003448
27551 U3 27532 0.003448
27551 H 27686 0.994819
27551 H 27685 0.001727
27551 H 27684 0.001727
27551 H 27683 0.001727
27551 S 27522 1.000000
27551 Z 27589 1.000000
27551 X 27532 0.989656
27551 X 27551 0.003448
27551 X 27589 0.003448
27551 X 27570 0.003448
27551 RY 27570 0.989656
27551 RY 27589 0.003448
27551 RY 27551 0.003448
27551 RY 27532 0.003448
27570 U3 27551 0.989656
27570 U3 27532 0.003448
27570 U3 27570 0.003448
27570 U3 27589 0.003448
27570 H 27684 0.994819
27570 H 27683 0.001727
27570 H 27686 0.001727
27570 H 27685 0.001727
27570 S 27515 1.000000
27570 Z 27532 1.000000
27570 X 27589 0.989656
27570 X 27570 0.003448
27570 X 27532 0.003448
27570 X 27551 0.003448
27570 RY 27551 0.989656
27570 RY 27532 0.003448
27570 RY 27570 0.003448
27570 RY 27589 0.003448
27589 U3 27532 0.989656
27589 U3 27551 0.003448
27589 U3 27589 0.003448
27589 U3 27570 0.003448
27589 H 27685 0.994819
27589 H 27686 0.001727
27589 H 27683 0.001727
27589 H 27684 0.001727
27589 S 27520 1.000000
27589 Z 27551 1.000000
27589 X 27570 0.989656
27589 X 27589 0.003448
27589 X 27551 0.003448
27589 X 27532 0.003448
27589 RY 27532 0.989656
27589 RY 27551 0.003448
27589 RY 27589 0.003448
27589 RY 27570 0.003448
27608 U3 27627 0.989656
27608 U3 27665 0.003448
27608 U3 27608 0.003448
27608 U3 27646 0.003448
27608 H 27759 0.994819
27608 H 27760 0.001727
27608 H 27761 0.001727
27608 H 27762 0.001727
27608 S 27530 1.000000
27608 Z 27665 1.000000
27608 X 27646 0.989656
27608 X 27608 0.003448
27608 X 27665 0.003448
27608 X 27627 0.003448
27608 RY 27627 0.989656
27608 RY 27665 0.003448
27608 RY 27608 0.003448
27608 RY 27646 0.003448
27627 U3 27608 0.989656
27627 U3 27646 0.003448
27627 U3 27627 0.003448
27627 U3 27665 0.003448
27627 H 27761 0.994819
27627 H 27762 0.001727
27627 H 27759 0.001727
27627 H 27760 0.001727
27627 S 27529 1.000000
27627 Z 27646 1.000000
27627 X 27665 0.989656
27627 X 27627 0.003448
27627 X 27646 0.003448
27627 X 27608 0.003448
27627 RY 27608 0.989656
27627 RY 27646 0.003448
27627 RY 27627 0.003448
27627 RY 27665 0.003448
27646 U3 27665 0.989656
27646 U3 27627 0.003448
27646 U3 27646 0.003448
27646 U3 27608 0.003448
27646 H 27762 0.994819
27646 H 27761 0.001727
27646 H 27760 0.001727
27646 H 27759 0.001727
27646 S 27528 1.000000
27646 Z 27627 1.000000
27646 X 27608 0.989656
27646 X 27646 0.003448
27646 X 27627 0.003448
27646 X 27665 0.003448
27646 RY 27665 0.989656
27646 RY 27627 0.003448
27646 RY 27646 0.003448
27646 RY 27608 0.003448
27665 U3 27646 0.989656
27665 U3 27608 0.003448
27665 U3 27665 0.003448
27665 U3 27627 0.003448
27665 H 27760 0.994819
27665 H 27759 0.001727
27665 H 27762 0.001727
27665 H 27761 0.001727
27665 S 27527 1.000000
27665 Z 27608 1.000000
27665 X 27627 0.989656
27665 X 27665 0.003448
27665 X 27608 0.003448
27665 X 27646 0.003448
27665 RY 27646 0.989656
27665 RY 27608 0.003448
27665 RY 27665 0.003448
27665 RY 27627 0.003448
27683 U3 27685 0.989656
27683 U3 27686 0.003448
27683 U3 27683 0.003448
27683 U3 27684 0.003448
27683 H 27532 0.994819
27683 H 27551 0.001727
27683 H 27589 0.001727
27683 H 27570 0.001727
27683 S 27760 1.000000
27683 Z 27686 1.000000
27683 X 27684 0.989656
27683 X 27683 0.003448
27683 X 27686 0.003448
27683 X 27685 0.003448
27683 RY 27685 0.989656
27683 RY 27686 0.003448
27683 RY 27683 0.003448
27683 RY 27684 0.003448
27684 U3 27686 0.989656
27684 U3 27685 0.003448
27684 U3 27684 0.003448
27684 U3 27683 0.003448
27684 H 27570 0.994819
27684 H 27589 0.001727
27684 H 27551 0.001727
27684 H 27532 0.001727
27684 S 27762 1.000000
27684 Z 27685 1.000000
27684 X 27683 0.989656
27684 X 27684 0.003448
27684 X 27685 0.003448
27684 X 27686 0.003448
27684 RY 27686 0.989656
27684 RY 27685 0.003448
27684 RY 27684 0.003448
27684 RY 27683 0.003448
27685 U3 27683 0.989656
27685 U3 27684 0.003448
27685 U3 27685 0.003448
27685 U3 27686 0.003448
27685 H 27589 0.994819
27685 H 27570 0.001727
27685 H 27532 0.001727
27685 H 27551 0.001727
27685 S 27759 1.000000
27685 Z 27684 1.000000
27685 X 27686 0.989656
27685 X 27685 0.003448
27685 X 27684 0.003448
27685 X 27683 0.003448
27685 RY 27683 0.989656
27685 RY 27684 0.003448
27685 RY 27685 0.003448
27685 RY 27686 0.003448
27686 U3 27684 0.989656
27686 U3 27683 0.003448
27686 U3 27686 0.003448
27686 U3 27685 0.003448
27686 H 27551 0.994819
27686 H 27532 0.001727
27686 H 27570 0.001727
27686 H 27589 0.001727
27686 S 27761 1.000000
27686 Z 27683 1.000000
27686 X 27685 0.989656
27686 X 27686 0.003448
27686 X 27683 0.003448
27686 X 27684 0.003448
27686 RY 27684 0.989656
27686 RY 27683 0.003448
27686 RY 27686 0.003448
27686 RY 27685 0.003448
27759 U3 27761 0.989656
27759 U3 27762 0.003448
27759 U3 27759 0.003448
27759 U3 27760 0.003448
27759 H 27608 0.994819
27759 H 27646 0.001727
27759 H 27627 0.001727
27759 H 27665 0.001727
27759 S 27684 1.000000
27759 Z 27762 1.000000
27759 X 27760 0.989656
27759 X 27759 0.003448
27759 X 27762 0.003448
27759 X 27761 0.003448
27759 RY 27761 0.989656
27759 RY 27762 0.003448
27759 RY 27759 0.003448
27759 RY 27760 0.003448
27760 U3 27762 0.989656
27760 U3 27761 0.003448
27760 U3 27760 0.003448
27760 U3 27759 0.003448
27760 H 27665 0.994819
27760 H 27627 0.001727
27760 H 27646 0.001727
27760 H 27608 0.001727
27760 S 27686 1.000000
27760 Z 27761 1.000000
27760 X 27759 0.989656
27760 X 27760 0.003448
27760 X 27761 0.003448
27760 X 27762 0.003448
27760 RY 27762 0.989656
27760 RY 27761 0.003448
27760 RY 27760 0.003448
27760 RY 27759 0.003448
27761 U3 27759 0.989656
27761 U3 27760 0.003448
27761 U3 27761 0.003448
27761 U3 27762 0.003448
27761 H 27627 0.994819
27761 H 27665 0.001727
27761 H 27608 0.001727
27761 H 27646 0.001727
27761 S 27683 1.000000
27761 Z 27760 1.000000
27761 X 27762 0.989656
27761 X 27761 0.003448
27761 X 27760 0.003448
27761 X 27759 0.003448
27761 RY 27759 0.989656
27761 RY 27760 0.003448
27761 RY 27761 0.003448
27761 RY 27762 0.003448
27762 U3 27760 0.989656
27762 U3 27759 0.003448
27762 U3 27762 0.003448
27762 U3 27761 0.003448
27762 H 27646 0.994819
27762 H 27608 0.001727
27762 H 27665 0.001727
27762 H 27627 0.001727
27762 S 27685 1.000000
27762 Z 27759 1.000000
27762 X 27761 0.989656
27762 X 27762 0.003448
27762 X 27759 0.003448
27762 X 27760 0.003448
27762 RY 27760 0.989656
27762 RY 27759 0.003448
27762 RY 27762 0.003448
27762 RY 27761 0.003448
ENDPOMDP
