BEGINPOMDP
INITIALSTATE: 31414
STATES: 31505,31506,31507,31508,31517,31518,31414,31415,31420,31421,31422,31423,31426,31428,31430,31559,31560,31561,31562,31435,31436,31444,31446,31458,31460
REWARDS: 31505:0,31506:0,31507:0,31508:0,31517:0,31518:0,31414:0,31415:0,31420:0,31421:0,31422:0,31423:0,31426:0,31428:0,31430:0,31559:0,31560:0,31561:0,31562:0,31435:0,31436:1,31444:0,31446:0,31458:0,31460:0
GAMMA: 31505:0,31506:0,31507:0,31508:0,31517:0,31518:0,31414:0,31415:0,31420:0,31421:0,31422:0,31423:0,31426:0,31428:0,31430:0,31559:0,31560:0,31561:0,31562:0,31435:0,31436:0,31444:0,31446:0,31458:0,31460:0
BEGINACTIONS
SX
RZPI
RZ3PI
RZPIHalf
S
X
ENDACTIONS
31414 INIT_ 31415 1.000000
31415 SX 31420 0.999642
31415 SX 31421 0.000119
31415 SX 31422 0.000119
31415 SX 31423 0.000119
31415 RZPI 31415 1.000000
31415 RZ3PI 31426 1.000000
31415 RZPIHalf 31428 1.000000
31415 S 31430 1.000000
31415 X 31435 0.999642
31415 X 31415 0.000119
31415 X 31426 0.000119
31415 X 31436 0.000119
31420 SX 31435 0.999642
31420 SX 31415 0.000119
31420 SX 31426 0.000119
31420 SX 31436 0.000119
31420 RZPI 31420 1.000000
31420 RZ3PI 31423 1.000000
31420 RZPIHalf 31444 1.000000
31420 S 31446 1.000000
31420 X 31421 0.999642
31420 X 31420 0.000119
31420 X 31423 0.000119
31420 X 31422 0.000119
31421 SX 31415 0.999642
31421 SX 31435 0.000119
31421 SX 31436 0.000119
31421 SX 31426 0.000119
31421 RZPI 31421 1.000000
31421 RZ3PI 31422 1.000000
31421 RZPIHalf 31458 1.000000
31421 S 31460 1.000000
31421 X 31420 0.999642
31421 X 31421 0.000119
31421 X 31422 0.000119
31421 X 31423 0.000119
31422 SX 31436 0.999642
31422 SX 31426 0.000119
31422 SX 31415 0.000119
31422 SX 31435 0.000119
31422 RZPI 31422 1.000000
31422 RZ3PI 31421 1.000000
31422 RZPIHalf 31460 1.000000
31422 S 31458 1.000000
31422 X 31423 0.999642
31422 X 31422 0.000119
31422 X 31421 0.000119
31422 X 31420 0.000119
31423 SX 31426 0.999642
31423 SX 31436 0.000119
31423 SX 31435 0.000119
31423 SX 31415 0.000119
31423 RZPI 31423 1.000000
31423 RZ3PI 31420 1.000000
31423 RZPIHalf 31446 1.000000
31423 S 31444 1.000000
31423 X 31422 0.999642
31423 X 31423 0.000119
31423 X 31420 0.000119
31423 X 31421 0.000119
31426 SX 31422 0.999642
31426 SX 31423 0.000119
31426 SX 31420 0.000119
31426 SX 31421 0.000119
31426 RZPI 31426 1.000000
31426 RZ3PI 31415 1.000000
31426 RZPIHalf 31430 1.000000
31426 S 31428 1.000000
31426 X 31436 0.999642
31426 X 31426 0.000119
31426 X 31415 0.000119
31426 X 31435 0.000119
31428 SX 31505 0.999642
31428 SX 31506 0.000119
31428 SX 31507 0.000119
31428 SX 31508 0.000119
31428 RZPI 31428 1.000000
31428 RZ3PI 31430 1.000000
31428 RZPIHalf 31426 1.000000
31428 S 31415 1.000000
31428 X 31517 0.999642
31428 X 31428 0.000119
31428 X 31430 0.000119
31428 X 31518 0.000119
31430 SX 31507 0.999642
31430 SX 31508 0.000119
31430 SX 31505 0.000119
31430 SX 31506 0.000119
31430 RZPI 31430 1.000000
31430 RZ3PI 31428 1.000000
31430 RZPIHalf 31415 1.000000
31430 S 31426 1.000000
31430 X 31518 0.999642
31430 X 31430 0.000119
31430 X 31428 0.000119
31430 X 31517 0.000119
31435 SX 31421 0.999642
31435 SX 31420 0.000119
31435 SX 31423 0.000119
31435 SX 31422 0.000119
31435 RZPI 31435 1.000000
31435 RZ3PI 31436 1.000000
31435 RZPIHalf 31518 1.000000
31435 S 31517 1.000000
31435 X 31415 0.999642
31435 X 31435 0.000119
31435 X 31436 0.000119
31435 X 31426 0.000119
31436 SX 31423 0.999642
31436 SX 31422 0.000119
31436 SX 31421 0.000119
31436 SX 31420 0.000119
31436 RZPI 31436 1.000000
31436 RZ3PI 31435 1.000000
31436 RZPIHalf 31517 1.000000
31436 S 31518 1.000000
31436 X 31426 0.999642
31436 X 31436 0.000119
31436 X 31435 0.000119
31436 X 31415 0.000119
31444 SX 31559 0.999642
31444 SX 31560 0.000119
31444 SX 31561 0.000119
31444 SX 31562 0.000119
31444 RZPI 31444 1.000000
31444 RZ3PI 31446 1.000000
31444 RZPIHalf 31423 1.000000
31444 S 31420 1.000000
31444 X 31460 0.999642
31444 X 31444 0.000119
31444 X 31446 0.000119
31444 X 31458 0.000119
31446 SX 31561 0.999642
31446 SX 31562 0.000119
31446 SX 31559 0.000119
31446 SX 31560 0.000119
31446 RZPI 31446 1.000000
31446 RZ3PI 31444 1.000000
31446 RZPIHalf 31420 1.000000
31446 S 31423 1.000000
31446 X 31458 0.999642
31446 X 31446 0.000119
31446 X 31444 0.000119
31446 X 31460 0.000119
31458 SX 31562 0.999642
31458 SX 31561 0.000119
31458 SX 31560 0.000119
31458 SX 31559 0.000119
31458 RZPI 31458 1.000000
31458 RZ3PI 31460 1.000000
31458 RZPIHalf 31422 1.000000
31458 S 31421 1.000000
31458 X 31446 0.999642
31458 X 31458 0.000119
31458 X 31460 0.000119
31458 X 31444 0.000119
31460 SX 31560 0.999642
31460 SX 31559 0.000119
31460 SX 31562 0.000119
31460 SX 31561 0.000119
31460 RZPI 31460 1.000000
31460 RZ3PI 31458 1.000000
31460 RZPIHalf 31421 1.000000
31460 S 31422 1.000000
31460 X 31444 0.999642
31460 X 31460 0.000119
31460 X 31458 0.000119
31460 X 31446 0.000119
31505 SX 31517 0.999642
31505 SX 31428 0.000119
31505 SX 31430 0.000119
31505 SX 31518 0.000119
31505 RZPI 31505 1.000000
31505 RZ3PI 31508 1.000000
31505 RZPIHalf 31559 1.000000
31505 S 31562 1.000000
31505 X 31506 0.999642
31505 X 31505 0.000119
31505 X 31508 0.000119
31505 X 31507 0.000119
31506 SX 31428 0.999642
31506 SX 31517 0.000119
31506 SX 31518 0.000119
31506 SX 31430 0.000119
31506 RZPI 31506 1.000000
31506 RZ3PI 31507 1.000000
31506 RZPIHalf 31561 1.000000
31506 S 31560 1.000000
31506 X 31505 0.999642
31506 X 31506 0.000119
31506 X 31507 0.000119
31506 X 31508 0.000119
31507 SX 31518 0.999642
31507 SX 31430 0.000119
31507 SX 31428 0.000119
31507 SX 31517 0.000119
31507 RZPI 31507 1.000000
31507 RZ3PI 31506 1.000000
31507 RZPIHalf 31560 1.000000
31507 S 31561 1.000000
31507 X 31508 0.999642
31507 X 31507 0.000119
31507 X 31506 0.000119
31507 X 31505 0.000119
31508 SX 31430 0.999642
31508 SX 31518 0.000119
31508 SX 31517 0.000119
31508 SX 31428 0.000119
31508 RZPI 31508 1.000000
31508 RZ3PI 31505 1.000000
31508 RZPIHalf 31562 1.000000
31508 S 31559 1.000000
31508 X 31507 0.999642
31508 X 31508 0.000119
31508 X 31505 0.000119
31508 X 31506 0.000119
31517 SX 31506 0.999642
31517 SX 31505 0.000119
31517 SX 31508 0.000119
31517 SX 31507 0.000119
31517 RZPI 31517 1.000000
31517 RZ3PI 31518 1.000000
31517 RZPIHalf 31435 1.000000
31517 S 31436 1.000000
31517 X 31428 0.999642
31517 X 31517 0.000119
31517 X 31518 0.000119
31517 X 31430 0.000119
31518 SX 31508 0.999642
31518 SX 31507 0.000119
31518 SX 31506 0.000119
31518 SX 31505 0.000119
31518 RZPI 31518 1.000000
31518 RZ3PI 31517 1.000000
31518 RZPIHalf 31436 1.000000
31518 S 31435 1.000000
31518 X 31430 0.999642
31518 X 31518 0.000119
31518 X 31517 0.000119
31518 X 31428 0.000119
31559 SX 31460 0.999642
31559 SX 31444 0.000119
31559 SX 31446 0.000119
31559 SX 31458 0.000119
31559 RZPI 31559 1.000000
31559 RZ3PI 31562 1.000000
31559 RZPIHalf 31508 1.000000
31559 S 31505 1.000000
31559 X 31560 0.999642
31559 X 31559 0.000119
31559 X 31562 0.000119
31559 X 31561 0.000119
31560 SX 31444 0.999642
31560 SX 31460 0.000119
31560 SX 31458 0.000119
31560 SX 31446 0.000119
31560 RZPI 31560 1.000000
31560 RZ3PI 31561 1.000000
31560 RZPIHalf 31506 1.000000
31560 S 31507 1.000000
31560 X 31559 0.999642
31560 X 31560 0.000119
31560 X 31561 0.000119
31560 X 31562 0.000119
31561 SX 31458 0.999642
31561 SX 31446 0.000119
31561 SX 31444 0.000119
31561 SX 31460 0.000119
31561 RZPI 31561 1.000000
31561 RZ3PI 31560 1.000000
31561 RZPIHalf 31507 1.000000
31561 S 31506 1.000000
31561 X 31562 0.999642
31561 X 31561 0.000119
31561 X 31560 0.000119
31561 X 31559 0.000119
31562 SX 31446 0.999642
31562 SX 31458 0.000119
31562 SX 31460 0.000119
31562 SX 31444 0.000119
31562 RZPI 31562 1.000000
31562 RZ3PI 31559 1.000000
31562 RZPIHalf 31505 1.000000
31562 S 31508 1.000000
31562 X 31561 0.999642
31562 X 31562 0.000119
31562 X 31559 0.000119
31562 X 31560 0.000119
ENDPOMDP
