BEGINPOMDP
INITIALSTATE: 1192323
STATES: 1192323,1192324,1192451,1192455,1192328,1192329,1192456,1192333,1192335,1192337,1192465,1192466,1192341,1192342,1192471,1192470,1192349,1192351,1192355,1192356,1192636,1192638,1192395,1192396,1192405,1192406,1192410,1192411,1192442,1192443
REWARDS: 1192323:0,1192324:0,1192451:0,1192455:0,1192328:0,1192329:0,1192456:0,1192333:0,1192335:0,1192337:0,1192465:0,1192466:0,1192341:0,1192342:1,1192471:0,1192470:0,1192349:0,1192351:0,1192355:0,1192356:0,1192636:0,1192638:0,1192395:0,1192396:0,1192405:0,1192406:0,1192410:0,1192411:0,1192442:0,1192443:0
GAMMA: 1192323:0,1192324:0,1192451:0,1192455:0,1192328:0,1192329:0,1192456:0,1192333:0,1192335:0,1192337:0,1192465:0,1192466:0,1192341:0,1192342:0,1192471:0,1192470:0,1192349:0,1192351:0,1192355:0,1192356:0,1192636:0,1192638:0,1192395:0,1192396:0,1192405:0,1192406:0,1192410:0,1192411:0,1192442:0,1192443:0
BEGINACTIONS
SX
RZPI
RZ3PI
RZPIHalf
S
X
ENDACTIONS
1192323 INIT_ 1192324 1.000000
1192323 SX 1192442 0.998969
1192323 SX 1192443 0.000294
1192323 SX 1192323 0.000737
1192323 RZPI 1192323 1.000000
1192323 RZ3PI 1192323 1.000000
1192323 RZPIHalf 1192323 1.000000
1192323 S 1192323 1.000000
1192323 X 1192451 0.999263
1192323 X 1192323 0.000737
1192324 SX 1192328 0.998969
1192324 SX 1192329 0.000294
1192324 RZPI 1192324 1.000000
1192324 RZ3PI 1192333 1.000000
1192324 RZPIHalf 1192335 1.000000
1192324 S 1192337 1.000000
1192324 X 1192341 0.998969
1192324 X 1192342 0.000294
1192324 X 1192323 0.000737
1192328 SX 1192341 0.998969
1192328 SX 1192342 0.000294
1192328 SX 1192323 0.000737
1192328 RZPI 1192328 1.000000
1192328 RZ3PI 1192329 1.000000
1192328 RZPIHalf 1192349 1.000000
1192328 S 1192351 1.000000
1192328 X 1192355 0.998969
1192328 X 1192356 0.000294
1192329 SX 1192333 0.998969
1192329 SX 1192324 0.000294
1192329 SX 1192323 0.000737
1192329 RZPI 1192329 1.000000
1192329 RZ3PI 1192328 1.000000
1192329 RZPIHalf 1192351 1.000000
1192329 S 1192349 1.000000
1192329 X 1192356 0.998969
1192329 X 1192355 0.000294
1192333 SX 1192356 0.998969
1192333 SX 1192355 0.000294
1192333 RZPI 1192333 1.000000
1192333 RZ3PI 1192324 1.000000
1192333 RZPIHalf 1192337 1.000000
1192333 S 1192335 1.000000
1192333 X 1192342 0.998969
1192333 X 1192341 0.000294
1192335 SX 1192395 0.998969
1192335 SX 1192396 0.000294
1192335 RZPI 1192335 1.000000
1192335 RZ3PI 1192337 1.000000
1192335 RZPIHalf 1192333 1.000000
1192335 S 1192324 1.000000
1192335 X 1192405 0.998969
1192335 X 1192406 0.000294
1192337 SX 1192410 0.998969
1192337 SX 1192411 0.000294
1192337 RZPI 1192337 1.000000
1192337 RZ3PI 1192335 1.000000
1192337 RZPIHalf 1192324 1.000000
1192337 S 1192333 1.000000
1192337 X 1192406 0.998969
1192337 X 1192405 0.000294
1192337 X 1192323 0.000737
1192341 SX 1192355 0.998969
1192341 SX 1192356 0.000294
1192341 RZPI 1192341 1.000000
1192341 RZ3PI 1192342 1.000000
1192341 RZPIHalf 1192406 1.000000
1192341 S 1192405 1.000000
1192341 X 1192324 0.998969
1192341 X 1192333 0.000294
1192341 X 1192323 0.000737
1192342 SX 1192329 0.998969
1192342 SX 1192328 0.000294
1192342 RZPI 1192342 1.000000
1192342 RZ3PI 1192341 1.000000
1192342 RZPIHalf 1192405 1.000000
1192342 S 1192406 1.000000
1192342 X 1192333 0.998969
1192342 X 1192324 0.000294
1192349 SX 1192455 0.998969
1192349 SX 1192456 0.000294
1192349 RZPI 1192349 1.000000
1192349 RZ3PI 1192351 1.000000
1192349 RZPIHalf 1192329 1.000000
1192349 S 1192328 1.000000
1192349 X 1192465 0.998969
1192349 X 1192466 0.000294
1192351 SX 1192470 0.998969
1192351 SX 1192471 0.000294
1192351 RZPI 1192351 1.000000
1192351 RZ3PI 1192349 1.000000
1192351 RZPIHalf 1192328 1.000000
1192351 S 1192329 1.000000
1192351 X 1192466 0.998969
1192351 X 1192465 0.000294
1192355 SX 1192324 0.998969
1192355 SX 1192333 0.000294
1192355 RZPI 1192355 1.000000
1192355 RZ3PI 1192356 1.000000
1192355 RZPIHalf 1192466 1.000000
1192355 S 1192465 1.000000
1192355 X 1192328 0.998969
1192355 X 1192329 0.000294
1192356 SX 1192342 0.998969
1192356 SX 1192341 0.000294
1192356 RZPI 1192356 1.000000
1192356 RZ3PI 1192355 1.000000
1192356 RZPIHalf 1192465 1.000000
1192356 S 1192466 1.000000
1192356 X 1192329 0.998969
1192356 X 1192328 0.000294
1192395 SX 1192405 0.998969
1192395 SX 1192406 0.000294
1192395 RZPI 1192395 1.000000
1192395 RZ3PI 1192396 1.000000
1192395 RZPIHalf 1192455 1.000000
1192395 S 1192456 1.000000
1192395 X 1192411 0.998969
1192395 X 1192410 0.000294
1192396 SX 1192337 0.998969
1192396 SX 1192335 0.000294
1192396 RZPI 1192396 1.000000
1192396 RZ3PI 1192395 1.000000
1192396 RZPIHalf 1192456 1.000000
1192396 S 1192455 1.000000
1192396 X 1192410 0.998969
1192396 X 1192411 0.000294
1192405 SX 1192411 0.998969
1192405 SX 1192410 0.000294
1192405 RZPI 1192405 1.000000
1192405 RZ3PI 1192406 1.000000
1192405 RZPIHalf 1192341 1.000000
1192405 S 1192342 1.000000
1192405 X 1192335 0.998969
1192405 X 1192337 0.000294
1192406 SX 1192396 0.998969
1192406 SX 1192395 0.000294
1192406 RZPI 1192406 1.000000
1192406 RZ3PI 1192405 1.000000
1192406 RZPIHalf 1192342 1.000000
1192406 S 1192341 1.000000
1192406 X 1192337 0.998969
1192406 X 1192335 0.000294
1192406 X 1192323 0.000737
1192410 SX 1192406 0.998969
1192410 SX 1192405 0.000294
1192410 RZPI 1192410 1.000000
1192410 RZ3PI 1192411 1.000000
1192410 RZPIHalf 1192471 1.000000
1192410 S 1192470 1.000000
1192410 X 1192396 0.998969
1192410 X 1192395 0.000294
1192411 SX 1192335 0.998969
1192411 SX 1192337 0.000294
1192411 SX 1192323 0.000737
1192411 RZPI 1192411 1.000000
1192411 RZ3PI 1192410 1.000000
1192411 RZPIHalf 1192470 1.000000
1192411 S 1192471 1.000000
1192411 X 1192395 0.998969
1192411 X 1192396 0.000294
1192442 SX 1192451 0.999263
1192442 SX 1192323 0.000737
1192442 RZPI 1192442 1.000000
1192442 RZ3PI 1192443 1.000000
1192442 RZPIHalf 1192636 1.000000
1192442 S 1192638 1.000000
1192442 X 1192443 0.998969
1192442 X 1192442 0.000294
1192442 X 1192323 0.000737
1192443 SX 1192323 1.000000
1192443 RZPI 1192443 1.000000
1192443 RZ3PI 1192442 1.000000
1192443 RZPIHalf 1192638 1.000000
1192443 S 1192636 1.000000
1192443 X 1192442 0.998969
1192443 X 1192443 0.000294
1192443 X 1192323 0.000737
1192451 SX 1192443 0.998969
1192451 SX 1192442 0.000294
1192451 SX 1192323 0.000737
1192451 RZPI 1192451 1.000000
1192451 RZ3PI 1192451 1.000000
1192451 RZPIHalf 1192451 1.000000
1192451 S 1192451 1.000000
1192451 X 1192323 1.000000
1192455 SX 1192465 0.998969
1192455 SX 1192466 0.000294
1192455 RZPI 1192455 1.000000
1192455 RZ3PI 1192456 1.000000
1192455 RZPIHalf 1192396 1.000000
1192455 S 1192395 1.000000
1192455 X 1192471 0.998969
1192455 X 1192470 0.000294
1192456 SX 1192351 0.998969
1192456 SX 1192349 0.000294
1192456 RZPI 1192456 1.000000
1192456 RZ3PI 1192455 1.000000
1192456 RZPIHalf 1192395 1.000000
1192456 S 1192396 1.000000
1192456 X 1192470 0.998969
1192456 X 1192471 0.000294
1192465 SX 1192471 0.998969
1192465 SX 1192470 0.000294
1192465 RZPI 1192465 1.000000
1192465 RZ3PI 1192466 1.000000
1192465 RZPIHalf 1192355 1.000000
1192465 S 1192356 1.000000
1192465 X 1192349 0.998969
1192465 X 1192351 0.000294
1192466 SX 1192456 0.998969
1192466 SX 1192455 0.000294
1192466 RZPI 1192466 1.000000
1192466 RZ3PI 1192465 1.000000
1192466 RZPIHalf 1192356 1.000000
1192466 S 1192355 1.000000
1192466 X 1192351 0.998969
1192466 X 1192349 0.000294
1192470 SX 1192466 0.998969
1192470 SX 1192465 0.000294
1192470 RZPI 1192470 1.000000
1192470 RZ3PI 1192471 1.000000
1192470 RZPIHalf 1192410 1.000000
1192470 S 1192411 1.000000
1192470 X 1192456 0.998969
1192470 X 1192455 0.000294
1192471 SX 1192349 0.998969
1192471 SX 1192351 0.000294
1192471 RZPI 1192471 1.000000
1192471 RZ3PI 1192470 1.000000
1192471 RZPIHalf 1192411 1.000000
1192471 S 1192410 1.000000
1192471 X 1192455 0.998969
1192471 X 1192456 0.000294
1192636 SX 1192636 0.998969
1192636 SX 1192638 0.000294
1192636 SX 1192323 0.000737
1192636 RZPI 1192636 1.000000
1192636 RZ3PI 1192638 1.000000
1192636 RZPIHalf 1192443 1.000000
1192636 S 1192442 1.000000
1192636 X 1192636 0.998969
1192636 X 1192638 0.000294
1192636 X 1192323 0.000737
1192638 SX 1192638 0.998969
1192638 SX 1192636 0.000294
1192638 SX 1192323 0.000737
1192638 RZPI 1192638 1.000000
1192638 RZ3PI 1192636 1.000000
1192638 RZPIHalf 1192442 1.000000
1192638 S 1192443 1.000000
1192638 X 1192638 0.998969
1192638 X 1192636 0.000294
1192638 X 1192323 0.000737
ENDPOMDP
