BEGINPOMDP
INITIALSTATE: 308845
STATES: 308993,308867,308869,309127,309128,308871,308884,308885,308902,309243,308904,309287,309288,309289,309290,308863,309808,309810,309225,309226,308845,308846,309105,309106,309108,309109,308859,308860,308862,308991
REWARDS: 308993:0,308867:0,308869:0,309127:0,309128:0,308871:0,308884:0,308885:1,308902:0,309243:0,308904:0,309287:0,309288:0,309289:0,309290:0,308863:0,309808:0,309810:0,309225:0,309226:0,308845:0,308846:0,309105:0,309106:0,309108:0,309109:0,308859:0,308860:0,308862:0,308991:0
GAMMA: 308993:0,308867:0,308869:0,309127:0,309128:0,308871:0,308884:0,308885:0,308902:0,309243:0,308904:0,309287:0,309288:0,309289:0,309290:0,308863:0,309808:0,309810:0,309225:0,309226:0,308845:0,308846:0,309105:0,309106:0,309108:0,309109:0,308859:0,308860:0,308862:0,308991:0
BEGINACTIONS
SX
RZPI
RZ3PI
RZPIHalf
S
X
ENDACTIONS
308845 INIT_ 308846 1.000000
308845 SX 309225 0.998849
308845 SX 309226 0.000895
308845 SX 308845 0.000257
308845 RZPI 308845 1.000000
308845 RZ3PI 308845 1.000000
308845 RZPIHalf 308845 1.000000
308845 S 308845 1.000000
308845 X 309243 0.998851
308845 X 308845 0.001149
308846 SX 308859 0.998403
308846 SX 308860 0.000448
308846 SX 308862 0.000446
308846 SX 308863 0.000446
308846 RZPI 308846 1.000000
308846 RZ3PI 308867 1.000000
308846 RZPIHalf 308869 1.000000
308846 S 308871 1.000000
308846 X 308884 0.998403
308846 X 308885 0.000448
308846 X 308845 0.000256
308846 X 308846 0.000446
308846 X 308867 0.000446
308859 SX 308884 0.998403
308859 SX 308885 0.000448
308859 SX 308846 0.000446
308859 SX 308867 0.000446
308859 SX 308845 0.000000
308859 RZPI 308859 1.000000
308859 RZ3PI 308860 1.000000
308859 RZPIHalf 308902 1.000000
308859 S 308904 1.000000
308859 X 308862 0.998403
308859 X 308863 0.000448
308859 X 308859 0.000446
308859 X 308860 0.000446
308860 SX 308867 0.998403
308860 SX 308846 0.000448
308860 SX 308845 0.000256
308860 SX 308885 0.000446
308860 SX 308884 0.000446
308860 RZPI 308860 1.000000
308860 RZ3PI 308859 1.000000
308860 RZPIHalf 308904 1.000000
308860 S 308902 1.000000
308860 X 308863 0.998403
308860 X 308862 0.000448
308860 X 308860 0.000446
308860 X 308859 0.000446
308862 SX 308846 0.998403
308862 SX 308867 0.000448
308862 SX 308845 0.000257
308862 SX 308884 0.000446
308862 SX 308885 0.000446
308862 RZPI 308862 1.000000
308862 RZ3PI 308863 1.000000
308862 RZPIHalf 308991 1.000000
308862 S 308993 1.000000
308862 X 308859 0.998403
308862 X 308860 0.000448
308862 X 308862 0.000446
308862 X 308863 0.000446
308863 SX 308885 0.998403
308863 SX 308884 0.000448
308863 SX 308845 0.000256
308863 SX 308867 0.000446
308863 SX 308846 0.000446
308863 RZPI 308863 1.000000
308863 RZ3PI 308862 1.000000
308863 RZPIHalf 308993 1.000000
308863 S 308991 1.000000
308863 X 308860 0.998403
308863 X 308859 0.000448
308863 X 308863 0.000446
308863 X 308862 0.000446
308867 SX 308863 0.998403
308867 SX 308862 0.000448
308867 SX 308860 0.000446
308867 SX 308859 0.000446
308867 RZPI 308867 1.000000
308867 RZ3PI 308846 1.000000
308867 RZPIHalf 308871 1.000000
308867 S 308869 1.000000
308867 X 308885 0.998403
308867 X 308884 0.000448
308867 X 308867 0.000446
308867 X 308846 0.000446
308867 X 308845 0.000000
308869 SX 309105 0.998403
308869 SX 309106 0.000448
308869 SX 309108 0.000446
308869 SX 309109 0.000446
308869 RZPI 308869 1.000000
308869 RZ3PI 308871 1.000000
308869 RZPIHalf 308867 1.000000
308869 S 308846 1.000000
308869 X 309127 0.998403
308869 X 309128 0.000448
308869 X 308869 0.000446
308869 X 308871 0.000446
308869 X 308845 0.000000
308871 SX 309109 0.998403
308871 SX 309108 0.000448
308871 SX 309106 0.000446
308871 SX 309105 0.000446
308871 RZPI 308871 1.000000
308871 RZ3PI 308869 1.000000
308871 RZPIHalf 308846 1.000000
308871 S 308867 1.000000
308871 X 309128 0.998403
308871 X 309127 0.000448
308871 X 308871 0.000446
308871 X 308869 0.000446
308871 X 308845 0.000000
308884 SX 308862 0.998403
308884 SX 308863 0.000448
308884 SX 308859 0.000446
308884 SX 308860 0.000446
308884 RZPI 308884 1.000000
308884 RZ3PI 308885 1.000000
308884 RZPIHalf 309128 1.000000
308884 S 309127 1.000000
308884 X 308846 0.998403
308884 X 308867 0.000448
308884 X 308845 0.000256
308884 X 308884 0.000446
308884 X 308885 0.000446
308885 SX 308860 0.998403
308885 SX 308859 0.000448
308885 SX 308863 0.000446
308885 SX 308862 0.000446
308885 RZPI 308885 1.000000
308885 RZ3PI 308884 1.000000
308885 RZPIHalf 309127 1.000000
308885 S 309128 1.000000
308885 X 308867 0.998403
308885 X 308846 0.000448
308885 X 308845 0.000256
308885 X 308885 0.000446
308885 X 308884 0.000446
308902 SX 309287 0.998403
308902 SX 309288 0.000448
308902 SX 309289 0.000446
308902 SX 309290 0.000446
308902 RZPI 308902 1.000000
308902 RZ3PI 308904 1.000000
308902 RZPIHalf 308860 1.000000
308902 S 308859 1.000000
308902 X 308993 0.998403
308902 X 308991 0.000448
308902 X 308902 0.000446
308902 X 308904 0.000446
308904 SX 309290 0.998403
308904 SX 309289 0.000448
308904 SX 309288 0.000446
308904 SX 309287 0.000446
308904 RZPI 308904 1.000000
308904 RZ3PI 308902 1.000000
308904 RZPIHalf 308859 1.000000
308904 S 308860 1.000000
308904 X 308991 0.998403
308904 X 308993 0.000448
308904 X 308904 0.000446
308904 X 308902 0.000446
308991 SX 309288 0.998403
308991 SX 309287 0.000448
308991 SX 309290 0.000446
308991 SX 309289 0.000446
308991 RZPI 308991 1.000000
308991 RZ3PI 308993 1.000000
308991 RZPIHalf 308863 1.000000
308991 S 308862 1.000000
308991 X 308904 0.998403
308991 X 308902 0.000448
308991 X 308991 0.000446
308991 X 308993 0.000446
308993 SX 309289 0.998403
308993 SX 309290 0.000448
308993 SX 309287 0.000446
308993 SX 309288 0.000446
308993 RZPI 308993 1.000000
308993 RZ3PI 308991 1.000000
308993 RZPIHalf 308862 1.000000
308993 S 308863 1.000000
308993 X 308902 0.998403
308993 X 308904 0.000448
308993 X 308993 0.000446
308993 X 308991 0.000446
309105 SX 309127 0.998403
309105 SX 309128 0.000448
309105 SX 308869 0.000446
309105 SX 308871 0.000446
309105 SX 308845 0.000000
309105 RZPI 309105 1.000000
309105 RZ3PI 309106 1.000000
309105 RZPIHalf 309287 1.000000
309105 S 309288 1.000000
309105 X 309108 0.998403
309105 X 309109 0.000448
309105 X 309105 0.000446
309105 X 309106 0.000446
309106 SX 308871 0.998403
309106 SX 308869 0.000448
309106 SX 308845 0.000256
309106 SX 309128 0.000446
309106 SX 309127 0.000446
309106 RZPI 309106 1.000000
309106 RZ3PI 309105 1.000000
309106 RZPIHalf 309288 1.000000
309106 S 309287 1.000000
309106 X 309109 0.998403
309106 X 309108 0.000448
309106 X 309106 0.000446
309106 X 309105 0.000446
309108 SX 308869 0.998403
309108 SX 308871 0.000448
309108 SX 308845 0.000256
309108 SX 309127 0.000446
309108 SX 309128 0.000446
309108 RZPI 309108 1.000000
309108 RZ3PI 309109 1.000000
309108 RZPIHalf 309290 1.000000
309108 S 309289 1.000000
309108 X 309105 0.998403
309108 X 309106 0.000448
309108 X 309108 0.000446
309108 X 309109 0.000446
309109 SX 309128 0.998403
309109 SX 309127 0.000448
309109 SX 308871 0.000446
309109 SX 308869 0.000446
309109 SX 308845 0.000000
309109 RZPI 309109 1.000000
309109 RZ3PI 309108 1.000000
309109 RZPIHalf 309289 1.000000
309109 S 309290 1.000000
309109 X 309106 0.998403
309109 X 309105 0.000448
309109 X 309109 0.000446
309109 X 309108 0.000446
309127 SX 309108 0.998403
309127 SX 309109 0.000448
309127 SX 309105 0.000446
309127 SX 309106 0.000446
309127 RZPI 309127 1.000000
309127 RZ3PI 309128 1.000000
309127 RZPIHalf 308884 1.000000
309127 S 308885 1.000000
309127 X 308869 0.998403
309127 X 308871 0.000448
309127 X 309127 0.000446
309127 X 309128 0.000446
309127 X 308845 0.000000
309128 SX 309106 0.998403
309128 SX 309105 0.000448
309128 SX 309109 0.000446
309128 SX 309108 0.000446
309128 RZPI 309128 1.000000
309128 RZ3PI 309127 1.000000
309128 RZPIHalf 308885 1.000000
309128 S 308884 1.000000
309128 X 308871 0.998403
309128 X 308869 0.000448
309128 X 309128 0.000446
309128 X 309127 0.000446
309128 X 308845 0.000000
309225 SX 309243 0.998851
309225 SX 308845 0.001149
309225 RZPI 309225 1.000000
309225 RZ3PI 309226 1.000000
309225 RZPIHalf 309808 1.000000
309225 S 309810 1.000000
309225 X 309226 0.998849
309225 X 309225 0.000895
309225 X 308845 0.000257
309226 SX 308845 0.999108
309226 SX 309243 0.000892
309226 RZPI 309226 1.000000
309226 RZ3PI 309225 1.000000
309226 RZPIHalf 309810 1.000000
309226 S 309808 1.000000
309226 X 309225 0.998849
309226 X 309226 0.000895
309226 X 308845 0.000257
309243 SX 309226 0.998849
309243 SX 309225 0.000895
309243 SX 308845 0.000257
309243 RZPI 309243 1.000000
309243 RZ3PI 309243 1.000000
309243 RZPIHalf 309243 1.000000
309243 S 309243 1.000000
309243 X 308845 0.999108
309243 X 309243 0.000892
309287 SX 308993 0.998403
309287 SX 308991 0.000448
309287 SX 308902 0.000446
309287 SX 308904 0.000446
309287 RZPI 309287 1.000000
309287 RZ3PI 309288 1.000000
309287 RZPIHalf 309106 1.000000
309287 S 309105 1.000000
309287 X 309289 0.998403
309287 X 309290 0.000448
309287 X 309287 0.000446
309287 X 309288 0.000446
309288 SX 308904 0.998403
309288 SX 308902 0.000448
309288 SX 308991 0.000446
309288 SX 308993 0.000446
309288 RZPI 309288 1.000000
309288 RZ3PI 309287 1.000000
309288 RZPIHalf 309105 1.000000
309288 S 309106 1.000000
309288 X 309290 0.998403
309288 X 309289 0.000448
309288 X 309288 0.000446
309288 X 309287 0.000446
309289 SX 308902 0.998403
309289 SX 308904 0.000448
309289 SX 308993 0.000446
309289 SX 308991 0.000446
309289 RZPI 309289 1.000000
309289 RZ3PI 309290 1.000000
309289 RZPIHalf 309108 1.000000
309289 S 309109 1.000000
309289 X 309287 0.998403
309289 X 309288 0.000448
309289 X 309289 0.000446
309289 X 309290 0.000446
309290 SX 308991 0.998403
309290 SX 308993 0.000448
309290 SX 308904 0.000446
309290 SX 308902 0.000446
309290 RZPI 309290 1.000000
309290 RZ3PI 309289 1.000000
309290 RZPIHalf 309109 1.000000
309290 S 309108 1.000000
309290 X 309288 0.998403
309290 X 309287 0.000448
309290 X 309290 0.000446
309290 X 309289 0.000446
309808 SX 309808 0.998849
309808 SX 309810 0.000895
309808 SX 308845 0.000257
309808 RZPI 309808 1.000000
309808 RZ3PI 309810 1.000000
309808 RZPIHalf 309226 1.000000
309808 S 309225 1.000000
309808 X 309808 0.998849
309808 X 309810 0.000895
309808 X 308845 0.000257
309810 SX 309810 0.998849
309810 SX 309808 0.000895
309810 SX 308845 0.000257
309810 RZPI 309810 1.000000
309810 RZ3PI 309808 1.000000
309810 RZPIHalf 309225 1.000000
309810 S 309226 1.000000
309810 X 309810 0.998849
309810 X 309808 0.000895
309810 X 308845 0.000257
ENDPOMDP
