BEGINPOMDP
INITIALSTATE: 1302971
STATES: 1303042,1303043,1303052,1303053,1303057,1303058,1302971,1302972,1302976,1302977,1303105,1303104,1302981,1302983,1302985,1303113,1303114,1302989,1302990,1303119,1303118,1302998,1303000,1303004,1303005,1303389,1303391,1303150,1303151,1303159
REWARDS: 1303042:0,1303043:0,1303052:0,1303053:0,1303057:0,1303058:0,1302971:0,1302972:0,1302976:0,1302977:0,1303105:0,1303104:0,1302981:0,1302983:0,1302985:0,1303113:0,1303114:0,1302989:0,1302990:1,1303119:0,1303118:0,1302998:0,1303000:0,1303004:0,1303005:0,1303389:0,1303391:0,1303150:0,1303151:0,1303159:0
GAMMA: 1303042:0,1303043:0,1303052:0,1303053:0,1303057:0,1303058:0,1302971:0,1302972:0,1302976:0,1302977:0,1303105:0,1303104:0,1302981:0,1302983:0,1302985:0,1303113:0,1303114:0,1302989:0,1302990:0,1303119:0,1303118:0,1302998:0,1303000:0,1303004:0,1303005:0,1303389:0,1303391:0,1303150:0,1303151:0,1303159:0
BEGINACTIONS
SX
RZPI
RZ3PI
RZPIHalf
S
X
ENDACTIONS
1302971 INIT_ 1302972 1.000000
1302971 SX 1303150 0.994484
1302971 SX 1303151 0.004758
1302971 SX 1302971 0.000758
1302971 RZPI 1302971 1.000000
1302971 RZ3PI 1302971 1.000000
1302971 RZPIHalf 1302971 1.000000
1302971 S 1302971 1.000000
1302971 X 1303159 0.999242
1302971 X 1302971 0.000758
1302972 SX 1302976 0.994484
1302972 SX 1302977 0.004758
1302972 RZPI 1302972 1.000000
1302972 RZ3PI 1302981 1.000000
1302972 RZPIHalf 1302983 1.000000
1302972 S 1302985 1.000000
1302972 X 1302989 0.994484
1302972 X 1302990 0.004758
1302976 SX 1302989 0.994484
1302976 SX 1302990 0.004758
1302976 RZPI 1302976 1.000000
1302976 RZ3PI 1302977 1.000000
1302976 RZPIHalf 1302998 1.000000
1302976 S 1303000 1.000000
1302976 X 1303004 0.994484
1302976 X 1303005 0.004758
1302977 SX 1302981 0.994484
1302977 SX 1302972 0.004758
1302977 SX 1302971 0.000758
1302977 RZPI 1302977 1.000000
1302977 RZ3PI 1302976 1.000000
1302977 RZPIHalf 1303000 1.000000
1302977 S 1302998 1.000000
1302977 X 1303005 0.994484
1302977 X 1303004 0.004758
1302981 SX 1303005 0.994484
1302981 SX 1303004 0.004758
1302981 RZPI 1302981 1.000000
1302981 RZ3PI 1302972 1.000000
1302981 RZPIHalf 1302985 1.000000
1302981 S 1302983 1.000000
1302981 X 1302990 0.994484
1302981 X 1302989 0.004758
1302983 SX 1303042 0.994484
1302983 SX 1303043 0.004758
1302983 RZPI 1302983 1.000000
1302983 RZ3PI 1302985 1.000000
1302983 RZPIHalf 1302981 1.000000
1302983 S 1302972 1.000000
1302983 X 1303052 0.994484
1302983 X 1303053 0.004758
1302985 SX 1303057 0.994484
1302985 SX 1303058 0.004758
1302985 RZPI 1302985 1.000000
1302985 RZ3PI 1302983 1.000000
1302985 RZPIHalf 1302972 1.000000
1302985 S 1302981 1.000000
1302985 X 1303053 0.994484
1302985 X 1303052 0.004758
1302985 X 1302971 0.000758
1302989 SX 1303004 0.994484
1302989 SX 1303005 0.004758
1302989 RZPI 1302989 1.000000
1302989 RZ3PI 1302990 1.000000
1302989 RZPIHalf 1303053 1.000000
1302989 S 1303052 1.000000
1302989 X 1302972 0.994484
1302989 X 1302981 0.004758
1302989 X 1302971 0.000758
1302990 SX 1302977 0.994484
1302990 SX 1302976 0.004758
1302990 RZPI 1302990 1.000000
1302990 RZ3PI 1302989 1.000000
1302990 RZPIHalf 1303052 1.000000
1302990 S 1303053 1.000000
1302990 X 1302981 0.994484
1302990 X 1302972 0.004758
1302998 SX 1303104 0.994484
1302998 SX 1303105 0.004758
1302998 RZPI 1302998 1.000000
1302998 RZ3PI 1303000 1.000000
1302998 RZPIHalf 1302977 1.000000
1302998 S 1302976 1.000000
1302998 X 1303113 0.994484
1302998 X 1303114 0.004758
1303000 SX 1303118 0.994484
1303000 SX 1303119 0.004758
1303000 RZPI 1303000 1.000000
1303000 RZ3PI 1302998 1.000000
1303000 RZPIHalf 1302976 1.000000
1303000 S 1302977 1.000000
1303000 X 1303114 0.994484
1303000 X 1303113 0.004758
1303004 SX 1302972 0.994484
1303004 SX 1302981 0.004758
1303004 SX 1302971 0.000758
1303004 RZPI 1303004 1.000000
1303004 RZ3PI 1303005 1.000000
1303004 RZPIHalf 1303114 1.000000
1303004 S 1303113 1.000000
1303004 X 1302976 0.994484
1303004 X 1302977 0.004758
1303005 SX 1302990 0.994484
1303005 SX 1302989 0.004758
1303005 RZPI 1303005 1.000000
1303005 RZ3PI 1303004 1.000000
1303005 RZPIHalf 1303113 1.000000
1303005 S 1303114 1.000000
1303005 X 1302977 0.994484
1303005 X 1302976 0.004758
1303042 SX 1303052 0.994484
1303042 SX 1303053 0.004758
1303042 RZPI 1303042 1.000000
1303042 RZ3PI 1303043 1.000000
1303042 RZPIHalf 1303104 1.000000
1303042 S 1303105 1.000000
1303042 X 1303058 0.994484
1303042 X 1303057 0.004758
1303043 SX 1302985 0.994484
1303043 SX 1302983 0.004758
1303043 RZPI 1303043 1.000000
1303043 RZ3PI 1303042 1.000000
1303043 RZPIHalf 1303105 1.000000
1303043 S 1303104 1.000000
1303043 X 1303057 0.994484
1303043 X 1303058 0.004758
1303052 SX 1303058 0.994484
1303052 SX 1303057 0.004758
1303052 RZPI 1303052 1.000000
1303052 RZ3PI 1303053 1.000000
1303052 RZPIHalf 1302989 1.000000
1303052 S 1302990 1.000000
1303052 X 1302983 0.994484
1303052 X 1302985 0.004758
1303052 X 1302971 0.000758
1303053 SX 1303043 0.994484
1303053 SX 1303042 0.004758
1303053 RZPI 1303053 1.000000
1303053 RZ3PI 1303052 1.000000
1303053 RZPIHalf 1302990 1.000000
1303053 S 1302989 1.000000
1303053 X 1302985 0.994484
1303053 X 1302983 0.004758
1303053 X 1302971 0.000758
1303057 SX 1303053 0.994484
1303057 SX 1303052 0.004758
1303057 RZPI 1303057 1.000000
1303057 RZ3PI 1303058 1.000000
1303057 RZPIHalf 1303119 1.000000
1303057 S 1303118 1.000000
1303057 X 1303043 0.994484
1303057 X 1303042 0.004758
1303058 SX 1302983 0.994484
1303058 SX 1302985 0.004758
1303058 RZPI 1303058 1.000000
1303058 RZ3PI 1303057 1.000000
1303058 RZPIHalf 1303118 1.000000
1303058 S 1303119 1.000000
1303058 X 1303042 0.994484
1303058 X 1303043 0.004758
1303104 SX 1303113 0.994484
1303104 SX 1303114 0.004758
1303104 RZPI 1303104 1.000000
1303104 RZ3PI 1303105 1.000000
1303104 RZPIHalf 1303043 1.000000
1303104 S 1303042 1.000000
1303104 X 1303119 0.994484
1303104 X 1303118 0.004758
1303105 SX 1303000 0.994484
1303105 SX 1302998 0.004758
1303105 RZPI 1303105 1.000000
1303105 RZ3PI 1303104 1.000000
1303105 RZPIHalf 1303042 1.000000
1303105 S 1303043 1.000000
1303105 X 1303118 0.994484
1303105 X 1303119 0.004758
1303113 SX 1303119 0.994484
1303113 SX 1303118 0.004758
1303113 RZPI 1303113 1.000000
1303113 RZ3PI 1303114 1.000000
1303113 RZPIHalf 1303004 1.000000
1303113 S 1303005 1.000000
1303113 X 1302998 0.994484
1303113 X 1303000 0.004758
1303114 SX 1303105 0.994484
1303114 SX 1303104 0.004758
1303114 RZPI 1303114 1.000000
1303114 RZ3PI 1303113 1.000000
1303114 RZPIHalf 1303005 1.000000
1303114 S 1303004 1.000000
1303114 X 1303000 0.994484
1303114 X 1302998 0.004758
1303118 SX 1303114 0.994484
1303118 SX 1303113 0.004758
1303118 RZPI 1303118 1.000000
1303118 RZ3PI 1303119 1.000000
1303118 RZPIHalf 1303057 1.000000
1303118 S 1303058 1.000000
1303118 X 1303105 0.994484
1303118 X 1303104 0.004758
1303119 SX 1302998 0.994484
1303119 SX 1303000 0.004758
1303119 RZPI 1303119 1.000000
1303119 RZ3PI 1303118 1.000000
1303119 RZPIHalf 1303058 1.000000
1303119 S 1303057 1.000000
1303119 X 1303104 0.994484
1303119 X 1303105 0.004758
1303150 SX 1303159 0.999242
1303150 SX 1302971 0.000758
1303150 RZPI 1303150 1.000000
1303150 RZ3PI 1303151 1.000000
1303150 RZPIHalf 1303389 1.000000
1303150 S 1303391 1.000000
1303150 X 1303151 0.994484
1303150 X 1303150 0.004758
1303150 X 1302971 0.000758
1303151 SX 1302971 1.000000
1303151 RZPI 1303151 1.000000
1303151 RZ3PI 1303150 1.000000
1303151 RZPIHalf 1303391 1.000000
1303151 S 1303389 1.000000
1303151 X 1303150 0.994484
1303151 X 1303151 0.004758
1303151 X 1302971 0.000758
1303159 SX 1303151 0.994484
1303159 SX 1303150 0.004758
1303159 SX 1302971 0.000758
1303159 RZPI 1303159 1.000000
1303159 RZ3PI 1303159 1.000000
1303159 RZPIHalf 1303159 1.000000
1303159 S 1303159 1.000000
1303159 X 1302971 1.000000
1303389 SX 1303389 0.994484
1303389 SX 1303391 0.004758
1303389 SX 1302971 0.000758
1303389 RZPI 1303389 1.000000
1303389 RZ3PI 1303391 1.000000
1303389 RZPIHalf 1303151 1.000000
1303389 S 1303150 1.000000
1303389 X 1303389 0.994484
1303389 X 1303391 0.004758
1303389 X 1302971 0.000758
1303391 SX 1303391 0.994484
1303391 SX 1303389 0.004758
1303391 SX 1302971 0.000758
1303391 RZPI 1303391 1.000000
1303391 RZ3PI 1303389 1.000000
1303391 RZPIHalf 1303150 1.000000
1303391 S 1303151 1.000000
1303391 X 1303391 0.994484
1303391 X 1303389 0.004758
1303391 X 1302971 0.000758
ENDPOMDP
