BEGINPOMDP
INITIALSTATE: 1187523
STATES: 1187849,1187595,1187851,1187596,1187605,1187606,1187610,1187611,1187643,1187644,1187523,1187524,1187652,1187528,1187529,1187533,1187535,1187537,1187541,1187542,1187670,1187669,1187678,1187550,1187552,1187679,1187683,1187556,1187557,1187684
REWARDS: 1187849:0,1187595:0,1187851:0,1187596:0,1187605:0,1187606:0,1187610:0,1187611:0,1187643:0,1187644:0,1187523:0,1187524:0,1187652:0,1187528:0,1187529:0,1187533:0,1187535:0,1187537:0,1187541:0,1187542:1,1187670:0,1187669:0,1187678:0,1187550:0,1187552:0,1187679:0,1187683:0,1187556:0,1187557:0,1187684:0
GAMMA: 1187849:0,1187595:0,1187851:0,1187596:0,1187605:0,1187606:0,1187610:0,1187611:0,1187643:0,1187644:0,1187523:0,1187524:0,1187652:0,1187528:0,1187529:0,1187533:0,1187535:0,1187537:0,1187541:0,1187542:0,1187670:0,1187669:0,1187678:0,1187550:0,1187552:0,1187679:0,1187683:0,1187556:0,1187557:0,1187684:0
BEGINACTIONS
SX
RZPI
RZ3PI
RZPIHalf
S
X
ENDACTIONS
1187523 INIT_ 1187524 1.000000
1187523 SX 1187643 0.999691
1187523 SX 1187644 0.000039
1187523 SX 1187523 0.000270
1187523 RZPI 1187523 1.000000
1187523 RZ3PI 1187523 1.000000
1187523 RZPIHalf 1187523 1.000000
1187523 S 1187523 1.000000
1187523 X 1187652 0.999730
1187523 X 1187523 0.000270
1187524 SX 1187528 0.999691
1187524 SX 1187529 0.000039
1187524 RZPI 1187524 1.000000
1187524 RZ3PI 1187533 1.000000
1187524 RZPIHalf 1187535 1.000000
1187524 S 1187537 1.000000
1187524 X 1187541 0.999691
1187524 X 1187542 0.000039
1187524 X 1187523 0.000270
1187528 SX 1187541 0.999691
1187528 SX 1187542 0.000039
1187528 RZPI 1187528 1.000000
1187528 RZ3PI 1187529 1.000000
1187528 RZPIHalf 1187550 1.000000
1187528 S 1187552 1.000000
1187528 X 1187556 0.999691
1187528 X 1187557 0.000039
1187529 SX 1187533 0.999691
1187529 SX 1187524 0.000039
1187529 SX 1187523 0.000270
1187529 RZPI 1187529 1.000000
1187529 RZ3PI 1187528 1.000000
1187529 RZPIHalf 1187552 1.000000
1187529 S 1187550 1.000000
1187529 X 1187557 0.999691
1187529 X 1187556 0.000039
1187533 SX 1187557 0.999691
1187533 SX 1187556 0.000039
1187533 RZPI 1187533 1.000000
1187533 RZ3PI 1187524 1.000000
1187533 RZPIHalf 1187537 1.000000
1187533 S 1187535 1.000000
1187533 X 1187542 0.999691
1187533 X 1187541 0.000039
1187533 X 1187523 0.000270
1187535 SX 1187595 0.999691
1187535 SX 1187596 0.000039
1187535 RZPI 1187535 1.000000
1187535 RZ3PI 1187537 1.000000
1187535 RZPIHalf 1187533 1.000000
1187535 S 1187524 1.000000
1187535 X 1187605 0.999691
1187535 X 1187606 0.000039
1187537 SX 1187610 0.999691
1187537 SX 1187611 0.000039
1187537 RZPI 1187537 1.000000
1187537 RZ3PI 1187535 1.000000
1187537 RZPIHalf 1187524 1.000000
1187537 S 1187533 1.000000
1187537 X 1187606 0.999691
1187537 X 1187605 0.000039
1187541 SX 1187556 0.999691
1187541 SX 1187557 0.000039
1187541 RZPI 1187541 1.000000
1187541 RZ3PI 1187542 1.000000
1187541 RZPIHalf 1187606 1.000000
1187541 S 1187605 1.000000
1187541 X 1187524 0.999691
1187541 X 1187533 0.000039
1187541 X 1187523 0.000270
1187542 SX 1187529 0.999691
1187542 SX 1187528 0.000039
1187542 RZPI 1187542 1.000000
1187542 RZ3PI 1187541 1.000000
1187542 RZPIHalf 1187605 1.000000
1187542 S 1187606 1.000000
1187542 X 1187533 0.999691
1187542 X 1187524 0.000039
1187550 SX 1187669 0.999691
1187550 SX 1187670 0.000039
1187550 RZPI 1187550 1.000000
1187550 RZ3PI 1187552 1.000000
1187550 RZPIHalf 1187529 1.000000
1187550 S 1187528 1.000000
1187550 X 1187678 0.999691
1187550 X 1187679 0.000039
1187552 SX 1187683 0.999691
1187552 SX 1187684 0.000039
1187552 RZPI 1187552 1.000000
1187552 RZ3PI 1187550 1.000000
1187552 RZPIHalf 1187528 1.000000
1187552 S 1187529 1.000000
1187552 X 1187679 0.999691
1187552 X 1187678 0.000039
1187556 SX 1187524 0.999691
1187556 SX 1187533 0.000039
1187556 RZPI 1187556 1.000000
1187556 RZ3PI 1187557 1.000000
1187556 RZPIHalf 1187679 1.000000
1187556 S 1187678 1.000000
1187556 X 1187528 0.999691
1187556 X 1187529 0.000039
1187557 SX 1187542 0.999691
1187557 SX 1187541 0.000039
1187557 SX 1187523 0.000270
1187557 RZPI 1187557 1.000000
1187557 RZ3PI 1187556 1.000000
1187557 RZPIHalf 1187678 1.000000
1187557 S 1187679 1.000000
1187557 X 1187529 0.999691
1187557 X 1187528 0.000039
1187595 SX 1187605 0.999691
1187595 SX 1187606 0.000039
1187595 RZPI 1187595 1.000000
1187595 RZ3PI 1187596 1.000000
1187595 RZPIHalf 1187669 1.000000
1187595 S 1187670 1.000000
1187595 X 1187611 0.999691
1187595 X 1187610 0.000039
1187596 SX 1187537 0.999691
1187596 SX 1187535 0.000039
1187596 RZPI 1187596 1.000000
1187596 RZ3PI 1187595 1.000000
1187596 RZPIHalf 1187670 1.000000
1187596 S 1187669 1.000000
1187596 X 1187610 0.999691
1187596 X 1187611 0.000039
1187605 SX 1187611 0.999691
1187605 SX 1187610 0.000039
1187605 RZPI 1187605 1.000000
1187605 RZ3PI 1187606 1.000000
1187605 RZPIHalf 1187541 1.000000
1187605 S 1187542 1.000000
1187605 X 1187535 0.999691
1187605 X 1187537 0.000039
1187606 SX 1187596 0.999691
1187606 SX 1187595 0.000039
1187606 RZPI 1187606 1.000000
1187606 RZ3PI 1187605 1.000000
1187606 RZPIHalf 1187542 1.000000
1187606 S 1187541 1.000000
1187606 X 1187537 0.999691
1187606 X 1187535 0.000039
1187606 X 1187523 0.000270
1187610 SX 1187606 0.999691
1187610 SX 1187605 0.000039
1187610 SX 1187523 0.000270
1187610 RZPI 1187610 1.000000
1187610 RZ3PI 1187611 1.000000
1187610 RZPIHalf 1187684 1.000000
1187610 S 1187683 1.000000
1187610 X 1187596 0.999691
1187610 X 1187595 0.000039
1187611 SX 1187535 0.999691
1187611 SX 1187537 0.000039
1187611 RZPI 1187611 1.000000
1187611 RZ3PI 1187610 1.000000
1187611 RZPIHalf 1187683 1.000000
1187611 S 1187684 1.000000
1187611 X 1187595 0.999691
1187611 X 1187596 0.000039
1187643 SX 1187652 0.999730
1187643 SX 1187523 0.000270
1187643 RZPI 1187643 1.000000
1187643 RZ3PI 1187644 1.000000
1187643 RZPIHalf 1187849 1.000000
1187643 S 1187851 1.000000
1187643 X 1187644 0.999691
1187643 X 1187643 0.000039
1187643 X 1187523 0.000270
1187644 SX 1187523 1.000000
1187644 RZPI 1187644 1.000000
1187644 RZ3PI 1187643 1.000000
1187644 RZPIHalf 1187851 1.000000
1187644 S 1187849 1.000000
1187644 X 1187643 0.999691
1187644 X 1187644 0.000039
1187644 X 1187523 0.000270
1187652 SX 1187644 0.999691
1187652 SX 1187643 0.000039
1187652 SX 1187523 0.000270
1187652 RZPI 1187652 1.000000
1187652 RZ3PI 1187652 1.000000
1187652 RZPIHalf 1187652 1.000000
1187652 S 1187652 1.000000
1187652 X 1187523 1.000000
1187669 SX 1187678 0.999691
1187669 SX 1187679 0.000039
1187669 RZPI 1187669 1.000000
1187669 RZ3PI 1187670 1.000000
1187669 RZPIHalf 1187596 1.000000
1187669 S 1187595 1.000000
1187669 X 1187684 0.999691
1187669 X 1187683 0.000039
1187670 SX 1187552 0.999691
1187670 SX 1187550 0.000039
1187670 RZPI 1187670 1.000000
1187670 RZ3PI 1187669 1.000000
1187670 RZPIHalf 1187595 1.000000
1187670 S 1187596 1.000000
1187670 X 1187683 0.999691
1187670 X 1187684 0.000039
1187678 SX 1187684 0.999691
1187678 SX 1187683 0.000039
1187678 RZPI 1187678 1.000000
1187678 RZ3PI 1187679 1.000000
1187678 RZPIHalf 1187556 1.000000
1187678 S 1187557 1.000000
1187678 X 1187550 0.999691
1187678 X 1187552 0.000039
1187679 SX 1187670 0.999691
1187679 SX 1187669 0.000039
1187679 RZPI 1187679 1.000000
1187679 RZ3PI 1187678 1.000000
1187679 RZPIHalf 1187557 1.000000
1187679 S 1187556 1.000000
1187679 X 1187552 0.999691
1187679 X 1187550 0.000039
1187683 SX 1187679 0.999691
1187683 SX 1187678 0.000039
1187683 RZPI 1187683 1.000000
1187683 RZ3PI 1187684 1.000000
1187683 RZPIHalf 1187610 1.000000
1187683 S 1187611 1.000000
1187683 X 1187670 0.999691
1187683 X 1187669 0.000039
1187684 SX 1187550 0.999691
1187684 SX 1187552 0.000039
1187684 RZPI 1187684 1.000000
1187684 RZ3PI 1187683 1.000000
1187684 RZPIHalf 1187611 1.000000
1187684 S 1187610 1.000000
1187684 X 1187669 0.999691
1187684 X 1187670 0.000039
1187849 SX 1187849 0.999691
1187849 SX 1187851 0.000039
1187849 SX 1187523 0.000270
1187849 RZPI 1187849 1.000000
1187849 RZ3PI 1187851 1.000000
1187849 RZPIHalf 1187644 1.000000
1187849 S 1187643 1.000000
1187849 X 1187849 0.999691
1187849 X 1187851 0.000039
1187849 X 1187523 0.000270
1187851 SX 1187851 0.999691
1187851 SX 1187849 0.000039
1187851 SX 1187523 0.000270
1187851 RZPI 1187851 1.000000
1187851 RZ3PI 1187849 1.000000
1187851 RZPIHalf 1187643 1.000000
1187851 S 1187644 1.000000
1187851 X 1187851 0.999691
1187851 X 1187849 0.000039
1187851 X 1187523 0.000270
ENDPOMDP
