BEGINPOMDP
INITIALSTATE: 1741
STATES: 1798,2183,1800,2184,2185,2186,2704,2706,2121,2122,1741,1742,2001,2002,2004,2005,1755,1756,2139,1758,1887,1759,1889,1763,1765,2023,2024,1767,1780,1781
REWARDS: 1798:0,2183:0,1800:0,2184:0,2185:0,2186:0,2704:0,2706:0,2121:0,2122:0,1741:0,1742:0,2001:0,2002:0,2004:0,2005:0,1755:0,1756:0,2139:0,1758:0,1887:0,1759:0,1889:0,1763:0,1765:0,2023:0,2024:0,1767:0,1780:0,1781:1
GAMMA: 1798:0,2183:0,1800:0,2184:0,2185:0,2186:0,2704:0,2706:0,2121:0,2122:0,1741:0,1742:0,2001:0,2002:0,2004:0,2005:0,1755:0,1756:0,2139:0,1758:0,1887:0,1759:0,1889:0,1763:0,1765:0,2023:0,2024:0,1767:0,1780:0,1781:0
BEGINACTIONS
SX
RZPI
RZ3PI
RZPIHalf
S
X
ENDACTIONS
1741 INIT_ 1742 1.000000
1741 SX 2121 0.998979
1741 SX 2122 0.000768
1741 SX 1741 0.000253
1741 RZPI 1741 1.000000
1741 RZ3PI 1741 1.000000
1741 RZPIHalf 1741 1.000000
1741 S 1741 1.000000
1741 X 2139 0.999063
1741 X 1741 0.000937
1742 SX 1755 0.998637
1742 SX 1756 0.000426
1742 SX 1758 0.000342
1742 SX 1759 0.000342
1742 RZPI 1742 1.000000
1742 RZ3PI 1763 1.000000
1742 RZPIHalf 1765 1.000000
1742 S 1767 1.000000
1742 X 1780 0.998637
1742 X 1781 0.000426
1742 X 1741 0.000253
1742 X 1742 0.000342
1742 X 1763 0.000342
1755 SX 1780 0.998637
1755 SX 1781 0.000426
1755 SX 1742 0.000342
1755 SX 1763 0.000342
1755 SX 1741 0.000000
1755 RZPI 1755 1.000000
1755 RZ3PI 1756 1.000000
1755 RZPIHalf 1798 1.000000
1755 S 1800 1.000000
1755 X 1758 0.998637
1755 X 1759 0.000426
1755 X 1755 0.000342
1755 X 1756 0.000342
1756 SX 1763 0.998637
1756 SX 1742 0.000426
1756 SX 1741 0.000253
1756 SX 1781 0.000342
1756 SX 1780 0.000342
1756 RZPI 1756 1.000000
1756 RZ3PI 1755 1.000000
1756 RZPIHalf 1800 1.000000
1756 S 1798 1.000000
1756 X 1759 0.998637
1756 X 1758 0.000426
1756 X 1756 0.000342
1756 X 1755 0.000342
1758 SX 1742 0.998637
1758 SX 1763 0.000426
1758 SX 1741 0.000253
1758 SX 1780 0.000342
1758 SX 1781 0.000342
1758 RZPI 1758 1.000000
1758 RZ3PI 1759 1.000000
1758 RZPIHalf 1887 1.000000
1758 S 1889 1.000000
1758 X 1755 0.998637
1758 X 1756 0.000426
1758 X 1758 0.000342
1758 X 1759 0.000342
1759 SX 1781 0.998637
1759 SX 1780 0.000426
1759 SX 1763 0.000342
1759 SX 1742 0.000342
1759 SX 1741 0.000000
1759 RZPI 1759 1.000000
1759 RZ3PI 1758 1.000000
1759 RZPIHalf 1889 1.000000
1759 S 1887 1.000000
1759 X 1756 0.998637
1759 X 1755 0.000426
1759 X 1759 0.000342
1759 X 1758 0.000342
1763 SX 1759 0.998637
1763 SX 1758 0.000426
1763 SX 1756 0.000342
1763 SX 1755 0.000342
1763 RZPI 1763 1.000000
1763 RZ3PI 1742 1.000000
1763 RZPIHalf 1767 1.000000
1763 S 1765 1.000000
1763 X 1781 0.998637
1763 X 1780 0.000426
1763 X 1763 0.000342
1763 X 1742 0.000342
1765 SX 2001 0.998637
1765 SX 2002 0.000426
1765 SX 2004 0.000342
1765 SX 2005 0.000342
1765 RZPI 1765 1.000000
1765 RZ3PI 1767 1.000000
1765 RZPIHalf 1763 1.000000
1765 S 1742 1.000000
1765 X 2023 0.998637
1765 X 2024 0.000426
1765 X 1765 0.000342
1765 X 1767 0.000342
1765 X 1741 0.000000
1767 SX 2005 0.998637
1767 SX 2004 0.000426
1767 SX 2002 0.000342
1767 SX 2001 0.000342
1767 RZPI 1767 1.000000
1767 RZ3PI 1765 1.000000
1767 RZPIHalf 1742 1.000000
1767 S 1763 1.000000
1767 X 2024 0.998637
1767 X 2023 0.000426
1767 X 1767 0.000342
1767 X 1765 0.000342
1780 SX 1758 0.998637
1780 SX 1759 0.000426
1780 SX 1755 0.000342
1780 SX 1756 0.000342
1780 RZPI 1780 1.000000
1780 RZ3PI 1781 1.000000
1780 RZPIHalf 2024 1.000000
1780 S 2023 1.000000
1780 X 1742 0.998637
1780 X 1763 0.000426
1780 X 1741 0.000253
1780 X 1780 0.000342
1780 X 1781 0.000342
1781 SX 1756 0.998637
1781 SX 1755 0.000426
1781 SX 1759 0.000342
1781 SX 1758 0.000342
1781 RZPI 1781 1.000000
1781 RZ3PI 1780 1.000000
1781 RZPIHalf 2023 1.000000
1781 S 2024 1.000000
1781 X 1763 0.998637
1781 X 1742 0.000426
1781 X 1741 0.000253
1781 X 1781 0.000342
1781 X 1780 0.000342
1798 SX 2183 0.998637
1798 SX 2184 0.000426
1798 SX 2185 0.000342
1798 SX 2186 0.000342
1798 RZPI 1798 1.000000
1798 RZ3PI 1800 1.000000
1798 RZPIHalf 1756 1.000000
1798 S 1755 1.000000
1798 X 1889 0.998637
1798 X 1887 0.000426
1798 X 1798 0.000342
1798 X 1800 0.000342
1800 SX 2186 0.998637
1800 SX 2185 0.000426
1800 SX 2184 0.000342
1800 SX 2183 0.000342
1800 RZPI 1800 1.000000
1800 RZ3PI 1798 1.000000
1800 RZPIHalf 1755 1.000000
1800 S 1756 1.000000
1800 X 1887 0.998637
1800 X 1889 0.000426
1800 X 1800 0.000342
1800 X 1798 0.000342
1887 SX 2184 0.998637
1887 SX 2183 0.000426
1887 SX 2186 0.000342
1887 SX 2185 0.000342
1887 RZPI 1887 1.000000
1887 RZ3PI 1889 1.000000
1887 RZPIHalf 1759 1.000000
1887 S 1758 1.000000
1887 X 1800 0.998637
1887 X 1798 0.000426
1887 X 1887 0.000342
1887 X 1889 0.000342
1889 SX 2185 0.998637
1889 SX 2186 0.000426
1889 SX 2183 0.000342
1889 SX 2184 0.000342
1889 RZPI 1889 1.000000
1889 RZ3PI 1887 1.000000
1889 RZPIHalf 1758 1.000000
1889 S 1759 1.000000
1889 X 1798 0.998637
1889 X 1800 0.000426
1889 X 1889 0.000342
1889 X 1887 0.000342
2001 SX 2023 0.998637
2001 SX 2024 0.000426
2001 SX 1765 0.000342
2001 SX 1767 0.000342
2001 SX 1741 0.000000
2001 RZPI 2001 1.000000
2001 RZ3PI 2002 1.000000
2001 RZPIHalf 2183 1.000000
2001 S 2184 1.000000
2001 X 2004 0.998637
2001 X 2005 0.000426
2001 X 2001 0.000342
2001 X 2002 0.000342
2002 SX 1767 0.998637
2002 SX 1765 0.000426
2002 SX 2024 0.000342
2002 SX 2023 0.000342
2002 SX 1741 0.000000
2002 RZPI 2002 1.000000
2002 RZ3PI 2001 1.000000
2002 RZPIHalf 2184 1.000000
2002 S 2183 1.000000
2002 X 2005 0.998637
2002 X 2004 0.000426
2002 X 2002 0.000342
2002 X 2001 0.000342
2004 SX 1765 0.998637
2004 SX 1767 0.000426
2004 SX 1741 0.000253
2004 SX 2023 0.000342
2004 SX 2024 0.000342
2004 RZPI 2004 1.000000
2004 RZ3PI 2005 1.000000
2004 RZPIHalf 2186 1.000000
2004 S 2185 1.000000
2004 X 2001 0.998637
2004 X 2002 0.000426
2004 X 2004 0.000342
2004 X 2005 0.000342
2005 SX 2024 0.998637
2005 SX 2023 0.000426
2005 SX 1767 0.000342
2005 SX 1765 0.000342
2005 SX 1741 0.000000
2005 RZPI 2005 1.000000
2005 RZ3PI 2004 1.000000
2005 RZPIHalf 2185 1.000000
2005 S 2186 1.000000
2005 X 2002 0.998637
2005 X 2001 0.000426
2005 X 2005 0.000342
2005 X 2004 0.000342
2023 SX 2004 0.998637
2023 SX 2005 0.000426
2023 SX 2001 0.000342
2023 SX 2002 0.000342
2023 RZPI 2023 1.000000
2023 RZ3PI 2024 1.000000
2023 RZPIHalf 1780 1.000000
2023 S 1781 1.000000
2023 X 1765 0.998637
2023 X 1767 0.000426
2023 X 1741 0.000253
2023 X 2023 0.000342
2023 X 2024 0.000342
2024 SX 2002 0.998637
2024 SX 2001 0.000426
2024 SX 2005 0.000342
2024 SX 2004 0.000342
2024 RZPI 2024 1.000000
2024 RZ3PI 2023 1.000000
2024 RZPIHalf 1781 1.000000
2024 S 1780 1.000000
2024 X 1767 0.998637
2024 X 1765 0.000426
2024 X 2024 0.000342
2024 X 2023 0.000342
2024 X 1741 0.000000
2121 SX 2139 0.999063
2121 SX 1741 0.000937
2121 RZPI 2121 1.000000
2121 RZ3PI 2122 1.000000
2121 RZPIHalf 2704 1.000000
2121 S 2706 1.000000
2121 X 2122 0.998979
2121 X 2121 0.000768
2121 X 1741 0.000253
2122 SX 1741 0.999316
2122 SX 2139 0.000684
2122 RZPI 2122 1.000000
2122 RZ3PI 2121 1.000000
2122 RZPIHalf 2706 1.000000
2122 S 2704 1.000000
2122 X 2121 0.998979
2122 X 2122 0.000768
2122 X 1741 0.000253
2139 SX 2122 0.998979
2139 SX 2121 0.000768
2139 SX 1741 0.000253
2139 RZPI 2139 1.000000
2139 RZ3PI 2139 1.000000
2139 RZPIHalf 2139 1.000000
2139 S 2139 1.000000
2139 X 1741 0.999316
2139 X 2139 0.000684
2183 SX 1889 0.998637
2183 SX 1887 0.000426
2183 SX 1798 0.000342
2183 SX 1800 0.000342
2183 RZPI 2183 1.000000
2183 RZ3PI 2184 1.000000
2183 RZPIHalf 2002 1.000000
2183 S 2001 1.000000
2183 X 2185 0.998637
2183 X 2186 0.000426
2183 X 2183 0.000342
2183 X 2184 0.000342
2184 SX 1800 0.998637
2184 SX 1798 0.000426
2184 SX 1887 0.000342
2184 SX 1889 0.000342
2184 RZPI 2184 1.000000
2184 RZ3PI 2183 1.000000
2184 RZPIHalf 2001 1.000000
2184 S 2002 1.000000
2184 X 2186 0.998637
2184 X 2185 0.000426
2184 X 2184 0.000342
2184 X 2183 0.000342
2185 SX 1798 0.998637
2185 SX 1800 0.000426
2185 SX 1889 0.000342
2185 SX 1887 0.000342
2185 RZPI 2185 1.000000
2185 RZ3PI 2186 1.000000
2185 RZPIHalf 2004 1.000000
2185 S 2005 1.000000
2185 X 2183 0.998637
2185 X 2184 0.000426
2185 X 2185 0.000342
2185 X 2186 0.000342
2186 SX 1887 0.998637
2186 SX 1889 0.000426
2186 SX 1800 0.000342
2186 SX 1798 0.000342
2186 RZPI 2186 1.000000
2186 RZ3PI 2185 1.000000
2186 RZPIHalf 2005 1.000000
2186 S 2004 1.000000
2186 X 2184 0.998637
2186 X 2183 0.000426
2186 X 2186 0.000342
2186 X 2185 0.000342
2704 SX 2704 0.998979
2704 SX 2706 0.000768
2704 SX 1741 0.000253
2704 RZPI 2704 1.000000
2704 RZ3PI 2706 1.000000
2704 RZPIHalf 2122 1.000000
2704 S 2121 1.000000
2704 X 2704 0.998979
2704 X 2706 0.000768
2704 X 1741 0.000253
2706 SX 2706 0.998979
2706 SX 2704 0.000768
2706 SX 1741 0.000253
2706 RZPI 2706 1.000000
2706 RZ3PI 2704 1.000000
2706 RZPIHalf 2121 1.000000
2706 S 2122 1.000000
2706 X 2706 0.998979
2706 X 2704 0.000768
2706 X 1741 0.000253
ENDPOMDP
