BEGINPOMDP
INITIALSTATE: 1191663
STATES: 1191681,1191682,1191811,1191810,1191689,1191691,1191695,1191696,1191989,1191734,1191991,1191735,1191744,1191745,1191749,1191750,1191783,1191784,1191677,1191663,1191664,1191792,1191668,1191669,1191797,1191796,1191673,1191675,1191805,1191806
REWARDS: 1191681:0,1191682:1,1191811:0,1191810:0,1191689:0,1191691:0,1191695:0,1191696:0,1191989:0,1191734:0,1191991:0,1191735:0,1191744:0,1191745:0,1191749:0,1191750:0,1191783:0,1191784:0,1191677:0,1191663:0,1191664:0,1191792:0,1191668:0,1191669:0,1191797:0,1191796:0,1191673:0,1191675:0,1191805:0,1191806:0
GAMMA: 1191681:0,1191682:0,1191811:0,1191810:0,1191689:0,1191691:0,1191695:0,1191696:0,1191989:0,1191734:0,1191991:0,1191735:0,1191744:0,1191745:0,1191749:0,1191750:0,1191783:0,1191784:0,1191677:0,1191663:0,1191664:0,1191792:0,1191668:0,1191669:0,1191797:0,1191796:0,1191673:0,1191675:0,1191805:0,1191806:0
BEGINACTIONS
SX
RZPI
RZ3PI
RZPIHalf
S
X
ENDACTIONS
1191663 INIT_ 1191664 1.000000
1191663 SX 1191783 0.999249
1191663 SX 1191784 0.000454
1191663 SX 1191663 0.000297
1191663 RZPI 1191663 1.000000
1191663 RZ3PI 1191663 1.000000
1191663 RZPIHalf 1191663 1.000000
1191663 S 1191663 1.000000
1191663 X 1191792 0.999703
1191663 X 1191663 0.000297
1191664 SX 1191668 0.999249
1191664 SX 1191669 0.000454
1191664 RZPI 1191664 1.000000
1191664 RZ3PI 1191673 1.000000
1191664 RZPIHalf 1191675 1.000000
1191664 S 1191677 1.000000
1191664 X 1191681 0.999249
1191664 X 1191682 0.000454
1191664 X 1191663 0.000297
1191668 SX 1191681 0.999249
1191668 SX 1191682 0.000454
1191668 SX 1191663 0.000297
1191668 RZPI 1191668 1.000000
1191668 RZ3PI 1191669 1.000000
1191668 RZPIHalf 1191689 1.000000
1191668 S 1191691 1.000000
1191668 X 1191695 0.999249
1191668 X 1191696 0.000454
1191669 SX 1191673 0.999249
1191669 SX 1191664 0.000454
1191669 RZPI 1191669 1.000000
1191669 RZ3PI 1191668 1.000000
1191669 RZPIHalf 1191691 1.000000
1191669 S 1191689 1.000000
1191669 X 1191696 0.999249
1191669 X 1191695 0.000454
1191673 SX 1191696 0.999249
1191673 SX 1191695 0.000454
1191673 RZPI 1191673 1.000000
1191673 RZ3PI 1191664 1.000000
1191673 RZPIHalf 1191677 1.000000
1191673 S 1191675 1.000000
1191673 X 1191682 0.999249
1191673 X 1191681 0.000454
1191675 SX 1191734 0.999249
1191675 SX 1191735 0.000454
1191675 RZPI 1191675 1.000000
1191675 RZ3PI 1191677 1.000000
1191675 RZPIHalf 1191673 1.000000
1191675 S 1191664 1.000000
1191675 X 1191744 0.999249
1191675 X 1191745 0.000454
1191677 SX 1191749 0.999249
1191677 SX 1191750 0.000454
1191677 RZPI 1191677 1.000000
1191677 RZ3PI 1191675 1.000000
1191677 RZPIHalf 1191664 1.000000
1191677 S 1191673 1.000000
1191677 X 1191745 0.999249
1191677 X 1191744 0.000454
1191681 SX 1191695 0.999249
1191681 SX 1191696 0.000454
1191681 RZPI 1191681 1.000000
1191681 RZ3PI 1191682 1.000000
1191681 RZPIHalf 1191745 1.000000
1191681 S 1191744 1.000000
1191681 X 1191664 0.999249
1191681 X 1191673 0.000454
1191682 SX 1191669 0.999249
1191682 SX 1191668 0.000454
1191682 RZPI 1191682 1.000000
1191682 RZ3PI 1191681 1.000000
1191682 RZPIHalf 1191744 1.000000
1191682 S 1191745 1.000000
1191682 X 1191673 0.999249
1191682 X 1191664 0.000454
1191689 SX 1191796 0.999249
1191689 SX 1191797 0.000454
1191689 RZPI 1191689 1.000000
1191689 RZ3PI 1191691 1.000000
1191689 RZPIHalf 1191669 1.000000
1191689 S 1191668 1.000000
1191689 X 1191805 0.999249
1191689 X 1191806 0.000454
1191691 SX 1191810 0.999249
1191691 SX 1191811 0.000454
1191691 RZPI 1191691 1.000000
1191691 RZ3PI 1191689 1.000000
1191691 RZPIHalf 1191668 1.000000
1191691 S 1191669 1.000000
1191691 X 1191806 0.999249
1191691 X 1191805 0.000454
1191695 SX 1191664 0.999249
1191695 SX 1191673 0.000454
1191695 SX 1191663 0.000297
1191695 RZPI 1191695 1.000000
1191695 RZ3PI 1191696 1.000000
1191695 RZPIHalf 1191806 1.000000
1191695 S 1191805 1.000000
1191695 X 1191668 0.999249
1191695 X 1191669 0.000454
1191696 SX 1191682 0.999249
1191696 SX 1191681 0.000454
1191696 SX 1191663 0.000297
1191696 RZPI 1191696 1.000000
1191696 RZ3PI 1191695 1.000000
1191696 RZPIHalf 1191805 1.000000
1191696 S 1191806 1.000000
1191696 X 1191669 0.999249
1191696 X 1191668 0.000454
1191734 SX 1191744 0.999249
1191734 SX 1191745 0.000454
1191734 SX 1191663 0.000297
1191734 RZPI 1191734 1.000000
1191734 RZ3PI 1191735 1.000000
1191734 RZPIHalf 1191796 1.000000
1191734 S 1191797 1.000000
1191734 X 1191750 0.999249
1191734 X 1191749 0.000454
1191735 SX 1191677 0.999249
1191735 SX 1191675 0.000454
1191735 RZPI 1191735 1.000000
1191735 RZ3PI 1191734 1.000000
1191735 RZPIHalf 1191797 1.000000
1191735 S 1191796 1.000000
1191735 X 1191749 0.999249
1191735 X 1191750 0.000454
1191744 SX 1191750 0.999249
1191744 SX 1191749 0.000454
1191744 RZPI 1191744 1.000000
1191744 RZ3PI 1191745 1.000000
1191744 RZPIHalf 1191681 1.000000
1191744 S 1191682 1.000000
1191744 X 1191675 0.999249
1191744 X 1191677 0.000454
1191745 SX 1191735 0.999249
1191745 SX 1191734 0.000454
1191745 RZPI 1191745 1.000000
1191745 RZ3PI 1191744 1.000000
1191745 RZPIHalf 1191682 1.000000
1191745 S 1191681 1.000000
1191745 X 1191677 0.999249
1191745 X 1191675 0.000454
1191749 SX 1191745 0.999249
1191749 SX 1191744 0.000454
1191749 RZPI 1191749 1.000000
1191749 RZ3PI 1191750 1.000000
1191749 RZPIHalf 1191811 1.000000
1191749 S 1191810 1.000000
1191749 X 1191735 0.999249
1191749 X 1191734 0.000454
1191750 SX 1191675 0.999249
1191750 SX 1191677 0.000454
1191750 RZPI 1191750 1.000000
1191750 RZ3PI 1191749 1.000000
1191750 RZPIHalf 1191810 1.000000
1191750 S 1191811 1.000000
1191750 X 1191734 0.999249
1191750 X 1191735 0.000454
1191783 SX 1191792 0.999703
1191783 SX 1191663 0.000297
1191783 RZPI 1191783 1.000000
1191783 RZ3PI 1191784 1.000000
1191783 RZPIHalf 1191989 1.000000
1191783 S 1191991 1.000000
1191783 X 1191784 0.999249
1191783 X 1191783 0.000454
1191783 X 1191663 0.000297
1191784 SX 1191663 1.000000
1191784 RZPI 1191784 1.000000
1191784 RZ3PI 1191783 1.000000
1191784 RZPIHalf 1191991 1.000000
1191784 S 1191989 1.000000
1191784 X 1191783 0.999249
1191784 X 1191784 0.000454
1191784 X 1191663 0.000297
1191792 SX 1191784 0.999249
1191792 SX 1191783 0.000454
1191792 SX 1191663 0.000297
1191792 RZPI 1191792 1.000000
1191792 RZ3PI 1191792 1.000000
1191792 RZPIHalf 1191792 1.000000
1191792 S 1191792 1.000000
1191792 X 1191663 1.000000
1191796 SX 1191805 0.999249
1191796 SX 1191806 0.000454
1191796 RZPI 1191796 1.000000
1191796 RZ3PI 1191797 1.000000
1191796 RZPIHalf 1191735 1.000000
1191796 S 1191734 1.000000
1191796 X 1191811 0.999249
1191796 X 1191810 0.000454
1191797 SX 1191691 0.999249
1191797 SX 1191689 0.000454
1191797 RZPI 1191797 1.000000
1191797 RZ3PI 1191796 1.000000
1191797 RZPIHalf 1191734 1.000000
1191797 S 1191735 1.000000
1191797 X 1191810 0.999249
1191797 X 1191811 0.000454
1191805 SX 1191811 0.999249
1191805 SX 1191810 0.000454
1191805 RZPI 1191805 1.000000
1191805 RZ3PI 1191806 1.000000
1191805 RZPIHalf 1191695 1.000000
1191805 S 1191696 1.000000
1191805 X 1191689 0.999249
1191805 X 1191691 0.000454
1191806 SX 1191797 0.999249
1191806 SX 1191796 0.000454
1191806 RZPI 1191806 1.000000
1191806 RZ3PI 1191805 1.000000
1191806 RZPIHalf 1191696 1.000000
1191806 S 1191695 1.000000
1191806 X 1191691 0.999249
1191806 X 1191689 0.000454
1191810 SX 1191806 0.999249
1191810 SX 1191805 0.000454
1191810 RZPI 1191810 1.000000
1191810 RZ3PI 1191811 1.000000
1191810 RZPIHalf 1191749 1.000000
1191810 S 1191750 1.000000
1191810 X 1191797 0.999249
1191810 X 1191796 0.000454
1191811 SX 1191689 0.999249
1191811 SX 1191691 0.000454
1191811 RZPI 1191811 1.000000
1191811 RZ3PI 1191810 1.000000
1191811 RZPIHalf 1191750 1.000000
1191811 S 1191749 1.000000
1191811 X 1191796 0.999249
1191811 X 1191797 0.000454
1191989 SX 1191989 0.999249
1191989 SX 1191991 0.000454
1191989 SX 1191663 0.000297
1191989 RZPI 1191989 1.000000
1191989 RZ3PI 1191991 1.000000
1191989 RZPIHalf 1191784 1.000000
1191989 S 1191783 1.000000
1191989 X 1191989 0.999249
1191989 X 1191991 0.000454
1191989 X 1191663 0.000297
1191991 SX 1191991 0.999249
1191991 SX 1191989 0.000454
1191991 SX 1191663 0.000297
1191991 RZPI 1191991 1.000000
1191991 RZ3PI 1191989 1.000000
1191991 RZPIHalf 1191783 1.000000
1191991 S 1191784 1.000000
1191991 X 1191991 0.999249
1191991 X 1191989 0.000454
1191991 X 1191663 0.000297
ENDPOMDP
