BEGINPOMDP
INITIALSTATE: 35771
STATES: 35846,35865,35884,36016,36017,36018,36019,35771,35772,35903,35777,35778,35779,35784,35785,35786,35787,35789,35922,35808,35940,35941,35942,35943,35827
REWARDS: 35846:0,35865:0,35884:0,36016:0,36017:0,36018:0,36019:0,35771:0,35772:0,35903:0,35777:1,35778:0,35779:0,35784:0,35785:0,35786:0,35787:0,35789:0,35922:0,35808:0,35940:0,35941:0,35942:0,35943:0,35827:0
GAMMA: 35846:0,35865:0,35884:0,36016:0,36017:0,36018:0,36019:0,35771:0,35772:0,35903:0,35777:0,35778:0,35779:0,35784:0,35785:0,35786:0,35787:0,35789:0,35922:0,35808:0,35940:0,35941:0,35942:0,35943:0,35827:0
BEGINACTIONS
U3
H
S
Z
X
RY
ENDACTIONS
35771 INIT_ 35772 1.000000
35772 U3 35777 0.996571
35772 U3 35778 0.001143
35772 U3 35772 0.001143
35772 U3 35779 0.001143
35772 H 35784 0.998285
35772 H 35785 0.000572
35772 H 35786 0.000572
35772 H 35787 0.000572
35772 S 35789 1.000000
35772 Z 35778 1.000000
35772 X 35779 0.996571
35772 X 35772 0.001143
35772 X 35778 0.001143
35772 X 35777 0.001143
35772 RY 35777 0.996571
35772 RY 35778 0.001143
35772 RY 35772 0.001143
35772 RY 35779 0.001143
35777 U3 35772 0.996571
35777 U3 35779 0.001143
35777 U3 35777 0.001143
35777 U3 35778 0.001143
35777 H 35786 0.998285
35777 H 35787 0.000572
35777 H 35784 0.000572
35777 H 35785 0.000572
35777 S 35808 1.000000
35777 Z 35779 1.000000
35777 X 35778 0.996571
35777 X 35777 0.001143
35777 X 35779 0.001143
35777 X 35772 0.001143
35777 RY 35772 0.996571
35777 RY 35779 0.001143
35777 RY 35777 0.001143
35777 RY 35778 0.001143
35778 U3 35779 0.996571
35778 U3 35772 0.001143
35778 U3 35778 0.001143
35778 U3 35777 0.001143
35778 H 35785 0.998285
35778 H 35784 0.000572
35778 H 35787 0.000572
35778 H 35786 0.000572
35778 S 35827 1.000000
35778 Z 35772 1.000000
35778 X 35777 0.996571
35778 X 35778 0.001143
35778 X 35772 0.001143
35778 X 35779 0.001143
35778 RY 35779 0.996571
35778 RY 35772 0.001143
35778 RY 35778 0.001143
35778 RY 35777 0.001143
35779 U3 35778 0.996571
35779 U3 35777 0.001143
35779 U3 35779 0.001143
35779 U3 35772 0.001143
35779 H 35787 0.998285
35779 H 35786 0.000572
35779 H 35785 0.000572
35779 H 35784 0.000572
35779 S 35846 1.000000
35779 Z 35777 1.000000
35779 X 35772 0.996571
35779 X 35779 0.001143
35779 X 35777 0.001143
35779 X 35778 0.001143
35779 RY 35778 0.996571
35779 RY 35777 0.001143
35779 RY 35779 0.001143
35779 RY 35772 0.001143
35784 U3 35786 0.996571
35784 U3 35787 0.001143
35784 U3 35784 0.001143
35784 U3 35785 0.001143
35784 H 35772 0.998285
35784 H 35779 0.000572
35784 H 35777 0.000572
35784 H 35778 0.000572
35784 S 35865 1.000000
35784 Z 35787 1.000000
35784 X 35785 0.996571
35784 X 35784 0.001143
35784 X 35787 0.001143
35784 X 35786 0.001143
35784 RY 35786 0.996571
35784 RY 35787 0.001143
35784 RY 35784 0.001143
35784 RY 35785 0.001143
35785 U3 35787 0.996571
35785 U3 35786 0.001143
35785 U3 35785 0.001143
35785 U3 35784 0.001143
35785 H 35778 0.998285
35785 H 35777 0.000572
35785 H 35779 0.000572
35785 H 35772 0.000572
35785 S 35884 1.000000
35785 Z 35786 1.000000
35785 X 35784 0.996571
35785 X 35785 0.001143
35785 X 35786 0.001143
35785 X 35787 0.001143
35785 RY 35787 0.996571
35785 RY 35786 0.001143
35785 RY 35785 0.001143
35785 RY 35784 0.001143
35786 U3 35784 0.996571
35786 U3 35785 0.001143
35786 U3 35786 0.001143
35786 U3 35787 0.001143
35786 H 35777 0.998285
35786 H 35778 0.000572
35786 H 35772 0.000572
35786 H 35779 0.000572
35786 S 35903 1.000000
35786 Z 35785 1.000000
35786 X 35787 0.996571
35786 X 35786 0.001143
35786 X 35785 0.001143
35786 X 35784 0.001143
35786 RY 35784 0.996571
35786 RY 35785 0.001143
35786 RY 35786 0.001143
35786 RY 35787 0.001143
35787 U3 35785 0.996571
35787 U3 35784 0.001143
35787 U3 35787 0.001143
35787 U3 35786 0.001143
35787 H 35779 0.998285
35787 H 35772 0.000572
35787 H 35778 0.000572
35787 H 35777 0.000572
35787 S 35922 1.000000
35787 Z 35784 1.000000
35787 X 35786 0.996571
35787 X 35787 0.001143
35787 X 35784 0.001143
35787 X 35785 0.001143
35787 RY 35785 0.996571
35787 RY 35784 0.001143
35787 RY 35787 0.001143
35787 RY 35786 0.001143
35789 U3 35846 0.996571
35789 U3 35827 0.001143
35789 U3 35789 0.001143
35789 U3 35808 0.001143
35789 H 35940 0.998285
35789 H 35941 0.000572
35789 H 35942 0.000572
35789 H 35943 0.000572
35789 S 35778 1.000000
35789 Z 35827 1.000000
35789 X 35808 0.996571
35789 X 35789 0.001143
35789 X 35827 0.001143
35789 X 35846 0.001143
35789 RY 35846 0.996571
35789 RY 35827 0.001143
35789 RY 35789 0.001143
35789 RY 35808 0.001143
35808 U3 35827 0.996571
35808 U3 35846 0.001143
35808 U3 35808 0.001143
35808 U3 35789 0.001143
35808 H 35943 0.998285
35808 H 35942 0.000572
35808 H 35941 0.000572
35808 H 35940 0.000572
35808 S 35779 1.000000
35808 Z 35846 1.000000
35808 X 35789 0.996571
35808 X 35808 0.001143
35808 X 35846 0.001143
35808 X 35827 0.001143
35808 RY 35827 0.996571
35808 RY 35846 0.001143
35808 RY 35808 0.001143
35808 RY 35789 0.001143
35827 U3 35808 0.996571
35827 U3 35789 0.001143
35827 U3 35827 0.001143
35827 U3 35846 0.001143
35827 H 35941 0.998285
35827 H 35940 0.000572
35827 H 35943 0.000572
35827 H 35942 0.000572
35827 S 35772 1.000000
35827 Z 35789 1.000000
35827 X 35846 0.996571
35827 X 35827 0.001143
35827 X 35789 0.001143
35827 X 35808 0.001143
35827 RY 35808 0.996571
35827 RY 35789 0.001143
35827 RY 35827 0.001143
35827 RY 35846 0.001143
35846 U3 35789 0.996571
35846 U3 35808 0.001143
35846 U3 35846 0.001143
35846 U3 35827 0.001143
35846 H 35942 0.998285
35846 H 35943 0.000572
35846 H 35940 0.000572
35846 H 35941 0.000572
35846 S 35777 1.000000
35846 Z 35808 1.000000
35846 X 35827 0.996571
35846 X 35846 0.001143
35846 X 35808 0.001143
35846 X 35789 0.001143
35846 RY 35789 0.996571
35846 RY 35808 0.001143
35846 RY 35846 0.001143
35846 RY 35827 0.001143
35865 U3 35884 0.996571
35865 U3 35922 0.001143
35865 U3 35865 0.001143
35865 U3 35903 0.001143
35865 H 36016 0.998285
35865 H 36017 0.000572
35865 H 36018 0.000572
35865 H 36019 0.000572
35865 S 35787 1.000000
35865 Z 35922 1.000000
35865 X 35903 0.996571
35865 X 35865 0.001143
35865 X 35922 0.001143
35865 X 35884 0.001143
35865 RY 35884 0.996571
35865 RY 35922 0.001143
35865 RY 35865 0.001143
35865 RY 35903 0.001143
35884 U3 35865 0.996571
35884 U3 35903 0.001143
35884 U3 35884 0.001143
35884 U3 35922 0.001143
35884 H 36018 0.998285
35884 H 36019 0.000572
35884 H 36016 0.000572
35884 H 36017 0.000572
35884 S 35786 1.000000
35884 Z 35903 1.000000
35884 X 35922 0.996571
35884 X 35884 0.001143
35884 X 35903 0.001143
35884 X 35865 0.001143
35884 RY 35865 0.996571
35884 RY 35903 0.001143
35884 RY 35884 0.001143
35884 RY 35922 0.001143
35903 U3 35922 0.996571
35903 U3 35884 0.001143
35903 U3 35903 0.001143
35903 U3 35865 0.001143
35903 H 36019 0.998285
35903 H 36018 0.000572
35903 H 36017 0.000572
35903 H 36016 0.000572
35903 S 35785 1.000000
35903 Z 35884 1.000000
35903 X 35865 0.996571
35903 X 35903 0.001143
35903 X 35884 0.001143
35903 X 35922 0.001143
35903 RY 35922 0.996571
35903 RY 35884 0.001143
35903 RY 35903 0.001143
35903 RY 35865 0.001143
35922 U3 35903 0.996571
35922 U3 35865 0.001143
35922 U3 35922 0.001143
35922 U3 35884 0.001143
35922 H 36017 0.998285
35922 H 36016 0.000572
35922 H 36019 0.000572
35922 H 36018 0.000572
35922 S 35784 1.000000
35922 Z 35865 1.000000
35922 X 35884 0.996571
35922 X 35922 0.001143
35922 X 35865 0.001143
35922 X 35903 0.001143
35922 RY 35903 0.996571
35922 RY 35865 0.001143
35922 RY 35922 0.001143
35922 RY 35884 0.001143
35940 U3 35942 0.996571
35940 U3 35943 0.001143
35940 U3 35940 0.001143
35940 U3 35941 0.001143
35940 H 35789 0.998285
35940 H 35808 0.000572
35940 H 35846 0.000572
35940 H 35827 0.000572
35940 S 36017 1.000000
35940 Z 35943 1.000000
35940 X 35941 0.996571
35940 X 35940 0.001143
35940 X 35943 0.001143
35940 X 35942 0.001143
35940 RY 35942 0.996571
35940 RY 35943 0.001143
35940 RY 35940 0.001143
35940 RY 35941 0.001143
35941 U3 35943 0.996571
35941 U3 35942 0.001143
35941 U3 35941 0.001143
35941 U3 35940 0.001143
35941 H 35827 0.998285
35941 H 35846 0.000572
35941 H 35808 0.000572
35941 H 35789 0.000572
35941 S 36019 1.000000
35941 Z 35942 1.000000
35941 X 35940 0.996571
35941 X 35941 0.001143
35941 X 35942 0.001143
35941 X 35943 0.001143
35941 RY 35943 0.996571
35941 RY 35942 0.001143
35941 RY 35941 0.001143
35941 RY 35940 0.001143
35942 U3 35940 0.996571
35942 U3 35941 0.001143
35942 U3 35942 0.001143
35942 U3 35943 0.001143
35942 H 35846 0.998285
35942 H 35827 0.000572
35942 H 35789 0.000572
35942 H 35808 0.000572
35942 S 36016 1.000000
35942 Z 35941 1.000000
35942 X 35943 0.996571
35942 X 35942 0.001143
35942 X 35941 0.001143
35942 X 35940 0.001143
35942 RY 35940 0.996571
35942 RY 35941 0.001143
35942 RY 35942 0.001143
35942 RY 35943 0.001143
35943 U3 35941 0.996571
35943 U3 35940 0.001143
35943 U3 35943 0.001143
35943 U3 35942 0.001143
35943 H 35808 0.998285
35943 H 35789 0.000572
35943 H 35827 0.000572
35943 H 35846 0.000572
35943 S 36018 1.000000
35943 Z 35940 1.000000
35943 X 35942 0.996571
35943 X 35943 0.001143
35943 X 35940 0.001143
35943 X 35941 0.001143
35943 RY 35941 0.996571
35943 RY 35940 0.001143
35943 RY 35943 0.001143
35943 RY 35942 0.001143
36016 U3 36018 0.996571
36016 U3 36019 0.001143
36016 U3 36016 0.001143
36016 U3 36017 0.001143
36016 H 35865 0.998285
36016 H 35903 0.000572
36016 H 35884 0.000572
36016 H 35922 0.000572
36016 S 35941 1.000000
36016 Z 36019 1.000000
36016 X 36017 0.996571
36016 X 36016 0.001143
36016 X 36019 0.001143
36016 X 36018 0.001143
36016 RY 36018 0.996571
36016 RY 36019 0.001143
36016 RY 36016 0.001143
36016 RY 36017 0.001143
36017 U3 36019 0.996571
36017 U3 36018 0.001143
36017 U3 36017 0.001143
36017 U3 36016 0.001143
36017 H 35922 0.998285
36017 H 35884 0.000572
36017 H 35903 0.000572
36017 H 35865 0.000572
36017 S 35943 1.000000
36017 Z 36018 1.000000
36017 X 36016 0.996571
36017 X 36017 0.001143
36017 X 36018 0.001143
36017 X 36019 0.001143
36017 RY 36019 0.996571
36017 RY 36018 0.001143
36017 RY 36017 0.001143
36017 RY 36016 0.001143
36018 U3 36016 0.996571
36018 U3 36017 0.001143
36018 U3 36018 0.001143
36018 U3 36019 0.001143
36018 H 35884 0.998285
36018 H 35922 0.000572
36018 H 35865 0.000572
36018 H 35903 0.000572
36018 S 35940 1.000000
36018 Z 36017 1.000000
36018 X 36019 0.996571
36018 X 36018 0.001143
36018 X 36017 0.001143
36018 X 36016 0.001143
36018 RY 36016 0.996571
36018 RY 36017 0.001143
36018 RY 36018 0.001143
36018 RY 36019 0.001143
36019 U3 36017 0.996571
36019 U3 36016 0.001143
36019 U3 36019 0.001143
36019 U3 36018 0.001143
36019 H 35903 0.998285
36019 H 35865 0.000572
36019 H 35922 0.000572
36019 H 35884 0.000572
36019 S 35942 1.000000
36019 Z 36016 1.000000
36019 X 36018 0.996571
36019 X 36019 0.001143
36019 X 36016 0.001143
36019 X 36017 0.001143
36019 RY 36017 0.996571
36019 RY 36016 0.001143
36019 RY 36019 0.001143
36019 RY 36018 0.001143
ENDPOMDP
