BEGINPOMDP
INITIALSTATE: 1298831
STATES: 1299082,1299083,1298831,1298832,1298845,1298846,1299710,1298848,1298849,1298977,1298979,1298852,1298854,1298856,1299242,1299243,1299244,1299245,1298869,1298870,1298887,1298889,1299180,1299181,1299060,1299061,1299063,1299064,1299708,1299198
REWARDS: 1299082:0,1299083:0,1298831:0,1298832:0,1298845:0,1298846:0,1299710:0,1298848:0,1298849:0,1298977:0,1298979:0,1298852:0,1298854:0,1298856:0,1299242:0,1299243:0,1299244:0,1299245:0,1298869:0,1298870:1,1298887:0,1298889:0,1299180:0,1299181:0,1299060:0,1299061:0,1299063:0,1299064:0,1299708:0,1299198:0
GAMMA: 1299082:0,1299083:0,1298831:0,1298832:0,1298845:0,1298846:0,1299710:0,1298848:0,1298849:0,1298977:0,1298979:0,1298852:0,1298854:0,1298856:0,1299242:0,1299243:0,1299244:0,1299245:0,1298869:0,1298870:0,1298887:0,1298889:0,1299180:0,1299181:0,1299060:0,1299061:0,1299063:0,1299064:0,1299708:0,1299198:0
BEGINACTIONS
SX
RZPI
RZ3PI
RZPIHalf
S
X
ENDACTIONS
1298831 INIT_ 1298832 1.000000
1298831 SX 1299180 0.999580
1298831 SX 1299181 0.000113
1298831 SX 1298831 0.000307
1298831 RZPI 1298831 1.000000
1298831 RZ3PI 1298831 1.000000
1298831 RZPIHalf 1298831 1.000000
1298831 S 1298831 1.000000
1298831 X 1299198 0.999605
1298831 X 1298831 0.000395
1298832 SX 1298845 0.999536
1298832 SX 1298846 0.000069
1298832 SX 1298848 0.000044
1298832 SX 1298849 0.000044
1298832 RZPI 1298832 1.000000
1298832 RZ3PI 1298852 1.000000
1298832 RZPIHalf 1298854 1.000000
1298832 S 1298856 1.000000
1298832 X 1298869 0.999536
1298832 X 1298870 0.000069
1298832 X 1298831 0.000307
1298832 X 1298832 0.000044
1298832 X 1298852 0.000044
1298845 SX 1298869 0.999536
1298845 SX 1298870 0.000069
1298845 SX 1298831 0.000307
1298845 SX 1298832 0.000044
1298845 SX 1298852 0.000044
1298845 RZPI 1298845 1.000000
1298845 RZ3PI 1298846 1.000000
1298845 RZPIHalf 1298887 1.000000
1298845 S 1298889 1.000000
1298845 X 1298848 0.999536
1298845 X 1298849 0.000069
1298845 X 1298845 0.000044
1298845 X 1298846 0.000044
1298846 SX 1298852 0.999536
1298846 SX 1298832 0.000069
1298846 SX 1298831 0.000307
1298846 SX 1298870 0.000044
1298846 SX 1298869 0.000044
1298846 RZPI 1298846 1.000000
1298846 RZ3PI 1298845 1.000000
1298846 RZPIHalf 1298889 1.000000
1298846 S 1298887 1.000000
1298846 X 1298849 0.999536
1298846 X 1298848 0.000069
1298846 X 1298846 0.000044
1298846 X 1298845 0.000044
1298848 SX 1298832 0.999536
1298848 SX 1298852 0.000069
1298848 SX 1298831 0.000307
1298848 SX 1298869 0.000044
1298848 SX 1298870 0.000044
1298848 RZPI 1298848 1.000000
1298848 RZ3PI 1298849 1.000000
1298848 RZPIHalf 1298977 1.000000
1298848 S 1298979 1.000000
1298848 X 1298845 0.999536
1298848 X 1298846 0.000069
1298848 X 1298848 0.000044
1298848 X 1298849 0.000044
1298849 SX 1298870 0.999536
1298849 SX 1298869 0.000069
1298849 SX 1298852 0.000044
1298849 SX 1298832 0.000044
1298849 SX 1298831 0.000000
1298849 RZPI 1298849 1.000000
1298849 RZ3PI 1298848 1.000000
1298849 RZPIHalf 1298979 1.000000
1298849 S 1298977 1.000000
1298849 X 1298846 0.999536
1298849 X 1298845 0.000069
1298849 X 1298849 0.000044
1298849 X 1298848 0.000044
1298852 SX 1298849 0.999536
1298852 SX 1298848 0.000069
1298852 SX 1298846 0.000044
1298852 SX 1298845 0.000044
1298852 RZPI 1298852 1.000000
1298852 RZ3PI 1298832 1.000000
1298852 RZPIHalf 1298856 1.000000
1298852 S 1298854 1.000000
1298852 X 1298870 0.999536
1298852 X 1298869 0.000069
1298852 X 1298852 0.000044
1298852 X 1298832 0.000044
1298852 X 1298831 0.000000
1298854 SX 1299060 0.999536
1298854 SX 1299061 0.000069
1298854 SX 1299063 0.000044
1298854 SX 1299064 0.000044
1298854 RZPI 1298854 1.000000
1298854 RZ3PI 1298856 1.000000
1298854 RZPIHalf 1298852 1.000000
1298854 S 1298832 1.000000
1298854 X 1299082 0.999536
1298854 X 1299083 0.000069
1298854 X 1298854 0.000044
1298854 X 1298856 0.000044
1298854 X 1298831 0.000000
1298856 SX 1299064 0.999536
1298856 SX 1299063 0.000069
1298856 SX 1299061 0.000044
1298856 SX 1299060 0.000044
1298856 RZPI 1298856 1.000000
1298856 RZ3PI 1298854 1.000000
1298856 RZPIHalf 1298832 1.000000
1298856 S 1298852 1.000000
1298856 X 1299083 0.999536
1298856 X 1299082 0.000069
1298856 X 1298831 0.000307
1298856 X 1298856 0.000044
1298856 X 1298854 0.000044
1298869 SX 1298848 0.999536
1298869 SX 1298849 0.000069
1298869 SX 1298845 0.000044
1298869 SX 1298846 0.000044
1298869 RZPI 1298869 1.000000
1298869 RZ3PI 1298870 1.000000
1298869 RZPIHalf 1299083 1.000000
1298869 S 1299082 1.000000
1298869 X 1298832 0.999536
1298869 X 1298852 0.000069
1298869 X 1298831 0.000307
1298869 X 1298869 0.000044
1298869 X 1298870 0.000044
1298870 SX 1298846 0.999536
1298870 SX 1298845 0.000069
1298870 SX 1298849 0.000044
1298870 SX 1298848 0.000044
1298870 RZPI 1298870 1.000000
1298870 RZ3PI 1298869 1.000000
1298870 RZPIHalf 1299082 1.000000
1298870 S 1299083 1.000000
1298870 X 1298852 0.999536
1298870 X 1298832 0.000069
1298870 X 1298870 0.000044
1298870 X 1298869 0.000044
1298887 SX 1299242 0.999536
1298887 SX 1299243 0.000069
1298887 SX 1299244 0.000044
1298887 SX 1299245 0.000044
1298887 RZPI 1298887 1.000000
1298887 RZ3PI 1298889 1.000000
1298887 RZPIHalf 1298846 1.000000
1298887 S 1298845 1.000000
1298887 X 1298979 0.999536
1298887 X 1298977 0.000069
1298887 X 1298887 0.000044
1298887 X 1298889 0.000044
1298889 SX 1299245 0.999536
1298889 SX 1299244 0.000069
1298889 SX 1299243 0.000044
1298889 SX 1299242 0.000044
1298889 RZPI 1298889 1.000000
1298889 RZ3PI 1298887 1.000000
1298889 RZPIHalf 1298845 1.000000
1298889 S 1298846 1.000000
1298889 X 1298977 0.999536
1298889 X 1298979 0.000069
1298889 X 1298889 0.000044
1298889 X 1298887 0.000044
1298977 SX 1299243 0.999536
1298977 SX 1299242 0.000069
1298977 SX 1299245 0.000044
1298977 SX 1299244 0.000044
1298977 RZPI 1298977 1.000000
1298977 RZ3PI 1298979 1.000000
1298977 RZPIHalf 1298849 1.000000
1298977 S 1298848 1.000000
1298977 X 1298889 0.999536
1298977 X 1298887 0.000069
1298977 X 1298977 0.000044
1298977 X 1298979 0.000044
1298979 SX 1299244 0.999536
1298979 SX 1299245 0.000069
1298979 SX 1299242 0.000044
1298979 SX 1299243 0.000044
1298979 RZPI 1298979 1.000000
1298979 RZ3PI 1298977 1.000000
1298979 RZPIHalf 1298848 1.000000
1298979 S 1298849 1.000000
1298979 X 1298887 0.999536
1298979 X 1298889 0.000069
1298979 X 1298979 0.000044
1298979 X 1298977 0.000044
1299060 SX 1299082 0.999536
1299060 SX 1299083 0.000069
1299060 SX 1298854 0.000044
1299060 SX 1298856 0.000044
1299060 SX 1298831 0.000000
1299060 RZPI 1299060 1.000000
1299060 RZ3PI 1299061 1.000000
1299060 RZPIHalf 1299242 1.000000
1299060 S 1299243 1.000000
1299060 X 1299063 0.999536
1299060 X 1299064 0.000069
1299060 X 1299060 0.000044
1299060 X 1299061 0.000044
1299061 SX 1298856 0.999536
1299061 SX 1298854 0.000069
1299061 SX 1299083 0.000044
1299061 SX 1299082 0.000044
1299061 SX 1298831 0.000000
1299061 RZPI 1299061 1.000000
1299061 RZ3PI 1299060 1.000000
1299061 RZPIHalf 1299243 1.000000
1299061 S 1299242 1.000000
1299061 X 1299064 0.999536
1299061 X 1299063 0.000069
1299061 X 1299061 0.000044
1299061 X 1299060 0.000044
1299063 SX 1298854 0.999536
1299063 SX 1298856 0.000069
1299063 SX 1298831 0.000307
1299063 SX 1299082 0.000044
1299063 SX 1299083 0.000044
1299063 RZPI 1299063 1.000000
1299063 RZ3PI 1299064 1.000000
1299063 RZPIHalf 1299245 1.000000
1299063 S 1299244 1.000000
1299063 X 1299060 0.999536
1299063 X 1299061 0.000069
1299063 X 1299063 0.000044
1299063 X 1299064 0.000044
1299064 SX 1299083 0.999536
1299064 SX 1299082 0.000069
1299064 SX 1298856 0.000044
1299064 SX 1298854 0.000044
1299064 SX 1298831 0.000000
1299064 RZPI 1299064 1.000000
1299064 RZ3PI 1299063 1.000000
1299064 RZPIHalf 1299244 1.000000
1299064 S 1299245 1.000000
1299064 X 1299061 0.999536
1299064 X 1299060 0.000069
1299064 X 1299064 0.000044
1299064 X 1299063 0.000044
1299082 SX 1299063 0.999536
1299082 SX 1299064 0.000069
1299082 SX 1299060 0.000044
1299082 SX 1299061 0.000044
1299082 RZPI 1299082 1.000000
1299082 RZ3PI 1299083 1.000000
1299082 RZPIHalf 1298869 1.000000
1299082 S 1298870 1.000000
1299082 X 1298854 0.999536
1299082 X 1298856 0.000069
1299082 X 1299082 0.000044
1299082 X 1299083 0.000044
1299082 X 1298831 0.000000
1299083 SX 1299061 0.999536
1299083 SX 1299060 0.000069
1299083 SX 1299064 0.000044
1299083 SX 1299063 0.000044
1299083 RZPI 1299083 1.000000
1299083 RZ3PI 1299082 1.000000
1299083 RZPIHalf 1298870 1.000000
1299083 S 1298869 1.000000
1299083 X 1298856 0.999536
1299083 X 1298854 0.000069
1299083 X 1298831 0.000307
1299083 X 1299083 0.000044
1299083 X 1299082 0.000044
1299180 SX 1299198 0.999605
1299180 SX 1298831 0.000395
1299180 RZPI 1299180 1.000000
1299180 RZ3PI 1299181 1.000000
1299180 RZPIHalf 1299708 1.000000
1299180 S 1299710 1.000000
1299180 X 1299181 0.999580
1299180 X 1299180 0.000113
1299180 X 1298831 0.000307
1299181 SX 1298831 0.999912
1299181 SX 1299198 0.000088
1299181 RZPI 1299181 1.000000
1299181 RZ3PI 1299180 1.000000
1299181 RZPIHalf 1299710 1.000000
1299181 S 1299708 1.000000
1299181 X 1299180 0.999580
1299181 X 1299181 0.000113
1299181 X 1298831 0.000307
1299198 SX 1299181 0.999580
1299198 SX 1299180 0.000113
1299198 SX 1298831 0.000307
1299198 RZPI 1299198 1.000000
1299198 RZ3PI 1299198 1.000000
1299198 RZPIHalf 1299198 1.000000
1299198 S 1299198 1.000000
1299198 X 1298831 0.999912
1299198 X 1299198 0.000088
1299242 SX 1298979 0.999536
1299242 SX 1298977 0.000069
1299242 SX 1298887 0.000044
1299242 SX 1298889 0.000044
1299242 RZPI 1299242 1.000000
1299242 RZ3PI 1299243 1.000000
1299242 RZPIHalf 1299061 1.000000
1299242 S 1299060 1.000000
1299242 X 1299244 0.999536
1299242 X 1299245 0.000069
1299242 X 1299242 0.000044
1299242 X 1299243 0.000044
1299243 SX 1298889 0.999536
1299243 SX 1298887 0.000069
1299243 SX 1298977 0.000044
1299243 SX 1298979 0.000044
1299243 RZPI 1299243 1.000000
1299243 RZ3PI 1299242 1.000000
1299243 RZPIHalf 1299060 1.000000
1299243 S 1299061 1.000000
1299243 X 1299245 0.999536
1299243 X 1299244 0.000069
1299243 X 1299243 0.000044
1299243 X 1299242 0.000044
1299244 SX 1298887 0.999536
1299244 SX 1298889 0.000069
1299244 SX 1298979 0.000044
1299244 SX 1298977 0.000044
1299244 RZPI 1299244 1.000000
1299244 RZ3PI 1299245 1.000000
1299244 RZPIHalf 1299063 1.000000
1299244 S 1299064 1.000000
1299244 X 1299242 0.999536
1299244 X 1299243 0.000069
1299244 X 1299244 0.000044
1299244 X 1299245 0.000044
1299245 SX 1298977 0.999536
1299245 SX 1298979 0.000069
1299245 SX 1298889 0.000044
1299245 SX 1298887 0.000044
1299245 RZPI 1299245 1.000000
1299245 RZ3PI 1299244 1.000000
1299245 RZPIHalf 1299064 1.000000
1299245 S 1299063 1.000000
1299245 X 1299243 0.999536
1299245 X 1299242 0.000069
1299245 X 1299245 0.000044
1299245 X 1299244 0.000044
1299708 SX 1299708 0.999580
1299708 SX 1299710 0.000113
1299708 SX 1298831 0.000307
1299708 RZPI 1299708 1.000000
1299708 RZ3PI 1299710 1.000000
1299708 RZPIHalf 1299181 1.000000
1299708 S 1299180 1.000000
1299708 X 1299708 0.999580
1299708 X 1299710 0.000113
1299708 X 1298831 0.000307
1299710 SX 1299710 0.999580
1299710 SX 1299708 0.000113
1299710 SX 1298831 0.000307
1299710 RZPI 1299710 1.000000
1299710 RZ3PI 1299708 1.000000
1299710 RZPIHalf 1299180 1.000000
1299710 S 1299181 1.000000
1299710 X 1299710 0.999580
1299710 X 1299708 0.000113
1299710 X 1298831 0.000307
ENDPOMDP
