BEGINPOMDP
INITIALSTATE: 1
STATES: 1,2,261,262,264,265,15,16,18,19,147,149,23,25,1050,27,283,284,412,413,1052,40,41,430,58,443,60,444,445,446
REWARDS: 1:0,2:0,261:0,262:0,264:0,265:0,15:0,16:0,18:0,19:0,147:0,149:0,23:0,25:0,1050:0,27:0,283:0,284:0,412:0,413:0,1052:0,40:0,41:1,430:0,58:0,443:0,60:0,444:0,445:0,446:0
GAMMA: 1:0,2:0,261:0,262:0,264:0,265:0,15:0,16:0,18:0,19:0,147:0,149:0,23:0,25:0,1050:0,27:0,283:0,284:0,412:0,413:0,1052:0,40:0,41:0,430:0,58:0,443:0,60:0,444:0,445:0,446:0
BEGINACTIONS
SX
RZPI
RZ3PI
RZPIHalf
S
X
ENDACTIONS
1 INIT_ 2 1.000000
1 SX 412 0.999204
1 SX 413 0.000413
1 SX 1 0.000383
1 RZPI 1 1.000000
1 RZ3PI 1 1.000000
1 RZPIHalf 1 1.000000
1 S 1 1.000000
1 X 430 0.999499
1 X 1 0.000501
2 SX 15 0.999145
2 SX 16 0.000354
2 SX 18 0.000059
2 SX 19 0.000059
2 RZPI 2 1.000000
2 RZ3PI 23 1.000000
2 RZPIHalf 25 1.000000
2 S 27 1.000000
2 X 40 0.999145
2 X 41 0.000354
2 X 2 0.000059
2 X 23 0.000059
2 X 1 0.000000
15 SX 40 0.999145
15 SX 41 0.000354
15 SX 2 0.000059
15 SX 23 0.000059
15 SX 1 0.000000
15 RZPI 15 1.000000
15 RZ3PI 16 1.000000
15 RZPIHalf 58 1.000000
15 S 60 1.000000
15 X 18 0.999145
15 X 19 0.000354
15 X 15 0.000059
15 X 16 0.000059
16 SX 23 0.999145
16 SX 2 0.000354
16 SX 41 0.000059
16 SX 40 0.000059
16 SX 1 0.000000
16 RZPI 16 1.000000
16 RZ3PI 15 1.000000
16 RZPIHalf 60 1.000000
16 S 58 1.000000
16 X 19 0.999145
16 X 18 0.000354
16 X 16 0.000059
16 X 15 0.000059
18 SX 2 0.999145
18 SX 23 0.000354
18 SX 40 0.000059
18 SX 41 0.000059
18 SX 1 0.000000
18 RZPI 18 1.000000
18 RZ3PI 19 1.000000
18 RZPIHalf 147 1.000000
18 S 149 1.000000
18 X 15 0.999145
18 X 16 0.000354
18 X 18 0.000059
18 X 19 0.000059
19 SX 41 0.999145
19 SX 40 0.000354
19 SX 1 0.000383
19 SX 23 0.000059
19 SX 2 0.000059
19 RZPI 19 1.000000
19 RZ3PI 18 1.000000
19 RZPIHalf 149 1.000000
19 S 147 1.000000
19 X 16 0.999145
19 X 15 0.000354
19 X 19 0.000059
19 X 18 0.000059
23 SX 19 0.999145
23 SX 18 0.000354
23 SX 16 0.000059
23 SX 15 0.000059
23 RZPI 23 1.000000
23 RZ3PI 2 1.000000
23 RZPIHalf 27 1.000000
23 S 25 1.000000
23 X 41 0.999145
23 X 40 0.000354
23 X 23 0.000059
23 X 2 0.000059
23 X 1 0.000000
25 SX 261 0.999145
25 SX 262 0.000354
25 SX 264 0.000059
25 SX 265 0.000059
25 RZPI 25 1.000000
25 RZ3PI 27 1.000000
25 RZPIHalf 23 1.000000
25 S 2 1.000000
25 X 283 0.999145
25 X 284 0.000354
25 X 1 0.000383
25 X 25 0.000059
25 X 27 0.000059
27 SX 265 0.999145
27 SX 264 0.000354
27 SX 262 0.000059
27 SX 261 0.000059
27 RZPI 27 1.000000
27 RZ3PI 25 1.000000
27 RZPIHalf 2 1.000000
27 S 23 1.000000
27 X 284 0.999145
27 X 283 0.000354
27 X 27 0.000059
27 X 25 0.000059
27 X 1 0.000000
40 SX 18 0.999145
40 SX 19 0.000354
40 SX 15 0.000059
40 SX 16 0.000059
40 RZPI 40 1.000000
40 RZ3PI 41 1.000000
40 RZPIHalf 284 1.000000
40 S 283 1.000000
40 X 2 0.999145
40 X 23 0.000354
40 X 40 0.000059
40 X 41 0.000059
40 X 1 0.000000
41 SX 16 0.999145
41 SX 15 0.000354
41 SX 19 0.000059
41 SX 18 0.000059
41 RZPI 41 1.000000
41 RZ3PI 40 1.000000
41 RZPIHalf 283 1.000000
41 S 284 1.000000
41 X 23 0.999145
41 X 2 0.000354
41 X 1 0.000383
41 X 41 0.000059
41 X 40 0.000059
58 SX 443 0.999145
58 SX 444 0.000354
58 SX 445 0.000059
58 SX 446 0.000059
58 RZPI 58 1.000000
58 RZ3PI 60 1.000000
58 RZPIHalf 16 1.000000
58 S 15 1.000000
58 X 149 0.999145
58 X 147 0.000354
58 X 58 0.000059
58 X 60 0.000059
60 SX 446 0.999145
60 SX 445 0.000354
60 SX 444 0.000059
60 SX 443 0.000059
60 RZPI 60 1.000000
60 RZ3PI 58 1.000000
60 RZPIHalf 15 1.000000
60 S 16 1.000000
60 X 147 0.999145
60 X 149 0.000354
60 X 60 0.000059
60 X 58 0.000059
147 SX 444 0.999145
147 SX 443 0.000354
147 SX 446 0.000059
147 SX 445 0.000059
147 RZPI 147 1.000000
147 RZ3PI 149 1.000000
147 RZPIHalf 19 1.000000
147 S 18 1.000000
147 X 60 0.999145
147 X 58 0.000354
147 X 147 0.000059
147 X 149 0.000059
149 SX 445 0.999145
149 SX 446 0.000354
149 SX 443 0.000059
149 SX 444 0.000059
149 RZPI 149 1.000000
149 RZ3PI 147 1.000000
149 RZPIHalf 18 1.000000
149 S 19 1.000000
149 X 58 0.999145
149 X 60 0.000354
149 X 149 0.000059
149 X 147 0.000059
261 SX 283 0.999145
261 SX 284 0.000354
261 SX 25 0.000059
261 SX 27 0.000059
261 SX 1 0.000000
261 RZPI 261 1.000000
261 RZ3PI 262 1.000000
261 RZPIHalf 443 1.000000
261 S 444 1.000000
261 X 264 0.999145
261 X 265 0.000354
261 X 261 0.000059
261 X 262 0.000059
262 SX 27 0.999145
262 SX 25 0.000354
262 SX 1 0.000383
262 SX 284 0.000059
262 SX 283 0.000059
262 RZPI 262 1.000000
262 RZ3PI 261 1.000000
262 RZPIHalf 444 1.000000
262 S 443 1.000000
262 X 265 0.999145
262 X 264 0.000354
262 X 262 0.000059
262 X 261 0.000059
264 SX 25 0.999145
264 SX 27 0.000354
264 SX 283 0.000059
264 SX 284 0.000059
264 RZPI 264 1.000000
264 RZ3PI 265 1.000000
264 RZPIHalf 446 1.000000
264 S 445 1.000000
264 X 261 0.999145
264 X 262 0.000354
264 X 264 0.000059
264 X 265 0.000059
265 SX 284 0.999145
265 SX 283 0.000354
265 SX 1 0.000383
265 SX 27 0.000059
265 SX 25 0.000059
265 RZPI 265 1.000000
265 RZ3PI 264 1.000000
265 RZPIHalf 445 1.000000
265 S 446 1.000000
265 X 262 0.999145
265 X 261 0.000354
265 X 265 0.000059
265 X 264 0.000059
283 SX 264 0.999145
283 SX 265 0.000354
283 SX 261 0.000059
283 SX 262 0.000059
283 RZPI 283 1.000000
283 RZ3PI 284 1.000000
283 RZPIHalf 40 1.000000
283 S 41 1.000000
283 X 25 0.999145
283 X 27 0.000354
283 X 1 0.000383
283 X 283 0.000059
283 X 284 0.000059
284 SX 262 0.999145
284 SX 261 0.000354
284 SX 265 0.000059
284 SX 264 0.000059
284 RZPI 284 1.000000
284 RZ3PI 283 1.000000
284 RZPIHalf 41 1.000000
284 S 40 1.000000
284 X 27 0.999145
284 X 25 0.000354
284 X 1 0.000383
284 X 284 0.000059
284 X 283 0.000059
412 SX 430 0.999499
412 SX 1 0.000501
412 RZPI 412 1.000000
412 RZ3PI 413 1.000000
412 RZPIHalf 1050 1.000000
412 S 1052 1.000000
412 X 413 0.999204
412 X 412 0.000413
412 X 1 0.000383
413 SX 1 0.999882
413 SX 430 0.000118
413 RZPI 413 1.000000
413 RZ3PI 412 1.000000
413 RZPIHalf 1052 1.000000
413 S 1050 1.000000
413 X 412 0.999204
413 X 413 0.000413
413 X 1 0.000383
430 SX 413 0.999204
430 SX 412 0.000413
430 SX 1 0.000383
430 RZPI 430 1.000000
430 RZ3PI 430 1.000000
430 RZPIHalf 430 1.000000
430 S 430 1.000000
430 X 1 0.999882
430 X 430 0.000118
443 SX 149 0.999145
443 SX 147 0.000354
443 SX 58 0.000059
443 SX 60 0.000059
443 RZPI 443 1.000000
443 RZ3PI 444 1.000000
443 RZPIHalf 262 1.000000
443 S 261 1.000000
443 X 445 0.999145
443 X 446 0.000354
443 X 443 0.000059
443 X 444 0.000059
444 SX 60 0.999145
444 SX 58 0.000354
444 SX 147 0.000059
444 SX 149 0.000059
444 RZPI 444 1.000000
444 RZ3PI 443 1.000000
444 RZPIHalf 261 1.000000
444 S 262 1.000000
444 X 446 0.999145
444 X 445 0.000354
444 X 444 0.000059
444 X 443 0.000059
445 SX 58 0.999145
445 SX 60 0.000354
445 SX 149 0.000059
445 SX 147 0.000059
445 RZPI 445 1.000000
445 RZ3PI 446 1.000000
445 RZPIHalf 264 1.000000
445 S 265 1.000000
445 X 443 0.999145
445 X 444 0.000354
445 X 445 0.000059
445 X 446 0.000059
446 SX 147 0.999145
446 SX 149 0.000354
446 SX 60 0.000059
446 SX 58 0.000059
446 RZPI 446 1.000000
446 RZ3PI 445 1.000000
446 RZPIHalf 265 1.000000
446 S 264 1.000000
446 X 444 0.999145
446 X 443 0.000354
446 X 446 0.000059
446 X 445 0.000059
1050 SX 1050 0.999204
1050 SX 1052 0.000413
1050 SX 1 0.000383
1050 RZPI 1050 1.000000
1050 RZ3PI 1052 1.000000
1050 RZPIHalf 413 1.000000
1050 S 412 1.000000
1050 X 1050 0.999204
1050 X 1052 0.000413
1050 X 1 0.000383
1052 SX 1052 0.999204
1052 SX 1050 0.000413
1052 SX 1 0.000383
1052 RZPI 1052 1.000000
1052 RZ3PI 1050 1.000000
1052 RZPIHalf 412 1.000000
1052 S 413 1.000000
1052 X 1052 0.999204
1052 X 1050 0.000413
1052 X 1 0.000383
ENDPOMDP
