BEGINPOMDP
INITIALSTATE: 1192983
STATES: 1193363,1193364,1192983,1192984,1193243,1193244,1193246,1193247,1192997,1192998,1193381,1193000,1193001,1193129,1193131,1193005,1193007,1193265,1193266,1193009,1193022,1193023,1193040,1193425,1193042,1193426,1193427,1193428,1193946,1193948
REWARDS: 1193363:0,1193364:0,1192983:0,1192984:0,1193243:0,1193244:0,1193246:0,1193247:0,1192997:0,1192998:0,1193381:0,1193000:0,1193001:0,1193129:0,1193131:0,1193005:0,1193007:0,1193265:0,1193266:0,1193009:0,1193022:0,1193023:1,1193040:0,1193425:0,1193042:0,1193426:0,1193427:0,1193428:0,1193946:0,1193948:0
GAMMA: 1193363:0,1193364:0,1192983:0,1192984:0,1193243:0,1193244:0,1193246:0,1193247:0,1192997:0,1192998:0,1193381:0,1193000:0,1193001:0,1193129:0,1193131:0,1193005:0,1193007:0,1193265:0,1193266:0,1193009:0,1193022:0,1193023:0,1193040:0,1193425:0,1193042:0,1193426:0,1193427:0,1193428:0,1193946:0,1193948:0
BEGINACTIONS
SX
RZPI
RZ3PI
RZPIHalf
S
X
ENDACTIONS
1192983 INIT_ 1192984 1.000000
1192983 SX 1193363 0.996717
1192983 SX 1193364 0.002779
1192983 SX 1192983 0.000504
1192983 RZPI 1192983 1.000000
1192983 RZ3PI 1192983 1.000000
1192983 RZPIHalf 1192983 1.000000
1192983 S 1192983 1.000000
1192983 X 1193381 0.997817
1192983 X 1192983 0.002183
1192984 SX 1192997 0.995877
1192984 SX 1192998 0.001939
1192984 SX 1193000 0.000840
1192984 SX 1193001 0.000840
1192984 RZPI 1192984 1.000000
1192984 RZ3PI 1193005 1.000000
1192984 RZPIHalf 1193007 1.000000
1192984 S 1193009 1.000000
1192984 X 1193022 0.995877
1192984 X 1193023 0.001939
1192984 X 1192983 0.000504
1192984 X 1192984 0.000840
1192984 X 1193005 0.000840
1192997 SX 1193022 0.995877
1192997 SX 1193023 0.001939
1192997 SX 1192984 0.000840
1192997 SX 1193005 0.000840
1192997 SX 1192983 0.000001
1192997 RZPI 1192997 1.000000
1192997 RZ3PI 1192998 1.000000
1192997 RZPIHalf 1193040 1.000000
1192997 S 1193042 1.000000
1192997 X 1193000 0.995877
1192997 X 1193001 0.001939
1192997 X 1192997 0.000840
1192997 X 1192998 0.000840
1192998 SX 1193005 0.995877
1192998 SX 1192984 0.001939
1192998 SX 1193023 0.000840
1192998 SX 1193022 0.000840
1192998 SX 1192983 0.000000
1192998 RZPI 1192998 1.000000
1192998 RZ3PI 1192997 1.000000
1192998 RZPIHalf 1193042 1.000000
1192998 S 1193040 1.000000
1192998 X 1193001 0.995877
1192998 X 1193000 0.001939
1192998 X 1192998 0.000840
1192998 X 1192997 0.000840
1193000 SX 1192984 0.995877
1193000 SX 1193005 0.001939
1193000 SX 1192983 0.000503
1193000 SX 1193022 0.000840
1193000 SX 1193023 0.000840
1193000 RZPI 1193000 1.000000
1193000 RZ3PI 1193001 1.000000
1193000 RZPIHalf 1193129 1.000000
1193000 S 1193131 1.000000
1193000 X 1192997 0.995877
1193000 X 1192998 0.001939
1193000 X 1193000 0.000840
1193000 X 1193001 0.000840
1193001 SX 1193023 0.995877
1193001 SX 1193022 0.001939
1193001 SX 1193005 0.000840
1193001 SX 1192984 0.000840
1193001 SX 1192983 0.000000
1193001 RZPI 1193001 1.000000
1193001 RZ3PI 1193000 1.000000
1193001 RZPIHalf 1193131 1.000000
1193001 S 1193129 1.000000
1193001 X 1192998 0.995877
1193001 X 1192997 0.001939
1193001 X 1193001 0.000840
1193001 X 1193000 0.000840
1193005 SX 1193001 0.995877
1193005 SX 1193000 0.001939
1193005 SX 1192998 0.000840
1193005 SX 1192997 0.000840
1193005 RZPI 1193005 1.000000
1193005 RZ3PI 1192984 1.000000
1193005 RZPIHalf 1193009 1.000000
1193005 S 1193007 1.000000
1193005 X 1193023 0.995877
1193005 X 1193022 0.001939
1193005 X 1193005 0.000840
1193005 X 1192984 0.000840
1193005 X 1192983 0.000000
1193007 SX 1193243 0.995877
1193007 SX 1193244 0.001939
1193007 SX 1193246 0.000840
1193007 SX 1193247 0.000840
1193007 RZPI 1193007 1.000000
1193007 RZ3PI 1193009 1.000000
1193007 RZPIHalf 1193005 1.000000
1193007 S 1192984 1.000000
1193007 X 1193265 0.995877
1193007 X 1193266 0.001939
1193007 X 1193007 0.000840
1193007 X 1193009 0.000840
1193007 X 1192983 0.000000
1193009 SX 1193247 0.995877
1193009 SX 1193246 0.001939
1193009 SX 1193244 0.000840
1193009 SX 1193243 0.000840
1193009 RZPI 1193009 1.000000
1193009 RZ3PI 1193007 1.000000
1193009 RZPIHalf 1192984 1.000000
1193009 S 1193005 1.000000
1193009 X 1193266 0.995877
1193009 X 1193265 0.001939
1193009 X 1193009 0.000840
1193009 X 1193007 0.000840
1193009 X 1192983 0.000001
1193022 SX 1193000 0.995877
1193022 SX 1193001 0.001939
1193022 SX 1192997 0.000840
1193022 SX 1192998 0.000840
1193022 RZPI 1193022 1.000000
1193022 RZ3PI 1193023 1.000000
1193022 RZPIHalf 1193266 1.000000
1193022 S 1193265 1.000000
1193022 X 1192984 0.995877
1193022 X 1193005 0.001939
1193022 X 1192983 0.000503
1193022 X 1193022 0.000840
1193022 X 1193023 0.000840
1193023 SX 1192998 0.995877
1193023 SX 1192997 0.001939
1193023 SX 1193001 0.000840
1193023 SX 1193000 0.000840
1193023 RZPI 1193023 1.000000
1193023 RZ3PI 1193022 1.000000
1193023 RZPIHalf 1193265 1.000000
1193023 S 1193266 1.000000
1193023 X 1193005 0.995877
1193023 X 1192984 0.001939
1193023 X 1193023 0.000840
1193023 X 1193022 0.000840
1193023 X 1192983 0.000000
1193040 SX 1193425 0.995877
1193040 SX 1193426 0.001939
1193040 SX 1193427 0.000840
1193040 SX 1193428 0.000840
1193040 RZPI 1193040 1.000000
1193040 RZ3PI 1193042 1.000000
1193040 RZPIHalf 1192998 1.000000
1193040 S 1192997 1.000000
1193040 X 1193131 0.995877
1193040 X 1193129 0.001939
1193040 X 1193040 0.000840
1193040 X 1193042 0.000840
1193042 SX 1193428 0.995877
1193042 SX 1193427 0.001939
1193042 SX 1193426 0.000840
1193042 SX 1193425 0.000840
1193042 RZPI 1193042 1.000000
1193042 RZ3PI 1193040 1.000000
1193042 RZPIHalf 1192997 1.000000
1193042 S 1192998 1.000000
1193042 X 1193129 0.995877
1193042 X 1193131 0.001939
1193042 X 1193042 0.000840
1193042 X 1193040 0.000840
1193129 SX 1193426 0.995877
1193129 SX 1193425 0.001939
1193129 SX 1193428 0.000840
1193129 SX 1193427 0.000840
1193129 RZPI 1193129 1.000000
1193129 RZ3PI 1193131 1.000000
1193129 RZPIHalf 1193001 1.000000
1193129 S 1193000 1.000000
1193129 X 1193042 0.995877
1193129 X 1193040 0.001939
1193129 X 1193129 0.000840
1193129 X 1193131 0.000840
1193131 SX 1193427 0.995877
1193131 SX 1193428 0.001939
1193131 SX 1193425 0.000840
1193131 SX 1193426 0.000840
1193131 RZPI 1193131 1.000000
1193131 RZ3PI 1193129 1.000000
1193131 RZPIHalf 1193000 1.000000
1193131 S 1193001 1.000000
1193131 X 1193040 0.995877
1193131 X 1193042 0.001939
1193131 X 1193131 0.000840
1193131 X 1193129 0.000840
1193243 SX 1193265 0.995877
1193243 SX 1193266 0.001939
1193243 SX 1192983 0.000503
1193243 SX 1193007 0.000840
1193243 SX 1193009 0.000840
1193243 RZPI 1193243 1.000000
1193243 RZ3PI 1193244 1.000000
1193243 RZPIHalf 1193425 1.000000
1193243 S 1193426 1.000000
1193243 X 1193246 0.995877
1193243 X 1193247 0.001939
1193243 X 1193243 0.000840
1193243 X 1193244 0.000840
1193244 SX 1193009 0.995877
1193244 SX 1193007 0.001939
1193244 SX 1192983 0.000504
1193244 SX 1193266 0.000840
1193244 SX 1193265 0.000840
1193244 RZPI 1193244 1.000000
1193244 RZ3PI 1193243 1.000000
1193244 RZPIHalf 1193426 1.000000
1193244 S 1193425 1.000000
1193244 X 1193247 0.995877
1193244 X 1193246 0.001939
1193244 X 1193244 0.000840
1193244 X 1193243 0.000840
1193246 SX 1193007 0.995877
1193246 SX 1193009 0.001939
1193246 SX 1192983 0.000503
1193246 SX 1193265 0.000840
1193246 SX 1193266 0.000840
1193246 RZPI 1193246 1.000000
1193246 RZ3PI 1193247 1.000000
1193246 RZPIHalf 1193428 1.000000
1193246 S 1193427 1.000000
1193246 X 1193243 0.995877
1193246 X 1193244 0.001939
1193246 X 1193246 0.000840
1193246 X 1193247 0.000840
1193247 SX 1193266 0.995877
1193247 SX 1193265 0.001939
1193247 SX 1192983 0.000504
1193247 SX 1193009 0.000840
1193247 SX 1193007 0.000840
1193247 RZPI 1193247 1.000000
1193247 RZ3PI 1193246 1.000000
1193247 RZPIHalf 1193427 1.000000
1193247 S 1193428 1.000000
1193247 X 1193244 0.995877
1193247 X 1193243 0.001939
1193247 X 1193247 0.000840
1193247 X 1193246 0.000840
1193265 SX 1193246 0.995877
1193265 SX 1193247 0.001939
1193265 SX 1193243 0.000840
1193265 SX 1193244 0.000840
1193265 RZPI 1193265 1.000000
1193265 RZ3PI 1193266 1.000000
1193265 RZPIHalf 1193022 1.000000
1193265 S 1193023 1.000000
1193265 X 1193007 0.995877
1193265 X 1193009 0.001939
1193265 X 1192983 0.000503
1193265 X 1193265 0.000840
1193265 X 1193266 0.000840
1193266 SX 1193244 0.995877
1193266 SX 1193243 0.001939
1193266 SX 1193247 0.000840
1193266 SX 1193246 0.000840
1193266 RZPI 1193266 1.000000
1193266 RZ3PI 1193265 1.000000
1193266 RZPIHalf 1193023 1.000000
1193266 S 1193022 1.000000
1193266 X 1193009 0.995877
1193266 X 1193007 0.001939
1193266 X 1192983 0.000503
1193266 X 1193266 0.000840
1193266 X 1193265 0.000840
1193363 SX 1193381 0.997817
1193363 SX 1192983 0.002183
1193363 RZPI 1193363 1.000000
1193363 RZ3PI 1193364 1.000000
1193363 RZPIHalf 1193946 1.000000
1193363 S 1193948 1.000000
1193363 X 1193364 0.996717
1193363 X 1193363 0.002779
1193363 X 1192983 0.000504
1193364 SX 1192983 0.998320
1193364 SX 1193381 0.001680
1193364 RZPI 1193364 1.000000
1193364 RZ3PI 1193363 1.000000
1193364 RZPIHalf 1193948 1.000000
1193364 S 1193946 1.000000
1193364 X 1193363 0.996717
1193364 X 1193364 0.002779
1193364 X 1192983 0.000504
1193381 SX 1193364 0.996717
1193381 SX 1193363 0.002779
1193381 SX 1192983 0.000504
1193381 RZPI 1193381 1.000000
1193381 RZ3PI 1193381 1.000000
1193381 RZPIHalf 1193381 1.000000
1193381 S 1193381 1.000000
1193381 X 1192983 0.998320
1193381 X 1193381 0.001680
1193425 SX 1193131 0.995877
1193425 SX 1193129 0.001939
1193425 SX 1193040 0.000840
1193425 SX 1193042 0.000840
1193425 RZPI 1193425 1.000000
1193425 RZ3PI 1193426 1.000000
1193425 RZPIHalf 1193244 1.000000
1193425 S 1193243 1.000000
1193425 X 1193427 0.995877
1193425 X 1193428 0.001939
1193425 X 1193425 0.000840
1193425 X 1193426 0.000840
1193426 SX 1193042 0.995877
1193426 SX 1193040 0.001939
1193426 SX 1193129 0.000840
1193426 SX 1193131 0.000840
1193426 RZPI 1193426 1.000000
1193426 RZ3PI 1193425 1.000000
1193426 RZPIHalf 1193243 1.000000
1193426 S 1193244 1.000000
1193426 X 1193428 0.995877
1193426 X 1193427 0.001939
1193426 X 1193426 0.000840
1193426 X 1193425 0.000840
1193427 SX 1193040 0.995877
1193427 SX 1193042 0.001939
1193427 SX 1193131 0.000840
1193427 SX 1193129 0.000840
1193427 RZPI 1193427 1.000000
1193427 RZ3PI 1193428 1.000000
1193427 RZPIHalf 1193246 1.000000
1193427 S 1193247 1.000000
1193427 X 1193425 0.995877
1193427 X 1193426 0.001939
1193427 X 1193427 0.000840
1193427 X 1193428 0.000840
1193428 SX 1193129 0.995877
1193428 SX 1193131 0.001939
1193428 SX 1193042 0.000840
1193428 SX 1193040 0.000840
1193428 RZPI 1193428 1.000000
1193428 RZ3PI 1193427 1.000000
1193428 RZPIHalf 1193247 1.000000
1193428 S 1193246 1.000000
1193428 X 1193426 0.995877
1193428 X 1193425 0.001939
1193428 X 1193428 0.000840
1193428 X 1193427 0.000840
1193946 SX 1193946 0.996717
1193946 SX 1193948 0.002779
1193946 SX 1192983 0.000504
1193946 RZPI 1193946 1.000000
1193946 RZ3PI 1193948 1.000000
1193946 RZPIHalf 1193364 1.000000
1193946 S 1193363 1.000000
1193946 X 1193946 0.996717
1193946 X 1193948 0.002779
1193946 X 1192983 0.000504
1193948 SX 1193948 0.996717
1193948 SX 1193946 0.002779
1193948 SX 1192983 0.000504
1193948 RZPI 1193948 1.000000
1193948 RZ3PI 1193946 1.000000
1193948 RZPIHalf 1193363 1.000000
1193948 S 1193364 1.000000
1193948 X 1193948 0.996717
1193948 X 1193946 0.002779
1193948 X 1192983 0.000504
ENDPOMDP
