BEGINPOMDP
INITIALSTATE: 1188183
STATES: 1188612,1188240,1188625,1188242,1188626,1188627,1188628,1188183,1188184,1188443,1188444,1188446,1188447,1188197,1188198,1188200,1188201,1188329,1188331,1188205,1188207,1189232,1188465,1188466,1188209,1188594,1188595,1189234,1188222,1188223
REWARDS: 1188612:0,1188240:0,1188625:0,1188242:0,1188626:0,1188627:0,1188628:0,1188183:0,1188184:0,1188443:0,1188444:0,1188446:0,1188447:0,1188197:0,1188198:0,1188200:0,1188201:0,1188329:0,1188331:0,1188205:0,1188207:0,1189232:0,1188465:0,1188466:0,1188209:0,1188594:0,1188595:0,1189234:0,1188222:0,1188223:1
GAMMA: 1188612:0,1188240:0,1188625:0,1188242:0,1188626:0,1188627:0,1188628:0,1188183:0,1188184:0,1188443:0,1188444:0,1188446:0,1188447:0,1188197:0,1188198:0,1188200:0,1188201:0,1188329:0,1188331:0,1188205:0,1188207:0,1189232:0,1188465:0,1188466:0,1188209:0,1188594:0,1188595:0,1189234:0,1188222:0,1188223:0
BEGINACTIONS
SX
RZPI
RZ3PI
RZPIHalf
S
X
ENDACTIONS
1188183 INIT_ 1188184 1.000000
1188183 SX 1188594 0.998944
1188183 SX 1188595 0.000832
1188183 SX 1188183 0.000224
1188183 RZPI 1188183 1.000000
1188183 RZ3PI 1188183 1.000000
1188183 RZPIHalf 1188183 1.000000
1188183 S 1188183 1.000000
1188183 X 1188612 0.999538
1188183 X 1188183 0.000462
1188184 SX 1188197 0.998825
1188184 SX 1188198 0.000713
1188184 SX 1188200 0.000119
1188184 SX 1188201 0.000119
1188184 RZPI 1188184 1.000000
1188184 RZ3PI 1188205 1.000000
1188184 RZPIHalf 1188207 1.000000
1188184 S 1188209 1.000000
1188184 X 1188222 0.998825
1188184 X 1188223 0.000713
1188184 X 1188184 0.000119
1188184 X 1188205 0.000119
1188184 X 1188183 0.000000
1188197 SX 1188222 0.998825
1188197 SX 1188223 0.000713
1188197 SX 1188183 0.000224
1188197 SX 1188184 0.000119
1188197 SX 1188205 0.000119
1188197 RZPI 1188197 1.000000
1188197 RZ3PI 1188198 1.000000
1188197 RZPIHalf 1188240 1.000000
1188197 S 1188242 1.000000
1188197 X 1188200 0.998825
1188197 X 1188201 0.000713
1188197 X 1188197 0.000119
1188197 X 1188198 0.000119
1188198 SX 1188205 0.998825
1188198 SX 1188184 0.000713
1188198 SX 1188183 0.000224
1188198 SX 1188223 0.000119
1188198 SX 1188222 0.000119
1188198 RZPI 1188198 1.000000
1188198 RZ3PI 1188197 1.000000
1188198 RZPIHalf 1188242 1.000000
1188198 S 1188240 1.000000
1188198 X 1188201 0.998825
1188198 X 1188200 0.000713
1188198 X 1188198 0.000119
1188198 X 1188197 0.000119
1188200 SX 1188184 0.998825
1188200 SX 1188205 0.000713
1188200 SX 1188222 0.000119
1188200 SX 1188223 0.000119
1188200 SX 1188183 0.000000
1188200 RZPI 1188200 1.000000
1188200 RZ3PI 1188201 1.000000
1188200 RZPIHalf 1188329 1.000000
1188200 S 1188331 1.000000
1188200 X 1188197 0.998825
1188200 X 1188198 0.000713
1188200 X 1188200 0.000119
1188200 X 1188201 0.000119
1188201 SX 1188223 0.998825
1188201 SX 1188222 0.000713
1188201 SX 1188183 0.000224
1188201 SX 1188205 0.000119
1188201 SX 1188184 0.000119
1188201 RZPI 1188201 1.000000
1188201 RZ3PI 1188200 1.000000
1188201 RZPIHalf 1188331 1.000000
1188201 S 1188329 1.000000
1188201 X 1188198 0.998825
1188201 X 1188197 0.000713
1188201 X 1188201 0.000119
1188201 X 1188200 0.000119
1188205 SX 1188201 0.998825
1188205 SX 1188200 0.000713
1188205 SX 1188198 0.000119
1188205 SX 1188197 0.000119
1188205 RZPI 1188205 1.000000
1188205 RZ3PI 1188184 1.000000
1188205 RZPIHalf 1188209 1.000000
1188205 S 1188207 1.000000
1188205 X 1188223 0.998825
1188205 X 1188222 0.000713
1188205 X 1188205 0.000119
1188205 X 1188184 0.000119
1188205 X 1188183 0.000000
1188207 SX 1188443 0.998825
1188207 SX 1188444 0.000713
1188207 SX 1188446 0.000119
1188207 SX 1188447 0.000119
1188207 RZPI 1188207 1.000000
1188207 RZ3PI 1188209 1.000000
1188207 RZPIHalf 1188205 1.000000
1188207 S 1188184 1.000000
1188207 X 1188465 0.998825
1188207 X 1188466 0.000713
1188207 X 1188183 0.000224
1188207 X 1188207 0.000119
1188207 X 1188209 0.000119
1188209 SX 1188447 0.998825
1188209 SX 1188446 0.000713
1188209 SX 1188444 0.000119
1188209 SX 1188443 0.000119
1188209 RZPI 1188209 1.000000
1188209 RZ3PI 1188207 1.000000
1188209 RZPIHalf 1188184 1.000000
1188209 S 1188205 1.000000
1188209 X 1188466 0.998825
1188209 X 1188465 0.000713
1188209 X 1188209 0.000119
1188209 X 1188207 0.000119
1188209 X 1188183 0.000000
1188222 SX 1188200 0.998825
1188222 SX 1188201 0.000713
1188222 SX 1188197 0.000119
1188222 SX 1188198 0.000119
1188222 RZPI 1188222 1.000000
1188222 RZ3PI 1188223 1.000000
1188222 RZPIHalf 1188466 1.000000
1188222 S 1188465 1.000000
1188222 X 1188184 0.998825
1188222 X 1188205 0.000713
1188222 X 1188222 0.000119
1188222 X 1188223 0.000119
1188222 X 1188183 0.000000
1188223 SX 1188198 0.998825
1188223 SX 1188197 0.000713
1188223 SX 1188201 0.000119
1188223 SX 1188200 0.000119
1188223 RZPI 1188223 1.000000
1188223 RZ3PI 1188222 1.000000
1188223 RZPIHalf 1188465 1.000000
1188223 S 1188466 1.000000
1188223 X 1188205 0.998825
1188223 X 1188184 0.000713
1188223 X 1188183 0.000224
1188223 X 1188223 0.000119
1188223 X 1188222 0.000119
1188240 SX 1188625 0.998825
1188240 SX 1188626 0.000713
1188240 SX 1188627 0.000119
1188240 SX 1188628 0.000119
1188240 RZPI 1188240 1.000000
1188240 RZ3PI 1188242 1.000000
1188240 RZPIHalf 1188198 1.000000
1188240 S 1188197 1.000000
1188240 X 1188331 0.998825
1188240 X 1188329 0.000713
1188240 X 1188240 0.000119
1188240 X 1188242 0.000119
1188242 SX 1188628 0.998825
1188242 SX 1188627 0.000713
1188242 SX 1188626 0.000119
1188242 SX 1188625 0.000119
1188242 RZPI 1188242 1.000000
1188242 RZ3PI 1188240 1.000000
1188242 RZPIHalf 1188197 1.000000
1188242 S 1188198 1.000000
1188242 X 1188329 0.998825
1188242 X 1188331 0.000713
1188242 X 1188242 0.000119
1188242 X 1188240 0.000119
1188329 SX 1188626 0.998825
1188329 SX 1188625 0.000713
1188329 SX 1188628 0.000119
1188329 SX 1188627 0.000119
1188329 RZPI 1188329 1.000000
1188329 RZ3PI 1188331 1.000000
1188329 RZPIHalf 1188201 1.000000
1188329 S 1188200 1.000000
1188329 X 1188242 0.998825
1188329 X 1188240 0.000713
1188329 X 1188329 0.000119
1188329 X 1188331 0.000119
1188331 SX 1188627 0.998825
1188331 SX 1188628 0.000713
1188331 SX 1188625 0.000119
1188331 SX 1188626 0.000119
1188331 RZPI 1188331 1.000000
1188331 RZ3PI 1188329 1.000000
1188331 RZPIHalf 1188200 1.000000
1188331 S 1188201 1.000000
1188331 X 1188240 0.998825
1188331 X 1188242 0.000713
1188331 X 1188331 0.000119
1188331 X 1188329 0.000119
1188443 SX 1188465 0.998825
1188443 SX 1188466 0.000713
1188443 SX 1188207 0.000119
1188443 SX 1188209 0.000119
1188443 SX 1188183 0.000000
1188443 RZPI 1188443 1.000000
1188443 RZ3PI 1188444 1.000000
1188443 RZPIHalf 1188625 1.000000
1188443 S 1188626 1.000000
1188443 X 1188446 0.998825
1188443 X 1188447 0.000713
1188443 X 1188443 0.000119
1188443 X 1188444 0.000119
1188444 SX 1188209 0.998825
1188444 SX 1188207 0.000713
1188444 SX 1188466 0.000119
1188444 SX 1188465 0.000119
1188444 SX 1188183 0.000000
1188444 RZPI 1188444 1.000000
1188444 RZ3PI 1188443 1.000000
1188444 RZPIHalf 1188626 1.000000
1188444 S 1188625 1.000000
1188444 X 1188447 0.998825
1188444 X 1188446 0.000713
1188444 X 1188444 0.000119
1188444 X 1188443 0.000119
1188446 SX 1188207 0.998825
1188446 SX 1188209 0.000713
1188446 SX 1188465 0.000119
1188446 SX 1188466 0.000119
1188446 SX 1188183 0.000000
1188446 RZPI 1188446 1.000000
1188446 RZ3PI 1188447 1.000000
1188446 RZPIHalf 1188628 1.000000
1188446 S 1188627 1.000000
1188446 X 1188443 0.998825
1188446 X 1188444 0.000713
1188446 X 1188446 0.000119
1188446 X 1188447 0.000119
1188447 SX 1188466 0.998825
1188447 SX 1188465 0.000713
1188447 SX 1188183 0.000224
1188447 SX 1188209 0.000119
1188447 SX 1188207 0.000119
1188447 RZPI 1188447 1.000000
1188447 RZ3PI 1188446 1.000000
1188447 RZPIHalf 1188627 1.000000
1188447 S 1188628 1.000000
1188447 X 1188444 0.998825
1188447 X 1188443 0.000713
1188447 X 1188447 0.000119
1188447 X 1188446 0.000119
1188465 SX 1188446 0.998825
1188465 SX 1188447 0.000713
1188465 SX 1188443 0.000119
1188465 SX 1188444 0.000119
1188465 RZPI 1188465 1.000000
1188465 RZ3PI 1188466 1.000000
1188465 RZPIHalf 1188222 1.000000
1188465 S 1188223 1.000000
1188465 X 1188207 0.998825
1188465 X 1188209 0.000713
1188465 X 1188465 0.000119
1188465 X 1188466 0.000119
1188465 X 1188183 0.000000
1188466 SX 1188444 0.998825
1188466 SX 1188443 0.000713
1188466 SX 1188447 0.000119
1188466 SX 1188446 0.000119
1188466 RZPI 1188466 1.000000
1188466 RZ3PI 1188465 1.000000
1188466 RZPIHalf 1188223 1.000000
1188466 S 1188222 1.000000
1188466 X 1188209 0.998825
1188466 X 1188207 0.000713
1188466 X 1188183 0.000224
1188466 X 1188466 0.000119
1188466 X 1188465 0.000119
1188594 SX 1188612 0.999538
1188594 SX 1188183 0.000462
1188594 RZPI 1188594 1.000000
1188594 RZ3PI 1188595 1.000000
1188594 RZPIHalf 1189232 1.000000
1188594 S 1189234 1.000000
1188594 X 1188595 0.998944
1188594 X 1188594 0.000832
1188594 X 1188183 0.000224
1188595 SX 1188183 0.999762
1188595 SX 1188612 0.000238
1188595 RZPI 1188595 1.000000
1188595 RZ3PI 1188594 1.000000
1188595 RZPIHalf 1189234 1.000000
1188595 S 1189232 1.000000
1188595 X 1188594 0.998944
1188595 X 1188595 0.000832
1188595 X 1188183 0.000224
1188612 SX 1188595 0.998944
1188612 SX 1188594 0.000832
1188612 SX 1188183 0.000224
1188612 RZPI 1188612 1.000000
1188612 RZ3PI 1188612 1.000000
1188612 RZPIHalf 1188612 1.000000
1188612 S 1188612 1.000000
1188612 X 1188183 0.999762
1188612 X 1188612 0.000238
1188625 SX 1188331 0.998825
1188625 SX 1188329 0.000713
1188625 SX 1188240 0.000119
1188625 SX 1188242 0.000119
1188625 RZPI 1188625 1.000000
1188625 RZ3PI 1188626 1.000000
1188625 RZPIHalf 1188444 1.000000
1188625 S 1188443 1.000000
1188625 X 1188627 0.998825
1188625 X 1188628 0.000713
1188625 X 1188625 0.000119
1188625 X 1188626 0.000119
1188626 SX 1188242 0.998825
1188626 SX 1188240 0.000713
1188626 SX 1188329 0.000119
1188626 SX 1188331 0.000119
1188626 RZPI 1188626 1.000000
1188626 RZ3PI 1188625 1.000000
1188626 RZPIHalf 1188443 1.000000
1188626 S 1188444 1.000000
1188626 X 1188628 0.998825
1188626 X 1188627 0.000713
1188626 X 1188626 0.000119
1188626 X 1188625 0.000119
1188627 SX 1188240 0.998825
1188627 SX 1188242 0.000713
1188627 SX 1188331 0.000119
1188627 SX 1188329 0.000119
1188627 RZPI 1188627 1.000000
1188627 RZ3PI 1188628 1.000000
1188627 RZPIHalf 1188446 1.000000
1188627 S 1188447 1.000000
1188627 X 1188625 0.998825
1188627 X 1188626 0.000713
1188627 X 1188627 0.000119
1188627 X 1188628 0.000119
1188628 SX 1188329 0.998825
1188628 SX 1188331 0.000713
1188628 SX 1188242 0.000119
1188628 SX 1188240 0.000119
1188628 RZPI 1188628 1.000000
1188628 RZ3PI 1188627 1.000000
1188628 RZPIHalf 1188447 1.000000
1188628 S 1188446 1.000000
1188628 X 1188626 0.998825
1188628 X 1188625 0.000713
1188628 X 1188628 0.000119
1188628 X 1188627 0.000119
1189232 SX 1189232 0.998944
1189232 SX 1189234 0.000832
1189232 SX 1188183 0.000224
1189232 RZPI 1189232 1.000000
1189232 RZ3PI 1189234 1.000000
1189232 RZPIHalf 1188595 1.000000
1189232 S 1188594 1.000000
1189232 X 1189232 0.998944
1189232 X 1189234 0.000832
1189232 X 1188183 0.000224
1189234 SX 1189234 0.998944
1189234 SX 1189232 0.000832
1189234 SX 1188183 0.000224
1189234 RZPI 1189234 1.000000
1189234 RZ3PI 1189232 1.000000
1189234 RZPIHalf 1188594 1.000000
1189234 S 1188595 1.000000
1189234 X 1189234 0.998944
1189234 X 1189232 0.000832
1189234 X 1188183 0.000224
ENDPOMDP
