BEGINPOMDP
INITIALSTATE: 975467
STATES: 975621,975494,975622,975496,975613,975626,975627,975500,975501,975539,975540,975549,975550,975554,975555,975812,975814,975467,975468,975599,975472,975473,975600,975477,975479,975608,975481,975612,975485,975486
REWARDS: 975621:0,975494:0,975622:0,975496:0,975613:0,975626:0,975627:0,975500:0,975501:0,975539:0,975540:0,975549:0,975550:0,975554:0,975555:0,975812:0,975814:0,975467:0,975468:0,975599:0,975472:0,975473:0,975600:0,975477:0,975479:0,975608:0,975481:0,975612:0,975485:0,975486:1
GAMMA: 975621:0,975494:0,975622:0,975496:0,975613:0,975626:0,975627:0,975500:0,975501:0,975539:0,975540:0,975549:0,975550:0,975554:0,975555:0,975812:0,975814:0,975467:0,975468:0,975599:0,975472:0,975473:0,975600:0,975477:0,975479:0,975608:0,975481:0,975612:0,975485:0,975486:0
BEGINACTIONS
SX
RZPI
RZ3PI
RZPIHalf
S
X
ENDACTIONS
975467 INIT_ 975468 1.000000
975467 SX 975599 0.997908
975467 SX 975600 0.000068
975467 SX 975467 0.002025
975467 RZPI 975467 1.000000
975467 RZ3PI 975467 1.000000
975467 RZPIHalf 975467 1.000000
975467 S 975467 1.000000
975467 X 975608 0.997975
975467 X 975467 0.002025
975468 SX 975472 0.997908
975468 SX 975473 0.000068
975468 RZPI 975468 1.000000
975468 RZ3PI 975477 1.000000
975468 RZPIHalf 975479 1.000000
975468 S 975481 1.000000
975468 X 975485 0.997908
975468 X 975486 0.000068
975472 SX 975485 0.997908
975472 SX 975486 0.000068
975472 SX 975467 0.002025
975472 RZPI 975472 1.000000
975472 RZ3PI 975473 1.000000
975472 RZPIHalf 975494 1.000000
975472 S 975496 1.000000
975472 X 975500 0.997908
975472 X 975501 0.000068
975473 SX 975477 0.997908
975473 SX 975468 0.000068
975473 SX 975467 0.002025
975473 RZPI 975473 1.000000
975473 RZ3PI 975472 1.000000
975473 RZPIHalf 975496 1.000000
975473 S 975494 1.000000
975473 X 975501 0.997908
975473 X 975500 0.000068
975477 SX 975501 0.997908
975477 SX 975500 0.000068
975477 RZPI 975477 1.000000
975477 RZ3PI 975468 1.000000
975477 RZPIHalf 975481 1.000000
975477 S 975479 1.000000
975477 X 975486 0.997908
975477 X 975485 0.000068
975477 X 975467 0.002025
975479 SX 975539 0.997908
975479 SX 975540 0.000068
975479 RZPI 975479 1.000000
975479 RZ3PI 975481 1.000000
975479 RZPIHalf 975477 1.000000
975479 S 975468 1.000000
975479 X 975549 0.997908
975479 X 975550 0.000068
975481 SX 975554 0.997908
975481 SX 975555 0.000068
975481 RZPI 975481 1.000000
975481 RZ3PI 975479 1.000000
975481 RZPIHalf 975468 1.000000
975481 S 975477 1.000000
975481 X 975550 0.997908
975481 X 975549 0.000068
975481 X 975467 0.002025
975485 SX 975500 0.997908
975485 SX 975501 0.000068
975485 RZPI 975485 1.000000
975485 RZ3PI 975486 1.000000
975485 RZPIHalf 975550 1.000000
975485 S 975549 1.000000
975485 X 975468 0.997908
975485 X 975477 0.000068
975486 SX 975473 0.997908
975486 SX 975472 0.000068
975486 RZPI 975486 1.000000
975486 RZ3PI 975485 1.000000
975486 RZPIHalf 975549 1.000000
975486 S 975550 1.000000
975486 X 975477 0.997908
975486 X 975468 0.000068
975494 SX 975612 0.997908
975494 SX 975613 0.000068
975494 RZPI 975494 1.000000
975494 RZ3PI 975496 1.000000
975494 RZPIHalf 975473 1.000000
975494 S 975472 1.000000
975494 X 975621 0.997908
975494 X 975622 0.000068
975496 SX 975626 0.997908
975496 SX 975627 0.000068
975496 RZPI 975496 1.000000
975496 RZ3PI 975494 1.000000
975496 RZPIHalf 975472 1.000000
975496 S 975473 1.000000
975496 X 975622 0.997908
975496 X 975621 0.000068
975500 SX 975468 0.997908
975500 SX 975477 0.000068
975500 SX 975467 0.002025
975500 RZPI 975500 1.000000
975500 RZ3PI 975501 1.000000
975500 RZPIHalf 975622 1.000000
975500 S 975621 1.000000
975500 X 975472 0.997908
975500 X 975473 0.000068
975501 SX 975486 0.997908
975501 SX 975485 0.000068
975501 RZPI 975501 1.000000
975501 RZ3PI 975500 1.000000
975501 RZPIHalf 975621 1.000000
975501 S 975622 1.000000
975501 X 975473 0.997908
975501 X 975472 0.000068
975539 SX 975549 0.997908
975539 SX 975550 0.000068
975539 RZPI 975539 1.000000
975539 RZ3PI 975540 1.000000
975539 RZPIHalf 975612 1.000000
975539 S 975613 1.000000
975539 X 975555 0.997908
975539 X 975554 0.000068
975540 SX 975481 0.997908
975540 SX 975479 0.000068
975540 SX 975467 0.002025
975540 RZPI 975540 1.000000
975540 RZ3PI 975539 1.000000
975540 RZPIHalf 975613 1.000000
975540 S 975612 1.000000
975540 X 975554 0.997908
975540 X 975555 0.000068
975549 SX 975555 0.997908
975549 SX 975554 0.000068
975549 RZPI 975549 1.000000
975549 RZ3PI 975550 1.000000
975549 RZPIHalf 975485 1.000000
975549 S 975486 1.000000
975549 X 975479 0.997908
975549 X 975481 0.000068
975550 SX 975540 0.997908
975550 SX 975539 0.000068
975550 RZPI 975550 1.000000
975550 RZ3PI 975549 1.000000
975550 RZPIHalf 975486 1.000000
975550 S 975485 1.000000
975550 X 975481 0.997908
975550 X 975479 0.000068
975554 SX 975550 0.997908
975554 SX 975549 0.000068
975554 RZPI 975554 1.000000
975554 RZ3PI 975555 1.000000
975554 RZPIHalf 975627 1.000000
975554 S 975626 1.000000
975554 X 975540 0.997908
975554 X 975539 0.000068
975555 SX 975479 0.997908
975555 SX 975481 0.000068
975555 SX 975467 0.002025
975555 RZPI 975555 1.000000
975555 RZ3PI 975554 1.000000
975555 RZPIHalf 975626 1.000000
975555 S 975627 1.000000
975555 X 975539 0.997908
975555 X 975540 0.000068
975599 SX 975608 0.997975
975599 SX 975467 0.002025
975599 RZPI 975599 1.000000
975599 RZ3PI 975600 1.000000
975599 RZPIHalf 975812 1.000000
975599 S 975814 1.000000
975599 X 975600 0.997908
975599 X 975599 0.000068
975599 X 975467 0.002025
975600 SX 975467 1.000000
975600 RZPI 975600 1.000000
975600 RZ3PI 975599 1.000000
975600 RZPIHalf 975814 1.000000
975600 S 975812 1.000000
975600 X 975599 0.997908
975600 X 975600 0.000068
975600 X 975467 0.002025
975608 SX 975600 0.997908
975608 SX 975599 0.000068
975608 SX 975467 0.002025
975608 RZPI 975608 1.000000
975608 RZ3PI 975608 1.000000
975608 RZPIHalf 975608 1.000000
975608 S 975608 1.000000
975608 X 975467 1.000000
975612 SX 975621 0.997908
975612 SX 975622 0.000068
975612 RZPI 975612 1.000000
975612 RZ3PI 975613 1.000000
975612 RZPIHalf 975540 1.000000
975612 S 975539 1.000000
975612 X 975627 0.997908
975612 X 975626 0.000068
975613 SX 975496 0.997908
975613 SX 975494 0.000068
975613 RZPI 975613 1.000000
975613 RZ3PI 975612 1.000000
975613 RZPIHalf 975539 1.000000
975613 S 975540 1.000000
975613 X 975626 0.997908
975613 X 975627 0.000068
975621 SX 975627 0.997908
975621 SX 975626 0.000068
975621 RZPI 975621 1.000000
975621 RZ3PI 975622 1.000000
975621 RZPIHalf 975500 1.000000
975621 S 975501 1.000000
975621 X 975494 0.997908
975621 X 975496 0.000068
975622 SX 975613 0.997908
975622 SX 975612 0.000068
975622 RZPI 975622 1.000000
975622 RZ3PI 975621 1.000000
975622 RZPIHalf 975501 1.000000
975622 S 975500 1.000000
975622 X 975496 0.997908
975622 X 975494 0.000068
975626 SX 975622 0.997908
975626 SX 975621 0.000068
975626 RZPI 975626 1.000000
975626 RZ3PI 975627 1.000000
975626 RZPIHalf 975554 1.000000
975626 S 975555 1.000000
975626 X 975613 0.997908
975626 X 975612 0.000068
975627 SX 975494 0.997908
975627 SX 975496 0.000068
975627 RZPI 975627 1.000000
975627 RZ3PI 975626 1.000000
975627 RZPIHalf 975555 1.000000
975627 S 975554 1.000000
975627 X 975612 0.997908
975627 X 975613 0.000068
975812 SX 975812 0.997908
975812 SX 975814 0.000068
975812 SX 975467 0.002025
975812 RZPI 975812 1.000000
975812 RZ3PI 975814 1.000000
975812 RZPIHalf 975600 1.000000
975812 S 975599 1.000000
975812 X 975812 0.997908
975812 X 975814 0.000068
975812 X 975467 0.002025
975814 SX 975814 0.997908
975814 SX 975812 0.000068
975814 SX 975467 0.002025
975814 RZPI 975814 1.000000
975814 RZ3PI 975812 1.000000
975814 RZPIHalf 975599 1.000000
975814 S 975600 1.000000
975814 X 975814 0.997908
975814 X 975812 0.000068
975814 X 975467 0.002025
ENDPOMDP
