BEGINPOMDP
INITIALSTATE: 1186623
STATES: 1186688,1186704,1186719,1186860,1186861,1186750,1186751,1186624,1186623,1186755,1186628,1186629,1186633,1186634,1186891,1186637,1186639,1186906,1186652,1186653,1186655,1186783,1186920,1186921,1186798,1186672,1186937,1186938,1186683,1186687
REWARDS: 1186688:0,1186704:0,1186719:0,1186860:0,1186861:0,1186750:0,1186751:0,1186624:0,1186623:0,1186755:0,1186628:1,1186629:0,1186633:0,1186634:0,1186891:0,1186637:0,1186639:0,1186906:0,1186652:0,1186653:0,1186655:0,1186783:0,1186920:0,1186921:0,1186798:0,1186672:0,1186937:0,1186938:0,1186683:0,1186687:0
GAMMA: 1186688:0,1186704:0,1186719:0,1186860:0,1186861:0,1186750:0,1186751:0,1186624:0,1186623:0,1186755:0,1186628:0,1186629:0,1186633:0,1186634:0,1186891:0,1186637:0,1186639:0,1186906:0,1186652:0,1186653:0,1186655:0,1186783:0,1186920:0,1186921:0,1186798:0,1186672:0,1186937:0,1186938:0,1186683:0,1186687:0
BEGINACTIONS
U3
H
S
Z
X
RY
ENDACTIONS
1186623 INIT_ 1186624 1.000000
1186623 U3 1186683 0.998967
1186623 U3 1186623 0.001033
1186623 H 1186687 0.998753
1186623 H 1186688 0.000731
1186623 H 1186623 0.000516
1186623 S 1186623 1.000000
1186623 Z 1186623 1.000000
1186623 X 1186683 0.998967
1186623 X 1186623 0.001033
1186623 RY 1186683 0.998967
1186623 RY 1186623 0.001033
1186624 U3 1186628 0.997507
1186624 U3 1186629 0.001460
1186624 U3 1186623 0.001033
1186624 H 1186633 0.998753
1186624 H 1186634 0.000731
1186624 S 1186637 1.000000
1186624 Z 1186639 1.000000
1186624 X 1186629 0.997507
1186624 X 1186628 0.001460
1186624 X 1186623 0.001033
1186624 RY 1186628 0.997507
1186624 RY 1186629 0.001460
1186624 RY 1186623 0.001033
1186628 U3 1186624 0.997507
1186628 U3 1186639 0.001460
1186628 U3 1186623 0.001033
1186628 H 1186652 0.998753
1186628 H 1186653 0.000731
1186628 S 1186655 1.000000
1186628 Z 1186629 1.000000
1186628 X 1186639 0.997507
1186628 X 1186624 0.001460
1186628 RY 1186624 0.997507
1186628 RY 1186639 0.001460
1186628 RY 1186623 0.001033
1186629 U3 1186639 0.997507
1186629 U3 1186624 0.001460
1186629 H 1186634 0.998753
1186629 H 1186633 0.000731
1186629 S 1186672 1.000000
1186629 Z 1186628 1.000000
1186629 X 1186624 0.997507
1186629 X 1186639 0.001460
1186629 X 1186623 0.001033
1186629 RY 1186639 0.997507
1186629 RY 1186624 0.001460
1186629 RY 1186623 0.001033
1186633 U3 1186652 0.997507
1186633 U3 1186653 0.001460
1186633 H 1186624 0.998753
1186633 H 1186639 0.000731
1186633 H 1186623 0.000516
1186633 S 1186704 1.000000
1186633 Z 1186634 1.000000
1186633 X 1186653 0.997507
1186633 X 1186652 0.001460
1186633 RY 1186652 0.997507
1186633 RY 1186653 0.001460
1186634 U3 1186653 0.997507
1186634 U3 1186652 0.001460
1186634 H 1186629 0.998753
1186634 H 1186628 0.000731
1186634 H 1186623 0.000516
1186634 S 1186719 1.000000
1186634 Z 1186633 1.000000
1186634 X 1186652 0.997507
1186634 X 1186653 0.001460
1186634 RY 1186653 0.997507
1186634 RY 1186652 0.001460
1186637 U3 1186672 0.997507
1186637 U3 1186655 0.001460
1186637 U3 1186623 0.001033
1186637 H 1186750 0.998753
1186637 H 1186751 0.000731
1186637 S 1186639 1.000000
1186637 Z 1186755 1.000000
1186637 X 1186655 0.997507
1186637 X 1186672 0.001460
1186637 X 1186623 0.001033
1186637 RY 1186672 0.997507
1186637 RY 1186655 0.001460
1186639 U3 1186629 0.997507
1186639 U3 1186628 0.001460
1186639 U3 1186623 0.001033
1186639 H 1186653 0.998753
1186639 H 1186652 0.000731
1186639 S 1186755 1.000000
1186639 Z 1186624 1.000000
1186639 X 1186628 0.997507
1186639 X 1186629 0.001460
1186639 X 1186623 0.001033
1186639 RY 1186629 0.997507
1186639 RY 1186628 0.001460
1186652 U3 1186633 0.997507
1186652 U3 1186634 0.001460
1186652 H 1186628 0.998753
1186652 H 1186629 0.000731
1186652 H 1186623 0.000516
1186652 S 1186783 1.000000
1186652 Z 1186653 1.000000
1186652 X 1186634 0.997507
1186652 X 1186633 0.001460
1186652 RY 1186633 0.997507
1186652 RY 1186634 0.001460
1186653 U3 1186634 0.997507
1186653 U3 1186633 0.001460
1186653 H 1186639 0.998753
1186653 H 1186624 0.000731
1186653 H 1186623 0.000516
1186653 S 1186798 1.000000
1186653 Z 1186652 1.000000
1186653 X 1186633 0.997507
1186653 X 1186634 0.001460
1186653 RY 1186634 0.997507
1186653 RY 1186633 0.001460
1186655 U3 1186755 0.997507
1186655 U3 1186637 0.001460
1186655 H 1186751 0.998753
1186655 H 1186750 0.000731
1186655 S 1186629 1.000000
1186655 Z 1186672 1.000000
1186655 X 1186637 0.997507
1186655 X 1186755 0.001460
1186655 X 1186623 0.001033
1186655 RY 1186755 0.997507
1186655 RY 1186637 0.001460
1186655 RY 1186623 0.001033
1186672 U3 1186637 0.997507
1186672 U3 1186755 0.001460
1186672 U3 1186623 0.001033
1186672 H 1186860 0.998753
1186672 H 1186861 0.000731
1186672 S 1186628 1.000000
1186672 Z 1186655 1.000000
1186672 X 1186755 0.997507
1186672 X 1186637 0.001460
1186672 X 1186623 0.001033
1186672 RY 1186637 0.997507
1186672 RY 1186755 0.001460
1186672 RY 1186623 0.001033
1186683 U3 1186623 1.000000
1186683 H 1186688 0.998753
1186683 H 1186687 0.000731
1186683 H 1186623 0.000516
1186683 S 1186683 1.000000
1186683 Z 1186683 1.000000
1186683 X 1186623 1.000000
1186683 RY 1186623 1.000000
1186687 U3 1186688 0.997507
1186687 U3 1186687 0.001460
1186687 U3 1186623 0.001033
1186687 H 1186623 1.000000
1186687 S 1186891 1.000000
1186687 Z 1186688 1.000000
1186687 X 1186687 0.997507
1186687 X 1186688 0.001460
1186687 X 1186623 0.001033
1186687 RY 1186688 0.997507
1186687 RY 1186687 0.001460
1186687 RY 1186623 0.001033
1186688 U3 1186687 0.997507
1186688 U3 1186688 0.001460
1186688 U3 1186623 0.001033
1186688 H 1186683 0.999484
1186688 H 1186623 0.000516
1186688 S 1186906 1.000000
1186688 Z 1186687 1.000000
1186688 X 1186688 0.997507
1186688 X 1186687 0.001460
1186688 X 1186623 0.001033
1186688 RY 1186687 0.997507
1186688 RY 1186688 0.001460
1186688 RY 1186623 0.001033
1186704 U3 1186798 0.997507
1186704 U3 1186783 0.001460
1186704 H 1186920 0.998753
1186704 H 1186921 0.000731
1186704 S 1186634 1.000000
1186704 Z 1186719 1.000000
1186704 X 1186783 0.997507
1186704 X 1186798 0.001460
1186704 RY 1186798 0.997507
1186704 RY 1186783 0.001460
1186719 U3 1186783 0.997507
1186719 U3 1186798 0.001460
1186719 H 1186937 0.998753
1186719 H 1186938 0.000731
1186719 S 1186633 1.000000
1186719 Z 1186704 1.000000
1186719 X 1186798 0.997507
1186719 X 1186783 0.001460
1186719 RY 1186783 0.997507
1186719 RY 1186798 0.001460
1186750 U3 1186860 0.997507
1186750 U3 1186861 0.001460
1186750 H 1186637 0.998753
1186750 H 1186755 0.000731
1186750 H 1186623 0.000516
1186750 S 1186937 1.000000
1186750 Z 1186751 1.000000
1186750 X 1186861 0.997507
1186750 X 1186860 0.001460
1186750 RY 1186860 0.997507
1186750 RY 1186861 0.001460
1186751 U3 1186861 0.997507
1186751 U3 1186860 0.001460
1186751 H 1186655 0.998753
1186751 H 1186672 0.000731
1186751 H 1186623 0.000516
1186751 S 1186938 1.000000
1186751 Z 1186750 1.000000
1186751 X 1186860 0.997507
1186751 X 1186861 0.001460
1186751 RY 1186861 0.997507
1186751 RY 1186860 0.001460
1186755 U3 1186655 0.997507
1186755 U3 1186672 0.001460
1186755 U3 1186623 0.001033
1186755 H 1186861 0.998753
1186755 H 1186860 0.000731
1186755 S 1186624 1.000000
1186755 Z 1186637 1.000000
1186755 X 1186672 0.997507
1186755 X 1186655 0.001460
1186755 X 1186623 0.001033
1186755 RY 1186655 0.997507
1186755 RY 1186672 0.001460
1186755 RY 1186623 0.001033
1186783 U3 1186719 0.997507
1186783 U3 1186704 0.001460
1186783 H 1186921 0.998753
1186783 H 1186920 0.000731
1186783 S 1186653 1.000000
1186783 Z 1186798 1.000000
1186783 X 1186704 0.997507
1186783 X 1186719 0.001460
1186783 RY 1186719 0.997507
1186783 RY 1186704 0.001460
1186798 U3 1186704 0.997507
1186798 U3 1186719 0.001460
1186798 H 1186938 0.998753
1186798 H 1186937 0.000731
1186798 S 1186652 1.000000
1186798 Z 1186783 1.000000
1186798 X 1186719 0.997507
1186798 X 1186704 0.001460
1186798 RY 1186704 0.997507
1186798 RY 1186719 0.001460
1186860 U3 1186750 0.997507
1186860 U3 1186751 0.001460
1186860 H 1186672 0.998753
1186860 H 1186655 0.000731
1186860 H 1186623 0.000516
1186860 S 1186920 1.000000
1186860 Z 1186861 1.000000
1186860 X 1186751 0.997507
1186860 X 1186750 0.001460
1186860 RY 1186750 0.997507
1186860 RY 1186751 0.001460
1186861 U3 1186751 0.997507
1186861 U3 1186750 0.001460
1186861 H 1186755 0.998753
1186861 H 1186637 0.000731
1186861 S 1186921 1.000000
1186861 Z 1186860 1.000000
1186861 X 1186750 0.997507
1186861 X 1186751 0.001460
1186861 RY 1186751 0.997507
1186861 RY 1186750 0.001460
1186891 U3 1186891 0.997507
1186891 U3 1186906 0.001460
1186891 U3 1186623 0.001033
1186891 H 1186906 0.998753
1186891 H 1186891 0.000731
1186891 H 1186623 0.000516
1186891 S 1186688 1.000000
1186891 Z 1186906 1.000000
1186891 X 1186906 0.997507
1186891 X 1186891 0.001460
1186891 X 1186623 0.001033
1186891 RY 1186891 0.997507
1186891 RY 1186906 0.001460
1186891 RY 1186623 0.001033
1186906 U3 1186906 0.997507
1186906 U3 1186891 0.001460
1186906 U3 1186623 0.001033
1186906 H 1186891 0.998753
1186906 H 1186906 0.000731
1186906 H 1186623 0.000516
1186906 S 1186687 1.000000
1186906 Z 1186891 1.000000
1186906 X 1186891 0.997507
1186906 X 1186906 0.001460
1186906 X 1186623 0.001033
1186906 RY 1186906 0.997507
1186906 RY 1186891 0.001460
1186906 RY 1186623 0.001033
1186920 U3 1186938 0.997507
1186920 U3 1186937 0.001460
1186920 H 1186704 0.998753
1186920 H 1186719 0.000731
1186920 S 1186861 1.000000
1186920 Z 1186921 1.000000
1186920 X 1186937 0.997507
1186920 X 1186938 0.001460
1186920 RY 1186938 0.997507
1186920 RY 1186937 0.001460
1186921 U3 1186937 0.997507
1186921 U3 1186938 0.001460
1186921 H 1186783 0.998753
1186921 H 1186798 0.000731
1186921 S 1186860 1.000000
1186921 Z 1186920 1.000000
1186921 X 1186938 0.997507
1186921 X 1186937 0.001460
1186921 RY 1186937 0.997507
1186921 RY 1186938 0.001460
1186937 U3 1186921 0.997507
1186937 U3 1186920 0.001460
1186937 H 1186719 0.998753
1186937 H 1186704 0.000731
1186937 S 1186751 1.000000
1186937 Z 1186938 1.000000
1186937 X 1186920 0.997507
1186937 X 1186921 0.001460
1186937 RY 1186921 0.997507
1186937 RY 1186920 0.001460
1186938 U3 1186920 0.997507
1186938 U3 1186921 0.001460
1186938 H 1186798 0.998753
1186938 H 1186783 0.000731
1186938 S 1186750 1.000000
1186938 Z 1186937 1.000000
1186938 X 1186921 0.997507
1186938 X 1186920 0.001460
1186938 RY 1186920 0.997507
1186938 RY 1186921 0.001460
ENDPOMDP
