BEGINPOMDP
INITIALSTATE: 206477
STATES: 206477,206478,206737,206738,206740,206741,206491,206492,206494,206623,206495,206625,206499,206501,206758,206759,206503,206888,206889,207526,207528,206516,206517,206906,206534,206919,206536,206920,206921,206922
REWARDS: 206477:0,206478:0,206737:0,206738:0,206740:0,206741:0,206491:0,206492:0,206494:0,206623:0,206495:0,206625:0,206499:0,206501:0,206758:0,206759:0,206503:0,206888:0,206889:0,207526:0,207528:0,206516:0,206517:1,206906:0,206534:0,206919:0,206536:0,206920:0,206921:0,206922:0
GAMMA: 206477:0,206478:0,206737:0,206738:0,206740:0,206741:0,206491:0,206492:0,206494:0,206623:0,206495:0,206625:0,206499:0,206501:0,206758:0,206759:0,206503:0,206888:0,206889:0,207526:0,207528:0,206516:0,206517:0,206906:0,206534:0,206919:0,206536:0,206920:0,206921:0,206922:0
BEGINACTIONS
SX
RZPI
RZ3PI
RZPIHalf
S
X
ENDACTIONS
206477 INIT_ 206478 1.000000
206477 SX 206888 0.999344
206477 SX 206889 0.000200
206477 SX 206477 0.000455
206477 RZPI 206477 1.000000
206477 RZ3PI 206477 1.000000
206477 RZPIHalf 206477 1.000000
206477 S 206477 1.000000
206477 X 206906 0.999395
206477 X 206477 0.000605
206478 SX 206491 0.999270
206478 SX 206492 0.000126
206478 SX 206494 0.000075
206478 SX 206495 0.000075
206478 RZPI 206478 1.000000
206478 RZ3PI 206499 1.000000
206478 RZPIHalf 206501 1.000000
206478 S 206503 1.000000
206478 X 206516 0.999270
206478 X 206517 0.000126
206478 X 206478 0.000075
206478 X 206499 0.000075
206478 X 206477 0.000000
206491 SX 206516 0.999270
206491 SX 206517 0.000126
206491 SX 206477 0.000455
206491 SX 206478 0.000075
206491 SX 206499 0.000075
206491 RZPI 206491 1.000000
206491 RZ3PI 206492 1.000000
206491 RZPIHalf 206534 1.000000
206491 S 206536 1.000000
206491 X 206494 0.999270
206491 X 206495 0.000126
206491 X 206491 0.000075
206491 X 206492 0.000075
206492 SX 206499 0.999270
206492 SX 206478 0.000126
206492 SX 206517 0.000075
206492 SX 206516 0.000075
206492 SX 206477 0.000000
206492 RZPI 206492 1.000000
206492 RZ3PI 206491 1.000000
206492 RZPIHalf 206536 1.000000
206492 S 206534 1.000000
206492 X 206495 0.999270
206492 X 206494 0.000126
206492 X 206492 0.000075
206492 X 206491 0.000075
206494 SX 206478 0.999270
206494 SX 206499 0.000126
206494 SX 206477 0.000455
206494 SX 206516 0.000075
206494 SX 206517 0.000075
206494 RZPI 206494 1.000000
206494 RZ3PI 206495 1.000000
206494 RZPIHalf 206623 1.000000
206494 S 206625 1.000000
206494 X 206491 0.999270
206494 X 206492 0.000126
206494 X 206494 0.000075
206494 X 206495 0.000075
206495 SX 206517 0.999270
206495 SX 206516 0.000126
206495 SX 206477 0.000455
206495 SX 206499 0.000075
206495 SX 206478 0.000075
206495 RZPI 206495 1.000000
206495 RZ3PI 206494 1.000000
206495 RZPIHalf 206625 1.000000
206495 S 206623 1.000000
206495 X 206492 0.999270
206495 X 206491 0.000126
206495 X 206495 0.000075
206495 X 206494 0.000075
206499 SX 206495 0.999270
206499 SX 206494 0.000126
206499 SX 206492 0.000075
206499 SX 206491 0.000075
206499 RZPI 206499 1.000000
206499 RZ3PI 206478 1.000000
206499 RZPIHalf 206503 1.000000
206499 S 206501 1.000000
206499 X 206517 0.999270
206499 X 206516 0.000126
206499 X 206499 0.000075
206499 X 206478 0.000075
206501 SX 206737 0.999270
206501 SX 206738 0.000126
206501 SX 206740 0.000075
206501 SX 206741 0.000075
206501 RZPI 206501 1.000000
206501 RZ3PI 206503 1.000000
206501 RZPIHalf 206499 1.000000
206501 S 206478 1.000000
206501 X 206758 0.999270
206501 X 206759 0.000126
206501 X 206501 0.000075
206501 X 206503 0.000075
206503 SX 206741 0.999270
206503 SX 206740 0.000126
206503 SX 206738 0.000075
206503 SX 206737 0.000075
206503 RZPI 206503 1.000000
206503 RZ3PI 206501 1.000000
206503 RZPIHalf 206478 1.000000
206503 S 206499 1.000000
206503 X 206759 0.999270
206503 X 206758 0.000126
206503 X 206477 0.000455
206503 X 206503 0.000075
206503 X 206501 0.000075
206516 SX 206494 0.999270
206516 SX 206495 0.000126
206516 SX 206491 0.000075
206516 SX 206492 0.000075
206516 RZPI 206516 1.000000
206516 RZ3PI 206517 1.000000
206516 RZPIHalf 206759 1.000000
206516 S 206758 1.000000
206516 X 206478 0.999270
206516 X 206499 0.000126
206516 X 206516 0.000075
206516 X 206517 0.000075
206516 X 206477 0.000000
206517 SX 206492 0.999270
206517 SX 206491 0.000126
206517 SX 206495 0.000075
206517 SX 206494 0.000075
206517 RZPI 206517 1.000000
206517 RZ3PI 206516 1.000000
206517 RZPIHalf 206758 1.000000
206517 S 206759 1.000000
206517 X 206499 0.999270
206517 X 206478 0.000126
206517 X 206477 0.000455
206517 X 206517 0.000075
206517 X 206516 0.000075
206534 SX 206919 0.999270
206534 SX 206920 0.000126
206534 SX 206921 0.000075
206534 SX 206922 0.000075
206534 RZPI 206534 1.000000
206534 RZ3PI 206536 1.000000
206534 RZPIHalf 206492 1.000000
206534 S 206491 1.000000
206534 X 206625 0.999270
206534 X 206623 0.000126
206534 X 206534 0.000075
206534 X 206536 0.000075
206536 SX 206922 0.999270
206536 SX 206921 0.000126
206536 SX 206920 0.000075
206536 SX 206919 0.000075
206536 RZPI 206536 1.000000
206536 RZ3PI 206534 1.000000
206536 RZPIHalf 206491 1.000000
206536 S 206492 1.000000
206536 X 206623 0.999270
206536 X 206625 0.000126
206536 X 206536 0.000075
206536 X 206534 0.000075
206623 SX 206920 0.999270
206623 SX 206919 0.000126
206623 SX 206922 0.000075
206623 SX 206921 0.000075
206623 RZPI 206623 1.000000
206623 RZ3PI 206625 1.000000
206623 RZPIHalf 206495 1.000000
206623 S 206494 1.000000
206623 X 206536 0.999270
206623 X 206534 0.000126
206623 X 206623 0.000075
206623 X 206625 0.000075
206625 SX 206921 0.999270
206625 SX 206922 0.000126
206625 SX 206919 0.000075
206625 SX 206920 0.000075
206625 RZPI 206625 1.000000
206625 RZ3PI 206623 1.000000
206625 RZPIHalf 206494 1.000000
206625 S 206495 1.000000
206625 X 206534 0.999270
206625 X 206536 0.000126
206625 X 206625 0.000075
206625 X 206623 0.000075
206737 SX 206758 0.999270
206737 SX 206759 0.000126
206737 SX 206501 0.000075
206737 SX 206503 0.000075
206737 SX 206477 0.000000
206737 RZPI 206737 1.000000
206737 RZ3PI 206738 1.000000
206737 RZPIHalf 206919 1.000000
206737 S 206920 1.000000
206737 X 206740 0.999270
206737 X 206741 0.000126
206737 X 206737 0.000075
206737 X 206738 0.000075
206738 SX 206503 0.999270
206738 SX 206501 0.000126
206738 SX 206759 0.000075
206738 SX 206758 0.000075
206738 SX 206477 0.000000
206738 RZPI 206738 1.000000
206738 RZ3PI 206737 1.000000
206738 RZPIHalf 206920 1.000000
206738 S 206919 1.000000
206738 X 206741 0.999270
206738 X 206740 0.000126
206738 X 206738 0.000075
206738 X 206737 0.000075
206740 SX 206501 0.999270
206740 SX 206503 0.000126
206740 SX 206758 0.000075
206740 SX 206759 0.000075
206740 SX 206477 0.000000
206740 RZPI 206740 1.000000
206740 RZ3PI 206741 1.000000
206740 RZPIHalf 206922 1.000000
206740 S 206921 1.000000
206740 X 206737 0.999270
206740 X 206738 0.000126
206740 X 206740 0.000075
206740 X 206741 0.000075
206741 SX 206759 0.999270
206741 SX 206758 0.000126
206741 SX 206503 0.000075
206741 SX 206501 0.000075
206741 SX 206477 0.000000
206741 RZPI 206741 1.000000
206741 RZ3PI 206740 1.000000
206741 RZPIHalf 206921 1.000000
206741 S 206922 1.000000
206741 X 206738 0.999270
206741 X 206737 0.000126
206741 X 206741 0.000075
206741 X 206740 0.000075
206758 SX 206740 0.999270
206758 SX 206741 0.000126
206758 SX 206737 0.000075
206758 SX 206738 0.000075
206758 RZPI 206758 1.000000
206758 RZ3PI 206759 1.000000
206758 RZPIHalf 206516 1.000000
206758 S 206517 1.000000
206758 X 206501 0.999270
206758 X 206503 0.000126
206758 X 206477 0.000455
206758 X 206758 0.000075
206758 X 206759 0.000075
206759 SX 206738 0.999270
206759 SX 206737 0.000126
206759 SX 206741 0.000075
206759 SX 206740 0.000075
206759 RZPI 206759 1.000000
206759 RZ3PI 206758 1.000000
206759 RZPIHalf 206517 1.000000
206759 S 206516 1.000000
206759 X 206503 0.999270
206759 X 206501 0.000126
206759 X 206759 0.000075
206759 X 206758 0.000075
206759 X 206477 0.000000
206888 SX 206906 0.999395
206888 SX 206477 0.000605
206888 RZPI 206888 1.000000
206888 RZ3PI 206889 1.000000
206888 RZPIHalf 207526 1.000000
206888 S 207528 1.000000
206888 X 206889 0.999344
206888 X 206888 0.000200
206888 X 206477 0.000455
206889 SX 206477 0.999851
206889 SX 206906 0.000149
206889 RZPI 206889 1.000000
206889 RZ3PI 206888 1.000000
206889 RZPIHalf 207528 1.000000
206889 S 207526 1.000000
206889 X 206888 0.999344
206889 X 206889 0.000200
206889 X 206477 0.000455
206906 SX 206889 0.999344
206906 SX 206888 0.000200
206906 SX 206477 0.000455
206906 RZPI 206906 1.000000
206906 RZ3PI 206906 1.000000
206906 RZPIHalf 206906 1.000000
206906 S 206906 1.000000
206906 X 206477 0.999851
206906 X 206906 0.000149
206919 SX 206625 0.999270
206919 SX 206623 0.000126
206919 SX 206534 0.000075
206919 SX 206536 0.000075
206919 RZPI 206919 1.000000
206919 RZ3PI 206920 1.000000
206919 RZPIHalf 206738 1.000000
206919 S 206737 1.000000
206919 X 206921 0.999270
206919 X 206922 0.000126
206919 X 206919 0.000075
206919 X 206920 0.000075
206920 SX 206536 0.999270
206920 SX 206534 0.000126
206920 SX 206623 0.000075
206920 SX 206625 0.000075
206920 RZPI 206920 1.000000
206920 RZ3PI 206919 1.000000
206920 RZPIHalf 206737 1.000000
206920 S 206738 1.000000
206920 X 206922 0.999270
206920 X 206921 0.000126
206920 X 206920 0.000075
206920 X 206919 0.000075
206921 SX 206534 0.999270
206921 SX 206536 0.000126
206921 SX 206625 0.000075
206921 SX 206623 0.000075
206921 RZPI 206921 1.000000
206921 RZ3PI 206922 1.000000
206921 RZPIHalf 206740 1.000000
206921 S 206741 1.000000
206921 X 206919 0.999270
206921 X 206920 0.000126
206921 X 206921 0.000075
206921 X 206922 0.000075
206922 SX 206623 0.999270
206922 SX 206625 0.000126
206922 SX 206536 0.000075
206922 SX 206534 0.000075
206922 RZPI 206922 1.000000
206922 RZ3PI 206921 1.000000
206922 RZPIHalf 206741 1.000000
206922 S 206740 1.000000
206922 X 206920 0.999270
206922 X 206919 0.000126
206922 X 206922 0.000075
206922 X 206921 0.000075
207526 SX 207526 0.999344
207526 SX 207528 0.000200
207526 SX 206477 0.000455
207526 RZPI 207526 1.000000
207526 RZ3PI 207528 1.000000
207526 RZPIHalf 206889 1.000000
207526 S 206888 1.000000
207526 X 207526 0.999344
207526 X 207528 0.000200
207526 X 206477 0.000455
207528 SX 207528 0.999344
207528 SX 207526 0.000200
207528 SX 206477 0.000455
207528 RZPI 207528 1.000000
207528 RZ3PI 207526 1.000000
207528 RZPIHalf 206888 1.000000
207528 S 206889 1.000000
207528 X 207528 0.999344
207528 X 207526 0.000200
207528 X 206477 0.000455
ENDPOMDP
