BEGINPOMDP
INITIALSTATE: 100685
STATES: 100757,101142,100758,101144,100767,100768,100772,100773,100908,100909,100917,100685,100686,100817,100690,100691,100818,100695,100697,100826,100827,100699,100703,100704,100832,100831,100712,100714,100718,100719
REWARDS: 100757:0,101142:0,100758:0,101144:0,100767:0,100768:0,100772:0,100773:0,100908:0,100909:0,100917:0,100685:0,100686:0,100817:0,100690:0,100691:0,100818:0,100695:0,100697:0,100826:0,100827:0,100699:0,100703:0,100704:1,100832:0,100831:0,100712:0,100714:0,100718:0,100719:0
GAMMA: 100757:0,101142:0,100758:0,101144:0,100767:0,100768:0,100772:0,100773:0,100908:0,100909:0,100917:0,100685:0,100686:0,100817:0,100690:0,100691:0,100818:0,100695:0,100697:0,100826:0,100827:0,100699:0,100703:0,100704:0,100832:0,100831:0,100712:0,100714:0,100718:0,100719:0
BEGINACTIONS
SX
RZPI
RZ3PI
RZPIHalf
S
X
ENDACTIONS
100685 INIT_ 100686 1.000000
100685 SX 100908 0.995739
100685 SX 100909 0.000895
100685 SX 100685 0.003365
100685 RZPI 100685 1.000000
100685 RZ3PI 100685 1.000000
100685 RZPIHalf 100685 1.000000
100685 S 100685 1.000000
100685 X 100917 0.996635
100685 X 100685 0.003365
100686 SX 100690 0.995739
100686 SX 100691 0.000895
100686 RZPI 100686 1.000000
100686 RZ3PI 100695 1.000000
100686 RZPIHalf 100697 1.000000
100686 S 100699 1.000000
100686 X 100703 0.995739
100686 X 100704 0.000895
100690 SX 100703 0.995739
100690 SX 100704 0.000895
100690 RZPI 100690 1.000000
100690 RZ3PI 100691 1.000000
100690 RZPIHalf 100712 1.000000
100690 S 100714 1.000000
100690 X 100718 0.995739
100690 X 100719 0.000895
100691 SX 100695 0.995739
100691 SX 100686 0.000895
100691 RZPI 100691 1.000000
100691 RZ3PI 100690 1.000000
100691 RZPIHalf 100714 1.000000
100691 S 100712 1.000000
100691 X 100719 0.995739
100691 X 100718 0.000895
100695 SX 100719 0.995739
100695 SX 100718 0.000895
100695 RZPI 100695 1.000000
100695 RZ3PI 100686 1.000000
100695 RZPIHalf 100699 1.000000
100695 S 100697 1.000000
100695 X 100704 0.995739
100695 X 100703 0.000895
100695 X 100685 0.003365
100697 SX 100757 0.995739
100697 SX 100758 0.000895
100697 RZPI 100697 1.000000
100697 RZ3PI 100699 1.000000
100697 RZPIHalf 100695 1.000000
100697 S 100686 1.000000
100697 X 100767 0.995739
100697 X 100768 0.000895
100697 X 100685 0.003365
100699 SX 100772 0.995739
100699 SX 100773 0.000895
100699 RZPI 100699 1.000000
100699 RZ3PI 100697 1.000000
100699 RZPIHalf 100686 1.000000
100699 S 100695 1.000000
100699 X 100768 0.995739
100699 X 100767 0.000895
100703 SX 100718 0.995739
100703 SX 100719 0.000895
100703 RZPI 100703 1.000000
100703 RZ3PI 100704 1.000000
100703 RZPIHalf 100768 1.000000
100703 S 100767 1.000000
100703 X 100686 0.995739
100703 X 100695 0.000895
100703 X 100685 0.003365
100704 SX 100691 0.995739
100704 SX 100690 0.000895
100704 RZPI 100704 1.000000
100704 RZ3PI 100703 1.000000
100704 RZPIHalf 100767 1.000000
100704 S 100768 1.000000
100704 X 100695 0.995739
100704 X 100686 0.000895
100712 SX 100817 0.995739
100712 SX 100818 0.000895
100712 RZPI 100712 1.000000
100712 RZ3PI 100714 1.000000
100712 RZPIHalf 100691 1.000000
100712 S 100690 1.000000
100712 X 100826 0.995739
100712 X 100827 0.000895
100714 SX 100831 0.995739
100714 SX 100832 0.000895
100714 RZPI 100714 1.000000
100714 RZ3PI 100712 1.000000
100714 RZPIHalf 100690 1.000000
100714 S 100691 1.000000
100714 X 100827 0.995739
100714 X 100826 0.000895
100718 SX 100686 0.995739
100718 SX 100695 0.000895
100718 SX 100685 0.003365
100718 RZPI 100718 1.000000
100718 RZ3PI 100719 1.000000
100718 RZPIHalf 100827 1.000000
100718 S 100826 1.000000
100718 X 100690 0.995739
100718 X 100691 0.000895
100719 SX 100704 0.995739
100719 SX 100703 0.000895
100719 RZPI 100719 1.000000
100719 RZ3PI 100718 1.000000
100719 RZPIHalf 100826 1.000000
100719 S 100827 1.000000
100719 X 100691 0.995739
100719 X 100690 0.000895
100757 SX 100767 0.995739
100757 SX 100768 0.000895
100757 RZPI 100757 1.000000
100757 RZ3PI 100758 1.000000
100757 RZPIHalf 100817 1.000000
100757 S 100818 1.000000
100757 X 100773 0.995739
100757 X 100772 0.000895
100758 SX 100699 0.995739
100758 SX 100697 0.000895
100758 RZPI 100758 1.000000
100758 RZ3PI 100757 1.000000
100758 RZPIHalf 100818 1.000000
100758 S 100817 1.000000
100758 X 100772 0.995739
100758 X 100773 0.000895
100767 SX 100773 0.995739
100767 SX 100772 0.000895
100767 RZPI 100767 1.000000
100767 RZ3PI 100768 1.000000
100767 RZPIHalf 100703 1.000000
100767 S 100704 1.000000
100767 X 100697 0.995739
100767 X 100699 0.000895
100767 X 100685 0.003365
100768 SX 100758 0.995739
100768 SX 100757 0.000895
100768 RZPI 100768 1.000000
100768 RZ3PI 100767 1.000000
100768 RZPIHalf 100704 1.000000
100768 S 100703 1.000000
100768 X 100699 0.995739
100768 X 100697 0.000895
100768 X 100685 0.003365
100772 SX 100768 0.995739
100772 SX 100767 0.000895
100772 RZPI 100772 1.000000
100772 RZ3PI 100773 1.000000
100772 RZPIHalf 100832 1.000000
100772 S 100831 1.000000
100772 X 100758 0.995739
100772 X 100757 0.000895
100773 SX 100697 0.995739
100773 SX 100699 0.000895
100773 RZPI 100773 1.000000
100773 RZ3PI 100772 1.000000
100773 RZPIHalf 100831 1.000000
100773 S 100832 1.000000
100773 X 100757 0.995739
100773 X 100758 0.000895
100817 SX 100826 0.995739
100817 SX 100827 0.000895
100817 RZPI 100817 1.000000
100817 RZ3PI 100818 1.000000
100817 RZPIHalf 100758 1.000000
100817 S 100757 1.000000
100817 X 100832 0.995739
100817 X 100831 0.000895
100818 SX 100714 0.995739
100818 SX 100712 0.000895
100818 RZPI 100818 1.000000
100818 RZ3PI 100817 1.000000
100818 RZPIHalf 100757 1.000000
100818 S 100758 1.000000
100818 X 100831 0.995739
100818 X 100832 0.000895
100826 SX 100832 0.995739
100826 SX 100831 0.000895
100826 RZPI 100826 1.000000
100826 RZ3PI 100827 1.000000
100826 RZPIHalf 100718 1.000000
100826 S 100719 1.000000
100826 X 100712 0.995739
100826 X 100714 0.000895
100827 SX 100818 0.995739
100827 SX 100817 0.000895
100827 RZPI 100827 1.000000
100827 RZ3PI 100826 1.000000
100827 RZPIHalf 100719 1.000000
100827 S 100718 1.000000
100827 X 100714 0.995739
100827 X 100712 0.000895
100831 SX 100827 0.995739
100831 SX 100826 0.000895
100831 RZPI 100831 1.000000
100831 RZ3PI 100832 1.000000
100831 RZPIHalf 100772 1.000000
100831 S 100773 1.000000
100831 X 100818 0.995739
100831 X 100817 0.000895
100832 SX 100712 0.995739
100832 SX 100714 0.000895
100832 RZPI 100832 1.000000
100832 RZ3PI 100831 1.000000
100832 RZPIHalf 100773 1.000000
100832 S 100772 1.000000
100832 X 100817 0.995739
100832 X 100818 0.000895
100908 SX 100917 0.996635
100908 SX 100685 0.003365
100908 RZPI 100908 1.000000
100908 RZ3PI 100909 1.000000
100908 RZPIHalf 101142 1.000000
100908 S 101144 1.000000
100908 X 100909 0.995739
100908 X 100908 0.000895
100908 X 100685 0.003365
100909 SX 100685 1.000000
100909 RZPI 100909 1.000000
100909 RZ3PI 100908 1.000000
100909 RZPIHalf 101144 1.000000
100909 S 101142 1.000000
100909 X 100908 0.995739
100909 X 100909 0.000895
100909 X 100685 0.003365
100917 SX 100909 0.995739
100917 SX 100908 0.000895
100917 SX 100685 0.003365
100917 RZPI 100917 1.000000
100917 RZ3PI 100917 1.000000
100917 RZPIHalf 100917 1.000000
100917 S 100917 1.000000
100917 X 100685 1.000000
101142 SX 101142 0.995739
101142 SX 101144 0.000895
101142 SX 100685 0.003365
101142 RZPI 101142 1.000000
101142 RZ3PI 101144 1.000000
101142 RZPIHalf 100909 1.000000
101142 S 100908 1.000000
101142 X 101142 0.995739
101142 X 101144 0.000895
101142 X 100685 0.003365
101144 SX 101144 0.995739
101144 SX 101142 0.000895
101144 SX 100685 0.003365
101144 RZPI 101144 1.000000
101144 RZ3PI 101142 1.000000
101144 RZPIHalf 100908 1.000000
101144 S 100909 1.000000
101144 X 101144 0.995739
101144 X 101142 0.000895
101144 X 100685 0.003365
ENDPOMDP
