BEGINPOMDP
INITIALSTATE: 2818
STATES: 2818,2819,2824,2825,2826,2827,2830,2832,2834,2963,2964,2965,2966,2839,2840,2848,2850,2862,2864,2909,2910,2911,2912,2921,2922
REWARDS: 2818:0,2819:0,2824:0,2825:0,2826:0,2827:0,2830:0,2832:0,2834:0,2963:0,2964:0,2965:0,2966:0,2839:0,2840:1,2848:0,2850:0,2862:0,2864:0,2909:0,2910:0,2911:0,2912:0,2921:0,2922:0
GAMMA: 2818:0,2819:0,2824:0,2825:0,2826:0,2827:0,2830:0,2832:0,2834:0,2963:0,2964:0,2965:0,2966:0,2839:0,2840:0,2848:0,2850:0,2862:0,2864:0,2909:0,2910:0,2911:0,2912:0,2921:0,2922:0
BEGINACTIONS
SX
RZPI
RZ3PI
RZPIHalf
S
X
ENDACTIONS
2818 INIT_ 2819 1.000000
2819 SX 2824 0.997151
2819 SX 2825 0.000950
2819 SX 2826 0.000950
2819 SX 2827 0.000950
2819 RZPI 2819 1.000000
2819 RZ3PI 2830 1.000000
2819 RZPIHalf 2832 1.000000
2819 S 2834 1.000000
2819 X 2839 0.997151
2819 X 2819 0.000950
2819 X 2830 0.000950
2819 X 2840 0.000950
2824 SX 2839 0.997151
2824 SX 2819 0.000950
2824 SX 2830 0.000950
2824 SX 2840 0.000950
2824 RZPI 2824 1.000000
2824 RZ3PI 2827 1.000000
2824 RZPIHalf 2848 1.000000
2824 S 2850 1.000000
2824 X 2825 0.997151
2824 X 2824 0.000950
2824 X 2827 0.000950
2824 X 2826 0.000950
2825 SX 2819 0.997151
2825 SX 2839 0.000950
2825 SX 2840 0.000950
2825 SX 2830 0.000950
2825 RZPI 2825 1.000000
2825 RZ3PI 2826 1.000000
2825 RZPIHalf 2862 1.000000
2825 S 2864 1.000000
2825 X 2824 0.997151
2825 X 2825 0.000950
2825 X 2826 0.000950
2825 X 2827 0.000950
2826 SX 2840 0.997151
2826 SX 2830 0.000950
2826 SX 2819 0.000950
2826 SX 2839 0.000950
2826 RZPI 2826 1.000000
2826 RZ3PI 2825 1.000000
2826 RZPIHalf 2864 1.000000
2826 S 2862 1.000000
2826 X 2827 0.997151
2826 X 2826 0.000950
2826 X 2825 0.000950
2826 X 2824 0.000950
2827 SX 2830 0.997151
2827 SX 2840 0.000950
2827 SX 2839 0.000950
2827 SX 2819 0.000950
2827 RZPI 2827 1.000000
2827 RZ3PI 2824 1.000000
2827 RZPIHalf 2850 1.000000
2827 S 2848 1.000000
2827 X 2826 0.997151
2827 X 2827 0.000950
2827 X 2824 0.000950
2827 X 2825 0.000950
2830 SX 2826 0.997151
2830 SX 2827 0.000950
2830 SX 2824 0.000950
2830 SX 2825 0.000950
2830 RZPI 2830 1.000000
2830 RZ3PI 2819 1.000000
2830 RZPIHalf 2834 1.000000
2830 S 2832 1.000000
2830 X 2840 0.997151
2830 X 2830 0.000950
2830 X 2819 0.000950
2830 X 2839 0.000950
2832 SX 2909 0.997151
2832 SX 2910 0.000950
2832 SX 2911 0.000950
2832 SX 2912 0.000950
2832 RZPI 2832 1.000000
2832 RZ3PI 2834 1.000000
2832 RZPIHalf 2830 1.000000
2832 S 2819 1.000000
2832 X 2921 0.997151
2832 X 2832 0.000950
2832 X 2834 0.000950
2832 X 2922 0.000950
2834 SX 2911 0.997151
2834 SX 2912 0.000950
2834 SX 2909 0.000950
2834 SX 2910 0.000950
2834 RZPI 2834 1.000000
2834 RZ3PI 2832 1.000000
2834 RZPIHalf 2819 1.000000
2834 S 2830 1.000000
2834 X 2922 0.997151
2834 X 2834 0.000950
2834 X 2832 0.000950
2834 X 2921 0.000950
2839 SX 2825 0.997151
2839 SX 2824 0.000950
2839 SX 2827 0.000950
2839 SX 2826 0.000950
2839 RZPI 2839 1.000000
2839 RZ3PI 2840 1.000000
2839 RZPIHalf 2922 1.000000
2839 S 2921 1.000000
2839 X 2819 0.997151
2839 X 2839 0.000950
2839 X 2840 0.000950
2839 X 2830 0.000950
2840 SX 2827 0.997151
2840 SX 2826 0.000950
2840 SX 2825 0.000950
2840 SX 2824 0.000950
2840 RZPI 2840 1.000000
2840 RZ3PI 2839 1.000000
2840 RZPIHalf 2921 1.000000
2840 S 2922 1.000000
2840 X 2830 0.997151
2840 X 2840 0.000950
2840 X 2839 0.000950
2840 X 2819 0.000950
2848 SX 2963 0.997151
2848 SX 2964 0.000950
2848 SX 2965 0.000950
2848 SX 2966 0.000950
2848 RZPI 2848 1.000000
2848 RZ3PI 2850 1.000000
2848 RZPIHalf 2827 1.000000
2848 S 2824 1.000000
2848 X 2864 0.997151
2848 X 2848 0.000950
2848 X 2850 0.000950
2848 X 2862 0.000950
2850 SX 2965 0.997151
2850 SX 2966 0.000950
2850 SX 2963 0.000950
2850 SX 2964 0.000950
2850 RZPI 2850 1.000000
2850 RZ3PI 2848 1.000000
2850 RZPIHalf 2824 1.000000
2850 S 2827 1.000000
2850 X 2862 0.997151
2850 X 2850 0.000950
2850 X 2848 0.000950
2850 X 2864 0.000950
2862 SX 2966 0.997151
2862 SX 2965 0.000950
2862 SX 2964 0.000950
2862 SX 2963 0.000950
2862 RZPI 2862 1.000000
2862 RZ3PI 2864 1.000000
2862 RZPIHalf 2826 1.000000
2862 S 2825 1.000000
2862 X 2850 0.997151
2862 X 2862 0.000950
2862 X 2864 0.000950
2862 X 2848 0.000950
2864 SX 2964 0.997151
2864 SX 2963 0.000950
2864 SX 2966 0.000950
2864 SX 2965 0.000950
2864 RZPI 2864 1.000000
2864 RZ3PI 2862 1.000000
2864 RZPIHalf 2825 1.000000
2864 S 2826 1.000000
2864 X 2848 0.997151
2864 X 2864 0.000950
2864 X 2862 0.000950
2864 X 2850 0.000950
2909 SX 2921 0.997151
2909 SX 2832 0.000950
2909 SX 2834 0.000950
2909 SX 2922 0.000950
2909 RZPI 2909 1.000000
2909 RZ3PI 2912 1.000000
2909 RZPIHalf 2963 1.000000
2909 S 2966 1.000000
2909 X 2910 0.997151
2909 X 2909 0.000950
2909 X 2912 0.000950
2909 X 2911 0.000950
2910 SX 2832 0.997151
2910 SX 2921 0.000950
2910 SX 2922 0.000950
2910 SX 2834 0.000950
2910 RZPI 2910 1.000000
2910 RZ3PI 2911 1.000000
2910 RZPIHalf 2965 1.000000
2910 S 2964 1.000000
2910 X 2909 0.997151
2910 X 2910 0.000950
2910 X 2911 0.000950
2910 X 2912 0.000950
2911 SX 2922 0.997151
2911 SX 2834 0.000950
2911 SX 2832 0.000950
2911 SX 2921 0.000950
2911 RZPI 2911 1.000000
2911 RZ3PI 2910 1.000000
2911 RZPIHalf 2964 1.000000
2911 S 2965 1.000000
2911 X 2912 0.997151
2911 X 2911 0.000950
2911 X 2910 0.000950
2911 X 2909 0.000950
2912 SX 2834 0.997151
2912 SX 2922 0.000950
2912 SX 2921 0.000950
2912 SX 2832 0.000950
2912 RZPI 2912 1.000000
2912 RZ3PI 2909 1.000000
2912 RZPIHalf 2966 1.000000
2912 S 2963 1.000000
2912 X 2911 0.997151
2912 X 2912 0.000950
2912 X 2909 0.000950
2912 X 2910 0.000950
2921 SX 2910 0.997151
2921 SX 2909 0.000950
2921 SX 2912 0.000950
2921 SX 2911 0.000950
2921 RZPI 2921 1.000000
2921 RZ3PI 2922 1.000000
2921 RZPIHalf 2839 1.000000
2921 S 2840 1.000000
2921 X 2832 0.997151
2921 X 2921 0.000950
2921 X 2922 0.000950
2921 X 2834 0.000950
2922 SX 2912 0.997151
2922 SX 2911 0.000950
2922 SX 2910 0.000950
2922 SX 2909 0.000950
2922 RZPI 2922 1.000000
2922 RZ3PI 2921 1.000000
2922 RZPIHalf 2840 1.000000
2922 S 2839 1.000000
2922 X 2834 0.997151
2922 X 2922 0.000950
2922 X 2921 0.000950
2922 X 2832 0.000950
2963 SX 2864 0.997151
2963 SX 2848 0.000950
2963 SX 2850 0.000950
2963 SX 2862 0.000950
2963 RZPI 2963 1.000000
2963 RZ3PI 2966 1.000000
2963 RZPIHalf 2912 1.000000
2963 S 2909 1.000000
2963 X 2964 0.997151
2963 X 2963 0.000950
2963 X 2966 0.000950
2963 X 2965 0.000950
2964 SX 2848 0.997151
2964 SX 2864 0.000950
2964 SX 2862 0.000950
2964 SX 2850 0.000950
2964 RZPI 2964 1.000000
2964 RZ3PI 2965 1.000000
2964 RZPIHalf 2910 1.000000
2964 S 2911 1.000000
2964 X 2963 0.997151
2964 X 2964 0.000950
2964 X 2965 0.000950
2964 X 2966 0.000950
2965 SX 2862 0.997151
2965 SX 2850 0.000950
2965 SX 2848 0.000950
2965 SX 2864 0.000950
2965 RZPI 2965 1.000000
2965 RZ3PI 2964 1.000000
2965 RZPIHalf 2911 1.000000
2965 S 2910 1.000000
2965 X 2966 0.997151
2965 X 2965 0.000950
2965 X 2964 0.000950
2965 X 2963 0.000950
2966 SX 2850 0.997151
2966 SX 2862 0.000950
2966 SX 2864 0.000950
2966 SX 2848 0.000950
2966 RZPI 2966 1.000000
2966 RZ3PI 2963 1.000000
2966 RZPIHalf 2909 1.000000
2966 S 2912 1.000000
2966 X 2965 0.997151
2966 X 2966 0.000950
2966 X 2963 0.000950
2966 X 2964 0.000950
ENDPOMDP
