BEGINPOMDP
INITIALSTATE: 1253
STATES: 1283,1285,1297,1299,1344,1345,1346,1347,1356,1357,1253,1254,1259,1260,1261,1262,1265,1267,1269,1398,1399,1400,1401,1274,1275
REWARDS: 1283:0,1285:0,1297:0,1299:0,1344:0,1345:0,1346:0,1347:0,1356:0,1357:0,1253:0,1254:0,1259:0,1260:0,1261:0,1262:0,1265:0,1267:0,1269:0,1398:0,1399:0,1400:0,1401:0,1274:0,1275:1
GAMMA: 1283:0,1285:0,1297:0,1299:0,1344:0,1345:0,1346:0,1347:0,1356:0,1357:0,1253:0,1254:0,1259:0,1260:0,1261:0,1262:0,1265:0,1267:0,1269:0,1398:0,1399:0,1400:0,1401:0,1274:0,1275:0
BEGINACTIONS
SX
RZPI
RZ3PI
RZPIHalf
S
X
ENDACTIONS
1253 INIT_ 1254 1.000000
1254 SX 1259 0.999599
1254 SX 1260 0.000134
1254 SX 1261 0.000134
1254 SX 1262 0.000134
1254 RZPI 1254 1.000000
1254 RZ3PI 1265 1.000000
1254 RZPIHalf 1267 1.000000
1254 S 1269 1.000000
1254 X 1274 0.999599
1254 X 1254 0.000134
1254 X 1265 0.000134
1254 X 1275 0.000134
1259 SX 1274 0.999599
1259 SX 1254 0.000134
1259 SX 1265 0.000134
1259 SX 1275 0.000134
1259 RZPI 1259 1.000000
1259 RZ3PI 1262 1.000000
1259 RZPIHalf 1283 1.000000
1259 S 1285 1.000000
1259 X 1260 0.999599
1259 X 1259 0.000134
1259 X 1262 0.000134
1259 X 1261 0.000134
1260 SX 1254 0.999599
1260 SX 1274 0.000134
1260 SX 1275 0.000134
1260 SX 1265 0.000134
1260 RZPI 1260 1.000000
1260 RZ3PI 1261 1.000000
1260 RZPIHalf 1297 1.000000
1260 S 1299 1.000000
1260 X 1259 0.999599
1260 X 1260 0.000134
1260 X 1261 0.000134
1260 X 1262 0.000134
1261 SX 1275 0.999599
1261 SX 1265 0.000134
1261 SX 1254 0.000134
1261 SX 1274 0.000134
1261 RZPI 1261 1.000000
1261 RZ3PI 1260 1.000000
1261 RZPIHalf 1299 1.000000
1261 S 1297 1.000000
1261 X 1262 0.999599
1261 X 1261 0.000134
1261 X 1260 0.000134
1261 X 1259 0.000134
1262 SX 1265 0.999599
1262 SX 1275 0.000134
1262 SX 1274 0.000134
1262 SX 1254 0.000134
1262 RZPI 1262 1.000000
1262 RZ3PI 1259 1.000000
1262 RZPIHalf 1285 1.000000
1262 S 1283 1.000000
1262 X 1261 0.999599
1262 X 1262 0.000134
1262 X 1259 0.000134
1262 X 1260 0.000134
1265 SX 1261 0.999599
1265 SX 1262 0.000134
1265 SX 1259 0.000134
1265 SX 1260 0.000134
1265 RZPI 1265 1.000000
1265 RZ3PI 1254 1.000000
1265 RZPIHalf 1269 1.000000
1265 S 1267 1.000000
1265 X 1275 0.999599
1265 X 1265 0.000134
1265 X 1254 0.000134
1265 X 1274 0.000134
1267 SX 1344 0.999599
1267 SX 1345 0.000134
1267 SX 1346 0.000134
1267 SX 1347 0.000134
1267 RZPI 1267 1.000000
1267 RZ3PI 1269 1.000000
1267 RZPIHalf 1265 1.000000
1267 S 1254 1.000000
1267 X 1356 0.999599
1267 X 1267 0.000134
1267 X 1269 0.000134
1267 X 1357 0.000134
1269 SX 1346 0.999599
1269 SX 1347 0.000134
1269 SX 1344 0.000134
1269 SX 1345 0.000134
1269 RZPI 1269 1.000000
1269 RZ3PI 1267 1.000000
1269 RZPIHalf 1254 1.000000
1269 S 1265 1.000000
1269 X 1357 0.999599
1269 X 1269 0.000134
1269 X 1267 0.000134
1269 X 1356 0.000134
1274 SX 1260 0.999599
1274 SX 1259 0.000134
1274 SX 1262 0.000134
1274 SX 1261 0.000134
1274 RZPI 1274 1.000000
1274 RZ3PI 1275 1.000000
1274 RZPIHalf 1357 1.000000
1274 S 1356 1.000000
1274 X 1254 0.999599
1274 X 1274 0.000134
1274 X 1275 0.000134
1274 X 1265 0.000134
1275 SX 1262 0.999599
1275 SX 1261 0.000134
1275 SX 1260 0.000134
1275 SX 1259 0.000134
1275 RZPI 1275 1.000000
1275 RZ3PI 1274 1.000000
1275 RZPIHalf 1356 1.000000
1275 S 1357 1.000000
1275 X 1265 0.999599
1275 X 1275 0.000134
1275 X 1274 0.000134
1275 X 1254 0.000134
1283 SX 1398 0.999599
1283 SX 1399 0.000134
1283 SX 1400 0.000134
1283 SX 1401 0.000134
1283 RZPI 1283 1.000000
1283 RZ3PI 1285 1.000000
1283 RZPIHalf 1262 1.000000
1283 S 1259 1.000000
1283 X 1299 0.999599
1283 X 1283 0.000134
1283 X 1285 0.000134
1283 X 1297 0.000134
1285 SX 1400 0.999599
1285 SX 1401 0.000134
1285 SX 1398 0.000134
1285 SX 1399 0.000134
1285 RZPI 1285 1.000000
1285 RZ3PI 1283 1.000000
1285 RZPIHalf 1259 1.000000
1285 S 1262 1.000000
1285 X 1297 0.999599
1285 X 1285 0.000134
1285 X 1283 0.000134
1285 X 1299 0.000134
1297 SX 1401 0.999599
1297 SX 1400 0.000134
1297 SX 1399 0.000134
1297 SX 1398 0.000134
1297 RZPI 1297 1.000000
1297 RZ3PI 1299 1.000000
1297 RZPIHalf 1261 1.000000
1297 S 1260 1.000000
1297 X 1285 0.999599
1297 X 1297 0.000134
1297 X 1299 0.000134
1297 X 1283 0.000134
1299 SX 1399 0.999599
1299 SX 1398 0.000134
1299 SX 1401 0.000134
1299 SX 1400 0.000134
1299 RZPI 1299 1.000000
1299 RZ3PI 1297 1.000000
1299 RZPIHalf 1260 1.000000
1299 S 1261 1.000000
1299 X 1283 0.999599
1299 X 1299 0.000134
1299 X 1297 0.000134
1299 X 1285 0.000134
1344 SX 1356 0.999599
1344 SX 1267 0.000134
1344 SX 1269 0.000134
1344 SX 1357 0.000134
1344 RZPI 1344 1.000000
1344 RZ3PI 1347 1.000000
1344 RZPIHalf 1398 1.000000
1344 S 1401 1.000000
1344 X 1345 0.999599
1344 X 1344 0.000134
1344 X 1347 0.000134
1344 X 1346 0.000134
1345 SX 1267 0.999599
1345 SX 1356 0.000134
1345 SX 1357 0.000134
1345 SX 1269 0.000134
1345 RZPI 1345 1.000000
1345 RZ3PI 1346 1.000000
1345 RZPIHalf 1400 1.000000
1345 S 1399 1.000000
1345 X 1344 0.999599
1345 X 1345 0.000134
1345 X 1346 0.000134
1345 X 1347 0.000134
1346 SX 1357 0.999599
1346 SX 1269 0.000134
1346 SX 1267 0.000134
1346 SX 1356 0.000134
1346 RZPI 1346 1.000000
1346 RZ3PI 1345 1.000000
1346 RZPIHalf 1399 1.000000
1346 S 1400 1.000000
1346 X 1347 0.999599
1346 X 1346 0.000134
1346 X 1345 0.000134
1346 X 1344 0.000134
1347 SX 1269 0.999599
1347 SX 1357 0.000134
1347 SX 1356 0.000134
1347 SX 1267 0.000134
1347 RZPI 1347 1.000000
1347 RZ3PI 1344 1.000000
1347 RZPIHalf 1401 1.000000
1347 S 1398 1.000000
1347 X 1346 0.999599
1347 X 1347 0.000134
1347 X 1344 0.000134
1347 X 1345 0.000134
1356 SX 1345 0.999599
1356 SX 1344 0.000134
1356 SX 1347 0.000134
1356 SX 1346 0.000134
1356 RZPI 1356 1.000000
1356 RZ3PI 1357 1.000000
1356 RZPIHalf 1274 1.000000
1356 S 1275 1.000000
1356 X 1267 0.999599
1356 X 1356 0.000134
1356 X 1357 0.000134
1356 X 1269 0.000134
1357 SX 1347 0.999599
1357 SX 1346 0.000134
1357 SX 1345 0.000134
1357 SX 1344 0.000134
1357 RZPI 1357 1.000000
1357 RZ3PI 1356 1.000000
1357 RZPIHalf 1275 1.000000
1357 S 1274 1.000000
1357 X 1269 0.999599
1357 X 1357 0.000134
1357 X 1356 0.000134
1357 X 1267 0.000134
1398 SX 1299 0.999599
1398 SX 1283 0.000134
1398 SX 1285 0.000134
1398 SX 1297 0.000134
1398 RZPI 1398 1.000000
1398 RZ3PI 1401 1.000000
1398 RZPIHalf 1347 1.000000
1398 S 1344 1.000000
1398 X 1399 0.999599
1398 X 1398 0.000134
1398 X 1401 0.000134
1398 X 1400 0.000134
1399 SX 1283 0.999599
1399 SX 1299 0.000134
1399 SX 1297 0.000134
1399 SX 1285 0.000134
1399 RZPI 1399 1.000000
1399 RZ3PI 1400 1.000000
1399 RZPIHalf 1345 1.000000
1399 S 1346 1.000000
1399 X 1398 0.999599
1399 X 1399 0.000134
1399 X 1400 0.000134
1399 X 1401 0.000134
1400 SX 1297 0.999599
1400 SX 1285 0.000134
1400 SX 1283 0.000134
1400 SX 1299 0.000134
1400 RZPI 1400 1.000000
1400 RZ3PI 1399 1.000000
1400 RZPIHalf 1346 1.000000
1400 S 1345 1.000000
1400 X 1401 0.999599
1400 X 1400 0.000134
1400 X 1399 0.000134
1400 X 1398 0.000134
1401 SX 1285 0.999599
1401 SX 1297 0.000134
1401 SX 1299 0.000134
1401 SX 1283 0.000134
1401 RZPI 1401 1.000000
1401 RZ3PI 1398 1.000000
1401 RZPIHalf 1344 1.000000
1401 S 1347 1.000000
1401 X 1400 0.999599
1401 X 1401 0.000134
1401 X 1398 0.000134
1401 X 1399 0.000134
ENDPOMDP
