BEGINPOMDP
INITIALSTATE: 5322
STATES: 5413,5414,5415,5416,5425,5426,5322,5323,5328,5329,5330,5331,5334,5336,5338,5467,5468,5469,5470,5343,5344,5352,5354,5366,5368
REWARDS: 5413:0,5414:0,5415:0,5416:0,5425:0,5426:0,5322:0,5323:0,5328:0,5329:0,5330:0,5331:0,5334:0,5336:0,5338:0,5467:0,5468:0,5469:0,5470:0,5343:0,5344:1,5352:0,5354:0,5366:0,5368:0
GAMMA: 5413:0,5414:0,5415:0,5416:0,5425:0,5426:0,5322:0,5323:0,5328:0,5329:0,5330:0,5331:0,5334:0,5336:0,5338:0,5467:0,5468:0,5469:0,5470:0,5343:0,5344:0,5352:0,5354:0,5366:0,5368:0
BEGINACTIONS
SX
RZPI
RZ3PI
RZPIHalf
S
X
ENDACTIONS
5322 INIT_ 5323 1.000000
5323 SX 5328 0.996614
5323 SX 5329 0.001129
5323 SX 5330 0.001129
5323 SX 5331 0.001129
5323 RZPI 5323 1.000000
5323 RZ3PI 5334 1.000000
5323 RZPIHalf 5336 1.000000
5323 S 5338 1.000000
5323 X 5343 0.996614
5323 X 5323 0.001129
5323 X 5334 0.001129
5323 X 5344 0.001129
5328 SX 5343 0.996614
5328 SX 5323 0.001129
5328 SX 5334 0.001129
5328 SX 5344 0.001129
5328 RZPI 5328 1.000000
5328 RZ3PI 5331 1.000000
5328 RZPIHalf 5352 1.000000
5328 S 5354 1.000000
5328 X 5329 0.996614
5328 X 5328 0.001129
5328 X 5331 0.001129
5328 X 5330 0.001129
5329 SX 5323 0.996614
5329 SX 5343 0.001129
5329 SX 5344 0.001129
5329 SX 5334 0.001129
5329 RZPI 5329 1.000000
5329 RZ3PI 5330 1.000000
5329 RZPIHalf 5366 1.000000
5329 S 5368 1.000000
5329 X 5328 0.996614
5329 X 5329 0.001129
5329 X 5330 0.001129
5329 X 5331 0.001129
5330 SX 5344 0.996614
5330 SX 5334 0.001129
5330 SX 5323 0.001129
5330 SX 5343 0.001129
5330 RZPI 5330 1.000000
5330 RZ3PI 5329 1.000000
5330 RZPIHalf 5368 1.000000
5330 S 5366 1.000000
5330 X 5331 0.996614
5330 X 5330 0.001129
5330 X 5329 0.001129
5330 X 5328 0.001129
5331 SX 5334 0.996614
5331 SX 5344 0.001129
5331 SX 5343 0.001129
5331 SX 5323 0.001129
5331 RZPI 5331 1.000000
5331 RZ3PI 5328 1.000000
5331 RZPIHalf 5354 1.000000
5331 S 5352 1.000000
5331 X 5330 0.996614
5331 X 5331 0.001129
5331 X 5328 0.001129
5331 X 5329 0.001129
5334 SX 5330 0.996614
5334 SX 5331 0.001129
5334 SX 5328 0.001129
5334 SX 5329 0.001129
5334 RZPI 5334 1.000000
5334 RZ3PI 5323 1.000000
5334 RZPIHalf 5338 1.000000
5334 S 5336 1.000000
5334 X 5344 0.996614
5334 X 5334 0.001129
5334 X 5323 0.001129
5334 X 5343 0.001129
5336 SX 5413 0.996614
5336 SX 5414 0.001129
5336 SX 5415 0.001129
5336 SX 5416 0.001129
5336 RZPI 5336 1.000000
5336 RZ3PI 5338 1.000000
5336 RZPIHalf 5334 1.000000
5336 S 5323 1.000000
5336 X 5425 0.996614
5336 X 5336 0.001129
5336 X 5338 0.001129
5336 X 5426 0.001129
5338 SX 5415 0.996614
5338 SX 5416 0.001129
5338 SX 5413 0.001129
5338 SX 5414 0.001129
5338 RZPI 5338 1.000000
5338 RZ3PI 5336 1.000000
5338 RZPIHalf 5323 1.000000
5338 S 5334 1.000000
5338 X 5426 0.996614
5338 X 5338 0.001129
5338 X 5336 0.001129
5338 X 5425 0.001129
5343 SX 5329 0.996614
5343 SX 5328 0.001129
5343 SX 5331 0.001129
5343 SX 5330 0.001129
5343 RZPI 5343 1.000000
5343 RZ3PI 5344 1.000000
5343 RZPIHalf 5426 1.000000
5343 S 5425 1.000000
5343 X 5323 0.996614
5343 X 5343 0.001129
5343 X 5344 0.001129
5343 X 5334 0.001129
5344 SX 5331 0.996614
5344 SX 5330 0.001129
5344 SX 5329 0.001129
5344 SX 5328 0.001129
5344 RZPI 5344 1.000000
5344 RZ3PI 5343 1.000000
5344 RZPIHalf 5425 1.000000
5344 S 5426 1.000000
5344 X 5334 0.996614
5344 X 5344 0.001129
5344 X 5343 0.001129
5344 X 5323 0.001129
5352 SX 5467 0.996614
5352 SX 5468 0.001129
5352 SX 5469 0.001129
5352 SX 5470 0.001129
5352 RZPI 5352 1.000000
5352 RZ3PI 5354 1.000000
5352 RZPIHalf 5331 1.000000
5352 S 5328 1.000000
5352 X 5368 0.996614
5352 X 5352 0.001129
5352 X 5354 0.001129
5352 X 5366 0.001129
5354 SX 5469 0.996614
5354 SX 5470 0.001129
5354 SX 5467 0.001129
5354 SX 5468 0.001129
5354 RZPI 5354 1.000000
5354 RZ3PI 5352 1.000000
5354 RZPIHalf 5328 1.000000
5354 S 5331 1.000000
5354 X 5366 0.996614
5354 X 5354 0.001129
5354 X 5352 0.001129
5354 X 5368 0.001129
5366 SX 5470 0.996614
5366 SX 5469 0.001129
5366 SX 5468 0.001129
5366 SX 5467 0.001129
5366 RZPI 5366 1.000000
5366 RZ3PI 5368 1.000000
5366 RZPIHalf 5330 1.000000
5366 S 5329 1.000000
5366 X 5354 0.996614
5366 X 5366 0.001129
5366 X 5368 0.001129
5366 X 5352 0.001129
5368 SX 5468 0.996614
5368 SX 5467 0.001129
5368 SX 5470 0.001129
5368 SX 5469 0.001129
5368 RZPI 5368 1.000000
5368 RZ3PI 5366 1.000000
5368 RZPIHalf 5329 1.000000
5368 S 5330 1.000000
5368 X 5352 0.996614
5368 X 5368 0.001129
5368 X 5366 0.001129
5368 X 5354 0.001129
5413 SX 5425 0.996614
5413 SX 5336 0.001129
5413 SX 5338 0.001129
5413 SX 5426 0.001129
5413 RZPI 5413 1.000000
5413 RZ3PI 5416 1.000000
5413 RZPIHalf 5467 1.000000
5413 S 5470 1.000000
5413 X 5414 0.996614
5413 X 5413 0.001129
5413 X 5416 0.001129
5413 X 5415 0.001129
5414 SX 5336 0.996614
5414 SX 5425 0.001129
5414 SX 5426 0.001129
5414 SX 5338 0.001129
5414 RZPI 5414 1.000000
5414 RZ3PI 5415 1.000000
5414 RZPIHalf 5469 1.000000
5414 S 5468 1.000000
5414 X 5413 0.996614
5414 X 5414 0.001129
5414 X 5415 0.001129
5414 X 5416 0.001129
5415 SX 5426 0.996614
5415 SX 5338 0.001129
5415 SX 5336 0.001129
5415 SX 5425 0.001129
5415 RZPI 5415 1.000000
5415 RZ3PI 5414 1.000000
5415 RZPIHalf 5468 1.000000
5415 S 5469 1.000000
5415 X 5416 0.996614
5415 X 5415 0.001129
5415 X 5414 0.001129
5415 X 5413 0.001129
5416 SX 5338 0.996614
5416 SX 5426 0.001129
5416 SX 5425 0.001129
5416 SX 5336 0.001129
5416 RZPI 5416 1.000000
5416 RZ3PI 5413 1.000000
5416 RZPIHalf 5470 1.000000
5416 S 5467 1.000000
5416 X 5415 0.996614
5416 X 5416 0.001129
5416 X 5413 0.001129
5416 X 5414 0.001129
5425 SX 5414 0.996614
5425 SX 5413 0.001129
5425 SX 5416 0.001129
5425 SX 5415 0.001129
5425 RZPI 5425 1.000000
5425 RZ3PI 5426 1.000000
5425 RZPIHalf 5343 1.000000
5425 S 5344 1.000000
5425 X 5336 0.996614
5425 X 5425 0.001129
5425 X 5426 0.001129
5425 X 5338 0.001129
5426 SX 5416 0.996614
5426 SX 5415 0.001129
5426 SX 5414 0.001129
5426 SX 5413 0.001129
5426 RZPI 5426 1.000000
5426 RZ3PI 5425 1.000000
5426 RZPIHalf 5344 1.000000
5426 S 5343 1.000000
5426 X 5338 0.996614
5426 X 5426 0.001129
5426 X 5425 0.001129
5426 X 5336 0.001129
5467 SX 5368 0.996614
5467 SX 5352 0.001129
5467 SX 5354 0.001129
5467 SX 5366 0.001129
5467 RZPI 5467 1.000000
5467 RZ3PI 5470 1.000000
5467 RZPIHalf 5416 1.000000
5467 S 5413 1.000000
5467 X 5468 0.996614
5467 X 5467 0.001129
5467 X 5470 0.001129
5467 X 5469 0.001129
5468 SX 5352 0.996614
5468 SX 5368 0.001129
5468 SX 5366 0.001129
5468 SX 5354 0.001129
5468 RZPI 5468 1.000000
5468 RZ3PI 5469 1.000000
5468 RZPIHalf 5414 1.000000
5468 S 5415 1.000000
5468 X 5467 0.996614
5468 X 5468 0.001129
5468 X 5469 0.001129
5468 X 5470 0.001129
5469 SX 5366 0.996614
5469 SX 5354 0.001129
5469 SX 5352 0.001129
5469 SX 5368 0.001129
5469 RZPI 5469 1.000000
5469 RZ3PI 5468 1.000000
5469 RZPIHalf 5415 1.000000
5469 S 5414 1.000000
5469 X 5470 0.996614
5469 X 5469 0.001129
5469 X 5468 0.001129
5469 X 5467 0.001129
5470 SX 5354 0.996614
5470 SX 5366 0.001129
5470 SX 5368 0.001129
5470 SX 5352 0.001129
5470 RZPI 5470 1.000000
5470 RZ3PI 5467 1.000000
5470 RZPIHalf 5413 1.000000
5470 S 5416 1.000000
5470 X 5469 0.996614
5470 X 5470 0.001129
5470 X 5467 0.001129
5470 X 5468 0.001129
ENDPOMDP
