BEGINPOMDP
INITIALSTATE: 3131
STATES: 3222,3223,3224,3225,3234,3235,3131,3132,3137,3138,3139,3140,3143,3145,3147,3276,3277,3278,3279,3152,3153,3161,3163,3175,3177
REWARDS: 3222:0,3223:0,3224:0,3225:0,3234:0,3235:0,3131:0,3132:0,3137:0,3138:0,3139:0,3140:0,3143:0,3145:0,3147:0,3276:0,3277:0,3278:0,3279:0,3152:0,3153:1,3161:0,3163:0,3175:0,3177:0
GAMMA: 3222:0,3223:0,3224:0,3225:0,3234:0,3235:0,3131:0,3132:0,3137:0,3138:0,3139:0,3140:0,3143:0,3145:0,3147:0,3276:0,3277:0,3278:0,3279:0,3152:0,3153:0,3161:0,3163:0,3175:0,3177:0
BEGINACTIONS
SX
RZPI
RZ3PI
RZPIHalf
S
X
ENDACTIONS
3131 INIT_ 3132 1.000000
3132 SX 3137 0.999619
3132 SX 3138 0.000127
3132 SX 3139 0.000127
3132 SX 3140 0.000127
3132 RZPI 3132 1.000000
3132 RZ3PI 3143 1.000000
3132 RZPIHalf 3145 1.000000
3132 S 3147 1.000000
3132 X 3152 0.999619
3132 X 3132 0.000127
3132 X 3143 0.000127
3132 X 3153 0.000127
3137 SX 3152 0.999619
3137 SX 3132 0.000127
3137 SX 3143 0.000127
3137 SX 3153 0.000127
3137 RZPI 3137 1.000000
3137 RZ3PI 3140 1.000000
3137 RZPIHalf 3161 1.000000
3137 S 3163 1.000000
3137 X 3138 0.999619
3137 X 3137 0.000127
3137 X 3140 0.000127
3137 X 3139 0.000127
3138 SX 3132 0.999619
3138 SX 3152 0.000127
3138 SX 3153 0.000127
3138 SX 3143 0.000127
3138 RZPI 3138 1.000000
3138 RZ3PI 3139 1.000000
3138 RZPIHalf 3175 1.000000
3138 S 3177 1.000000
3138 X 3137 0.999619
3138 X 3138 0.000127
3138 X 3139 0.000127
3138 X 3140 0.000127
3139 SX 3153 0.999619
3139 SX 3143 0.000127
3139 SX 3132 0.000127
3139 SX 3152 0.000127
3139 RZPI 3139 1.000000
3139 RZ3PI 3138 1.000000
3139 RZPIHalf 3177 1.000000
3139 S 3175 1.000000
3139 X 3140 0.999619
3139 X 3139 0.000127
3139 X 3138 0.000127
3139 X 3137 0.000127
3140 SX 3143 0.999619
3140 SX 3153 0.000127
3140 SX 3152 0.000127
3140 SX 3132 0.000127
3140 RZPI 3140 1.000000
3140 RZ3PI 3137 1.000000
3140 RZPIHalf 3163 1.000000
3140 S 3161 1.000000
3140 X 3139 0.999619
3140 X 3140 0.000127
3140 X 3137 0.000127
3140 X 3138 0.000127
3143 SX 3139 0.999619
3143 SX 3140 0.000127
3143 SX 3137 0.000127
3143 SX 3138 0.000127
3143 RZPI 3143 1.000000
3143 RZ3PI 3132 1.000000
3143 RZPIHalf 3147 1.000000
3143 S 3145 1.000000
3143 X 3153 0.999619
3143 X 3143 0.000127
3143 X 3132 0.000127
3143 X 3152 0.000127
3145 SX 3222 0.999619
3145 SX 3223 0.000127
3145 SX 3224 0.000127
3145 SX 3225 0.000127
3145 RZPI 3145 1.000000
3145 RZ3PI 3147 1.000000
3145 RZPIHalf 3143 1.000000
3145 S 3132 1.000000
3145 X 3234 0.999619
3145 X 3145 0.000127
3145 X 3147 0.000127
3145 X 3235 0.000127
3147 SX 3224 0.999619
3147 SX 3225 0.000127
3147 SX 3222 0.000127
3147 SX 3223 0.000127
3147 RZPI 3147 1.000000
3147 RZ3PI 3145 1.000000
3147 RZPIHalf 3132 1.000000
3147 S 3143 1.000000
3147 X 3235 0.999619
3147 X 3147 0.000127
3147 X 3145 0.000127
3147 X 3234 0.000127
3152 SX 3138 0.999619
3152 SX 3137 0.000127
3152 SX 3140 0.000127
3152 SX 3139 0.000127
3152 RZPI 3152 1.000000
3152 RZ3PI 3153 1.000000
3152 RZPIHalf 3235 1.000000
3152 S 3234 1.000000
3152 X 3132 0.999619
3152 X 3152 0.000127
3152 X 3153 0.000127
3152 X 3143 0.000127
3153 SX 3140 0.999619
3153 SX 3139 0.000127
3153 SX 3138 0.000127
3153 SX 3137 0.000127
3153 RZPI 3153 1.000000
3153 RZ3PI 3152 1.000000
3153 RZPIHalf 3234 1.000000
3153 S 3235 1.000000
3153 X 3143 0.999619
3153 X 3153 0.000127
3153 X 3152 0.000127
3153 X 3132 0.000127
3161 SX 3276 0.999619
3161 SX 3277 0.000127
3161 SX 3278 0.000127
3161 SX 3279 0.000127
3161 RZPI 3161 1.000000
3161 RZ3PI 3163 1.000000
3161 RZPIHalf 3140 1.000000
3161 S 3137 1.000000
3161 X 3177 0.999619
3161 X 3161 0.000127
3161 X 3163 0.000127
3161 X 3175 0.000127
3163 SX 3278 0.999619
3163 SX 3279 0.000127
3163 SX 3276 0.000127
3163 SX 3277 0.000127
3163 RZPI 3163 1.000000
3163 RZ3PI 3161 1.000000
3163 RZPIHalf 3137 1.000000
3163 S 3140 1.000000
3163 X 3175 0.999619
3163 X 3163 0.000127
3163 X 3161 0.000127
3163 X 3177 0.000127
3175 SX 3279 0.999619
3175 SX 3278 0.000127
3175 SX 3277 0.000127
3175 SX 3276 0.000127
3175 RZPI 3175 1.000000
3175 RZ3PI 3177 1.000000
3175 RZPIHalf 3139 1.000000
3175 S 3138 1.000000
3175 X 3163 0.999619
3175 X 3175 0.000127
3175 X 3177 0.000127
3175 X 3161 0.000127
3177 SX 3277 0.999619
3177 SX 3276 0.000127
3177 SX 3279 0.000127
3177 SX 3278 0.000127
3177 RZPI 3177 1.000000
3177 RZ3PI 3175 1.000000
3177 RZPIHalf 3138 1.000000
3177 S 3139 1.000000
3177 X 3161 0.999619
3177 X 3177 0.000127
3177 X 3175 0.000127
3177 X 3163 0.000127
3222 SX 3234 0.999619
3222 SX 3145 0.000127
3222 SX 3147 0.000127
3222 SX 3235 0.000127
3222 RZPI 3222 1.000000
3222 RZ3PI 3225 1.000000
3222 RZPIHalf 3276 1.000000
3222 S 3279 1.000000
3222 X 3223 0.999619
3222 X 3222 0.000127
3222 X 3225 0.000127
3222 X 3224 0.000127
3223 SX 3145 0.999619
3223 SX 3234 0.000127
3223 SX 3235 0.000127
3223 SX 3147 0.000127
3223 RZPI 3223 1.000000
3223 RZ3PI 3224 1.000000
3223 RZPIHalf 3278 1.000000
3223 S 3277 1.000000
3223 X 3222 0.999619
3223 X 3223 0.000127
3223 X 3224 0.000127
3223 X 3225 0.000127
3224 SX 3235 0.999619
3224 SX 3147 0.000127
3224 SX 3145 0.000127
3224 SX 3234 0.000127
3224 RZPI 3224 1.000000
3224 RZ3PI 3223 1.000000
3224 RZPIHalf 3277 1.000000
3224 S 3278 1.000000
3224 X 3225 0.999619
3224 X 3224 0.000127
3224 X 3223 0.000127
3224 X 3222 0.000127
3225 SX 3147 0.999619
3225 SX 3235 0.000127
3225 SX 3234 0.000127
3225 SX 3145 0.000127
3225 RZPI 3225 1.000000
3225 RZ3PI 3222 1.000000
3225 RZPIHalf 3279 1.000000
3225 S 3276 1.000000
3225 X 3224 0.999619
3225 X 3225 0.000127
3225 X 3222 0.000127
3225 X 3223 0.000127
3234 SX 3223 0.999619
3234 SX 3222 0.000127
3234 SX 3225 0.000127
3234 SX 3224 0.000127
3234 RZPI 3234 1.000000
3234 RZ3PI 3235 1.000000
3234 RZPIHalf 3152 1.000000
3234 S 3153 1.000000
3234 X 3145 0.999619
3234 X 3234 0.000127
3234 X 3235 0.000127
3234 X 3147 0.000127
3235 SX 3225 0.999619
3235 SX 3224 0.000127
3235 SX 3223 0.000127
3235 SX 3222 0.000127
3235 RZPI 3235 1.000000
3235 RZ3PI 3234 1.000000
3235 RZPIHalf 3153 1.000000
3235 S 3152 1.000000
3235 X 3147 0.999619
3235 X 3235 0.000127
3235 X 3234 0.000127
3235 X 3145 0.000127
3276 SX 3177 0.999619
3276 SX 3161 0.000127
3276 SX 3163 0.000127
3276 SX 3175 0.000127
3276 RZPI 3276 1.000000
3276 RZ3PI 3279 1.000000
3276 RZPIHalf 3225 1.000000
3276 S 3222 1.000000
3276 X 3277 0.999619
3276 X 3276 0.000127
3276 X 3279 0.000127
3276 X 3278 0.000127
3277 SX 3161 0.999619
3277 SX 3177 0.000127
3277 SX 3175 0.000127
3277 SX 3163 0.000127
3277 RZPI 3277 1.000000
3277 RZ3PI 3278 1.000000
3277 RZPIHalf 3223 1.000000
3277 S 3224 1.000000
3277 X 3276 0.999619
3277 X 3277 0.000127
3277 X 3278 0.000127
3277 X 3279 0.000127
3278 SX 3175 0.999619
3278 SX 3163 0.000127
3278 SX 3161 0.000127
3278 SX 3177 0.000127
3278 RZPI 3278 1.000000
3278 RZ3PI 3277 1.000000
3278 RZPIHalf 3224 1.000000
3278 S 3223 1.000000
3278 X 3279 0.999619
3278 X 3278 0.000127
3278 X 3277 0.000127
3278 X 3276 0.000127
3279 SX 3163 0.999619
3279 SX 3175 0.000127
3279 SX 3177 0.000127
3279 SX 3161 0.000127
3279 RZPI 3279 1.000000
3279 RZ3PI 3276 1.000000
3279 RZPIHalf 3222 1.000000
3279 S 3225 1.000000
3279 X 3278 0.999619
3279 X 3279 0.000127
3279 X 3276 0.000127
3279 X 3277 0.000127
ENDPOMDP
