BEGINPOMDP
INITIALSTATE: 940
STATES: 1031,1032,1033,1034,1043,1044,940,941,946,947,948,949,952,954,956,1085,1086,1087,1088,961,962,970,972,984,986
REWARDS: 1031:0,1032:0,1033:0,1034:0,1043:0,1044:0,940:0,941:0,946:0,947:0,948:0,949:0,952:0,954:0,956:0,1085:0,1086:0,1087:0,1088:0,961:0,962:1,970:0,972:0,984:0,986:0
GAMMA: 1031:0,1032:0,1033:0,1034:0,1043:0,1044:0,940:0,941:0,946:0,947:0,948:0,949:0,952:0,954:0,956:0,1085:0,1086:0,1087:0,1088:0,961:0,962:0,970:0,972:0,984:0,986:0
BEGINACTIONS
SX
RZPI
RZ3PI
RZPIHalf
S
X
ENDACTIONS
940 INIT_ 941 1.000000
941 SX 946 0.998413
941 SX 947 0.000529
941 SX 948 0.000529
941 SX 949 0.000529
941 RZPI 941 1.000000
941 RZ3PI 952 1.000000
941 RZPIHalf 954 1.000000
941 S 956 1.000000
941 X 961 0.998413
941 X 941 0.000529
941 X 952 0.000529
941 X 962 0.000529
946 SX 961 0.998413
946 SX 941 0.000529
946 SX 952 0.000529
946 SX 962 0.000529
946 RZPI 946 1.000000
946 RZ3PI 949 1.000000
946 RZPIHalf 970 1.000000
946 S 972 1.000000
946 X 947 0.998413
946 X 946 0.000529
946 X 949 0.000529
946 X 948 0.000529
947 SX 941 0.998413
947 SX 961 0.000529
947 SX 962 0.000529
947 SX 952 0.000529
947 RZPI 947 1.000000
947 RZ3PI 948 1.000000
947 RZPIHalf 984 1.000000
947 S 986 1.000000
947 X 946 0.998413
947 X 947 0.000529
947 X 948 0.000529
947 X 949 0.000529
948 SX 962 0.998413
948 SX 952 0.000529
948 SX 941 0.000529
948 SX 961 0.000529
948 RZPI 948 1.000000
948 RZ3PI 947 1.000000
948 RZPIHalf 986 1.000000
948 S 984 1.000000
948 X 949 0.998413
948 X 948 0.000529
948 X 947 0.000529
948 X 946 0.000529
949 SX 952 0.998413
949 SX 962 0.000529
949 SX 961 0.000529
949 SX 941 0.000529
949 RZPI 949 1.000000
949 RZ3PI 946 1.000000
949 RZPIHalf 972 1.000000
949 S 970 1.000000
949 X 948 0.998413
949 X 949 0.000529
949 X 946 0.000529
949 X 947 0.000529
952 SX 948 0.998413
952 SX 949 0.000529
952 SX 946 0.000529
952 SX 947 0.000529
952 RZPI 952 1.000000
952 RZ3PI 941 1.000000
952 RZPIHalf 956 1.000000
952 S 954 1.000000
952 X 962 0.998413
952 X 952 0.000529
952 X 941 0.000529
952 X 961 0.000529
954 SX 1031 0.998413
954 SX 1032 0.000529
954 SX 1033 0.000529
954 SX 1034 0.000529
954 RZPI 954 1.000000
954 RZ3PI 956 1.000000
954 RZPIHalf 952 1.000000
954 S 941 1.000000
954 X 1043 0.998413
954 X 954 0.000529
954 X 956 0.000529
954 X 1044 0.000529
956 SX 1033 0.998413
956 SX 1034 0.000529
956 SX 1031 0.000529
956 SX 1032 0.000529
956 RZPI 956 1.000000
956 RZ3PI 954 1.000000
956 RZPIHalf 941 1.000000
956 S 952 1.000000
956 X 1044 0.998413
956 X 956 0.000529
956 X 954 0.000529
956 X 1043 0.000529
961 SX 947 0.998413
961 SX 946 0.000529
961 SX 949 0.000529
961 SX 948 0.000529
961 RZPI 961 1.000000
961 RZ3PI 962 1.000000
961 RZPIHalf 1044 1.000000
961 S 1043 1.000000
961 X 941 0.998413
961 X 961 0.000529
961 X 962 0.000529
961 X 952 0.000529
962 SX 949 0.998413
962 SX 948 0.000529
962 SX 947 0.000529
962 SX 946 0.000529
962 RZPI 962 1.000000
962 RZ3PI 961 1.000000
962 RZPIHalf 1043 1.000000
962 S 1044 1.000000
962 X 952 0.998413
962 X 962 0.000529
962 X 961 0.000529
962 X 941 0.000529
970 SX 1085 0.998413
970 SX 1086 0.000529
970 SX 1087 0.000529
970 SX 1088 0.000529
970 RZPI 970 1.000000
970 RZ3PI 972 1.000000
970 RZPIHalf 949 1.000000
970 S 946 1.000000
970 X 986 0.998413
970 X 970 0.000529
970 X 972 0.000529
970 X 984 0.000529
972 SX 1087 0.998413
972 SX 1088 0.000529
972 SX 1085 0.000529
972 SX 1086 0.000529
972 RZPI 972 1.000000
972 RZ3PI 970 1.000000
972 RZPIHalf 946 1.000000
972 S 949 1.000000
972 X 984 0.998413
972 X 972 0.000529
972 X 970 0.000529
972 X 986 0.000529
984 SX 1088 0.998413
984 SX 1087 0.000529
984 SX 1086 0.000529
984 SX 1085 0.000529
984 RZPI 984 1.000000
984 RZ3PI 986 1.000000
984 RZPIHalf 948 1.000000
984 S 947 1.000000
984 X 972 0.998413
984 X 984 0.000529
984 X 986 0.000529
984 X 970 0.000529
986 SX 1086 0.998413
986 SX 1085 0.000529
986 SX 1088 0.000529
986 SX 1087 0.000529
986 RZPI 986 1.000000
986 RZ3PI 984 1.000000
986 RZPIHalf 947 1.000000
986 S 948 1.000000
986 X 970 0.998413
986 X 986 0.000529
986 X 984 0.000529
986 X 972 0.000529
1031 SX 1043 0.998413
1031 SX 954 0.000529
1031 SX 956 0.000529
1031 SX 1044 0.000529
1031 RZPI 1031 1.000000
1031 RZ3PI 1034 1.000000
1031 RZPIHalf 1085 1.000000
1031 S 1088 1.000000
1031 X 1032 0.998413
1031 X 1031 0.000529
1031 X 1034 0.000529
1031 X 1033 0.000529
1032 SX 954 0.998413
1032 SX 1043 0.000529
1032 SX 1044 0.000529
1032 SX 956 0.000529
1032 RZPI 1032 1.000000
1032 RZ3PI 1033 1.000000
1032 RZPIHalf 1087 1.000000
1032 S 1086 1.000000
1032 X 1031 0.998413
1032 X 1032 0.000529
1032 X 1033 0.000529
1032 X 1034 0.000529
1033 SX 1044 0.998413
1033 SX 956 0.000529
1033 SX 954 0.000529
1033 SX 1043 0.000529
1033 RZPI 1033 1.000000
1033 RZ3PI 1032 1.000000
1033 RZPIHalf 1086 1.000000
1033 S 1087 1.000000
1033 X 1034 0.998413
1033 X 1033 0.000529
1033 X 1032 0.000529
1033 X 1031 0.000529
1034 SX 956 0.998413
1034 SX 1044 0.000529
1034 SX 1043 0.000529
1034 SX 954 0.000529
1034 RZPI 1034 1.000000
1034 RZ3PI 1031 1.000000
1034 RZPIHalf 1088 1.000000
1034 S 1085 1.000000
1034 X 1033 0.998413
1034 X 1034 0.000529
1034 X 1031 0.000529
1034 X 1032 0.000529
1043 SX 1032 0.998413
1043 SX 1031 0.000529
1043 SX 1034 0.000529
1043 SX 1033 0.000529
1043 RZPI 1043 1.000000
1043 RZ3PI 1044 1.000000
1043 RZPIHalf 961 1.000000
1043 S 962 1.000000
1043 X 954 0.998413
1043 X 1043 0.000529
1043 X 1044 0.000529
1043 X 956 0.000529
1044 SX 1034 0.998413
1044 SX 1033 0.000529
1044 SX 1032 0.000529
1044 SX 1031 0.000529
1044 RZPI 1044 1.000000
1044 RZ3PI 1043 1.000000
1044 RZPIHalf 962 1.000000
1044 S 961 1.000000
1044 X 956 0.998413
1044 X 1044 0.000529
1044 X 1043 0.000529
1044 X 954 0.000529
1085 SX 986 0.998413
1085 SX 970 0.000529
1085 SX 972 0.000529
1085 SX 984 0.000529
1085 RZPI 1085 1.000000
1085 RZ3PI 1088 1.000000
1085 RZPIHalf 1034 1.000000
1085 S 1031 1.000000
1085 X 1086 0.998413
1085 X 1085 0.000529
1085 X 1088 0.000529
1085 X 1087 0.000529
1086 SX 970 0.998413
1086 SX 986 0.000529
1086 SX 984 0.000529
1086 SX 972 0.000529
1086 RZPI 1086 1.000000
1086 RZ3PI 1087 1.000000
1086 RZPIHalf 1032 1.000000
1086 S 1033 1.000000
1086 X 1085 0.998413
1086 X 1086 0.000529
1086 X 1087 0.000529
1086 X 1088 0.000529
1087 SX 984 0.998413
1087 SX 972 0.000529
1087 SX 970 0.000529
1087 SX 986 0.000529
1087 RZPI 1087 1.000000
1087 RZ3PI 1086 1.000000
1087 RZPIHalf 1033 1.000000
1087 S 1032 1.000000
1087 X 1088 0.998413
1087 X 1087 0.000529
1087 X 1086 0.000529
1087 X 1085 0.000529
1088 SX 972 0.998413
1088 SX 984 0.000529
1088 SX 986 0.000529
1088 SX 970 0.000529
1088 RZPI 1088 1.000000
1088 RZ3PI 1085 1.000000
1088 RZPIHalf 1031 1.000000
1088 S 1034 1.000000
1088 X 1087 0.998413
1088 X 1088 0.000529
1088 X 1085 0.000529
1088 X 1086 0.000529
ENDPOMDP
