BEGINPOMDP
INITIALSTATE: 5948
STATES: 6039,6040,6041,6042,6051,6052,5948,5949,5954,5955,5956,5957,5960,5962,5964,6093,6094,6095,6096,5969,5970,5978,5980,5992,5994
REWARDS: 6039:0,6040:0,6041:0,6042:0,6051:0,6052:0,5948:0,5949:0,5954:0,5955:0,5956:0,5957:0,5960:0,5962:0,5964:0,6093:0,6094:0,6095:0,6096:0,5969:0,5970:1,5978:0,5980:0,5992:0,5994:0
GAMMA: 6039:0,6040:0,6041:0,6042:0,6051:0,6052:0,5948:0,5949:0,5954:0,5955:0,5956:0,5957:0,5960:0,5962:0,5964:0,6093:0,6094:0,6095:0,6096:0,5969:0,5970:0,5978:0,5980:0,5992:0,5994:0
BEGINACTIONS
SX
RZPI
RZ3PI
RZPIHalf
S
X
ENDACTIONS
5948 INIT_ 5949 1.000000
5949 SX 5954 0.994589
5949 SX 5955 0.001804
5949 SX 5956 0.001804
5949 SX 5957 0.001804
5949 RZPI 5949 1.000000
5949 RZ3PI 5960 1.000000
5949 RZPIHalf 5962 1.000000
5949 S 5964 1.000000
5949 X 5969 0.994589
5949 X 5949 0.001804
5949 X 5960 0.001804
5949 X 5970 0.001804
5954 SX 5969 0.994589
5954 SX 5949 0.001804
5954 SX 5960 0.001804
5954 SX 5970 0.001804
5954 RZPI 5954 1.000000
5954 RZ3PI 5957 1.000000
5954 RZPIHalf 5978 1.000000
5954 S 5980 1.000000
5954 X 5955 0.994589
5954 X 5954 0.001804
5954 X 5957 0.001804
5954 X 5956 0.001804
5955 SX 5949 0.994589
5955 SX 5969 0.001804
5955 SX 5970 0.001804
5955 SX 5960 0.001804
5955 RZPI 5955 1.000000
5955 RZ3PI 5956 1.000000
5955 RZPIHalf 5992 1.000000
5955 S 5994 1.000000
5955 X 5954 0.994589
5955 X 5955 0.001804
5955 X 5956 0.001804
5955 X 5957 0.001804
5956 SX 5970 0.994589
5956 SX 5960 0.001804
5956 SX 5949 0.001804
5956 SX 5969 0.001804
5956 RZPI 5956 1.000000
5956 RZ3PI 5955 1.000000
5956 RZPIHalf 5994 1.000000
5956 S 5992 1.000000
5956 X 5957 0.994589
5956 X 5956 0.001804
5956 X 5955 0.001804
5956 X 5954 0.001804
5957 SX 5960 0.994589
5957 SX 5970 0.001804
5957 SX 5969 0.001804
5957 SX 5949 0.001804
5957 RZPI 5957 1.000000
5957 RZ3PI 5954 1.000000
5957 RZPIHalf 5980 1.000000
5957 S 5978 1.000000
5957 X 5956 0.994589
5957 X 5957 0.001804
5957 X 5954 0.001804
5957 X 5955 0.001804
5960 SX 5956 0.994589
5960 SX 5957 0.001804
5960 SX 5954 0.001804
5960 SX 5955 0.001804
5960 RZPI 5960 1.000000
5960 RZ3PI 5949 1.000000
5960 RZPIHalf 5964 1.000000
5960 S 5962 1.000000
5960 X 5970 0.994589
5960 X 5960 0.001804
5960 X 5949 0.001804
5960 X 5969 0.001804
5962 SX 6039 0.994589
5962 SX 6040 0.001804
5962 SX 6041 0.001804
5962 SX 6042 0.001804
5962 RZPI 5962 1.000000
5962 RZ3PI 5964 1.000000
5962 RZPIHalf 5960 1.000000
5962 S 5949 1.000000
5962 X 6051 0.994589
5962 X 5962 0.001804
5962 X 5964 0.001804
5962 X 6052 0.001804
5964 SX 6041 0.994589
5964 SX 6042 0.001804
5964 SX 6039 0.001804
5964 SX 6040 0.001804
5964 RZPI 5964 1.000000
5964 RZ3PI 5962 1.000000
5964 RZPIHalf 5949 1.000000
5964 S 5960 1.000000
5964 X 6052 0.994589
5964 X 5964 0.001804
5964 X 5962 0.001804
5964 X 6051 0.001804
5969 SX 5955 0.994589
5969 SX 5954 0.001804
5969 SX 5957 0.001804
5969 SX 5956 0.001804
5969 RZPI 5969 1.000000
5969 RZ3PI 5970 1.000000
5969 RZPIHalf 6052 1.000000
5969 S 6051 1.000000
5969 X 5949 0.994589
5969 X 5969 0.001804
5969 X 5970 0.001804
5969 X 5960 0.001804
5970 SX 5957 0.994589
5970 SX 5956 0.001804
5970 SX 5955 0.001804
5970 SX 5954 0.001804
5970 RZPI 5970 1.000000
5970 RZ3PI 5969 1.000000
5970 RZPIHalf 6051 1.000000
5970 S 6052 1.000000
5970 X 5960 0.994589
5970 X 5970 0.001804
5970 X 5969 0.001804
5970 X 5949 0.001804
5978 SX 6093 0.994589
5978 SX 6094 0.001804
5978 SX 6095 0.001804
5978 SX 6096 0.001804
5978 RZPI 5978 1.000000
5978 RZ3PI 5980 1.000000
5978 RZPIHalf 5957 1.000000
5978 S 5954 1.000000
5978 X 5994 0.994589
5978 X 5978 0.001804
5978 X 5980 0.001804
5978 X 5992 0.001804
5980 SX 6095 0.994589
5980 SX 6096 0.001804
5980 SX 6093 0.001804
5980 SX 6094 0.001804
5980 RZPI 5980 1.000000
5980 RZ3PI 5978 1.000000
5980 RZPIHalf 5954 1.000000
5980 S 5957 1.000000
5980 X 5992 0.994589
5980 X 5980 0.001804
5980 X 5978 0.001804
5980 X 5994 0.001804
5992 SX 6096 0.994589
5992 SX 6095 0.001804
5992 SX 6094 0.001804
5992 SX 6093 0.001804
5992 RZPI 5992 1.000000
5992 RZ3PI 5994 1.000000
5992 RZPIHalf 5956 1.000000
5992 S 5955 1.000000
5992 X 5980 0.994589
5992 X 5992 0.001804
5992 X 5994 0.001804
5992 X 5978 0.001804
5994 SX 6094 0.994589
5994 SX 6093 0.001804
5994 SX 6096 0.001804
5994 SX 6095 0.001804
5994 RZPI 5994 1.000000
5994 RZ3PI 5992 1.000000
5994 RZPIHalf 5955 1.000000
5994 S 5956 1.000000
5994 X 5978 0.994589
5994 X 5994 0.001804
5994 X 5992 0.001804
5994 X 5980 0.001804
6039 SX 6051 0.994589
6039 SX 5962 0.001804
6039 SX 5964 0.001804
6039 SX 6052 0.001804
6039 RZPI 6039 1.000000
6039 RZ3PI 6042 1.000000
6039 RZPIHalf 6093 1.000000
6039 S 6096 1.000000
6039 X 6040 0.994589
6039 X 6039 0.001804
6039 X 6042 0.001804
6039 X 6041 0.001804
6040 SX 5962 0.994589
6040 SX 6051 0.001804
6040 SX 6052 0.001804
6040 SX 5964 0.001804
6040 RZPI 6040 1.000000
6040 RZ3PI 6041 1.000000
6040 RZPIHalf 6095 1.000000
6040 S 6094 1.000000
6040 X 6039 0.994589
6040 X 6040 0.001804
6040 X 6041 0.001804
6040 X 6042 0.001804
6041 SX 6052 0.994589
6041 SX 5964 0.001804
6041 SX 5962 0.001804
6041 SX 6051 0.001804
6041 RZPI 6041 1.000000
6041 RZ3PI 6040 1.000000
6041 RZPIHalf 6094 1.000000
6041 S 6095 1.000000
6041 X 6042 0.994589
6041 X 6041 0.001804
6041 X 6040 0.001804
6041 X 6039 0.001804
6042 SX 5964 0.994589
6042 SX 6052 0.001804
6042 SX 6051 0.001804
6042 SX 5962 0.001804
6042 RZPI 6042 1.000000
6042 RZ3PI 6039 1.000000
6042 RZPIHalf 6096 1.000000
6042 S 6093 1.000000
6042 X 6041 0.994589
6042 X 6042 0.001804
6042 X 6039 0.001804
6042 X 6040 0.001804
6051 SX 6040 0.994589
6051 SX 6039 0.001804
6051 SX 6042 0.001804
6051 SX 6041 0.001804
6051 RZPI 6051 1.000000
6051 RZ3PI 6052 1.000000
6051 RZPIHalf 5969 1.000000
6051 S 5970 1.000000
6051 X 5962 0.994589
6051 X 6051 0.001804
6051 X 6052 0.001804
6051 X 5964 0.001804
6052 SX 6042 0.994589
6052 SX 6041 0.001804
6052 SX 6040 0.001804
6052 SX 6039 0.001804
6052 RZPI 6052 1.000000
6052 RZ3PI 6051 1.000000
6052 RZPIHalf 5970 1.000000
6052 S 5969 1.000000
6052 X 5964 0.994589
6052 X 6052 0.001804
6052 X 6051 0.001804
6052 X 5962 0.001804
6093 SX 5994 0.994589
6093 SX 5978 0.001804
6093 SX 5980 0.001804
6093 SX 5992 0.001804
6093 RZPI 6093 1.000000
6093 RZ3PI 6096 1.000000
6093 RZPIHalf 6042 1.000000
6093 S 6039 1.000000
6093 X 6094 0.994589
6093 X 6093 0.001804
6093 X 6096 0.001804
6093 X 6095 0.001804
6094 SX 5978 0.994589
6094 SX 5994 0.001804
6094 SX 5992 0.001804
6094 SX 5980 0.001804
6094 RZPI 6094 1.000000
6094 RZ3PI 6095 1.000000
6094 RZPIHalf 6040 1.000000
6094 S 6041 1.000000
6094 X 6093 0.994589
6094 X 6094 0.001804
6094 X 6095 0.001804
6094 X 6096 0.001804
6095 SX 5992 0.994589
6095 SX 5980 0.001804
6095 SX 5978 0.001804
6095 SX 5994 0.001804
6095 RZPI 6095 1.000000
6095 RZ3PI 6094 1.000000
6095 RZPIHalf 6041 1.000000
6095 S 6040 1.000000
6095 X 6096 0.994589
6095 X 6095 0.001804
6095 X 6094 0.001804
6095 X 6093 0.001804
6096 SX 5980 0.994589
6096 SX 5992 0.001804
6096 SX 5994 0.001804
6096 SX 5978 0.001804
6096 RZPI 6096 1.000000
6096 RZ3PI 6093 1.000000
6096 RZPIHalf 6039 1.000000
6096 S 6042 1.000000
6096 X 6095 0.994589
6096 X 6096 0.001804
6096 X 6093 0.001804
6096 X 6094 0.001804
ENDPOMDP
