BEGINPOMDP
INITIALSTATE: 4383
STATES: 4486,4487,4383,4384,4389,4390,4391,4392,4395,4397,4399,4528,4529,4530,4531,4404,4405,4413,4415,4427,4429,4474,4475,4476,4477
REWARDS: 4486:0,4487:0,4383:0,4384:0,4389:0,4390:0,4391:0,4392:0,4395:0,4397:0,4399:0,4528:0,4529:0,4530:0,4531:0,4404:0,4405:1,4413:0,4415:0,4427:0,4429:0,4474:0,4475:0,4476:0,4477:0
GAMMA: 4486:0,4487:0,4383:0,4384:0,4389:0,4390:0,4391:0,4392:0,4395:0,4397:0,4399:0,4528:0,4529:0,4530:0,4531:0,4404:0,4405:0,4413:0,4415:0,4427:0,4429:0,4474:0,4475:0,4476:0,4477:0
BEGINACTIONS
SX
RZPI
RZ3PI
RZPIHalf
S
X
ENDACTIONS
4383 INIT_ 4384 1.000000
4384 SX 4389 0.999683
4384 SX 4390 0.000106
4384 SX 4391 0.000106
4384 SX 4392 0.000106
4384 RZPI 4384 1.000000
4384 RZ3PI 4395 1.000000
4384 RZPIHalf 4397 1.000000
4384 S 4399 1.000000
4384 X 4404 0.999683
4384 X 4384 0.000106
4384 X 4395 0.000106
4384 X 4405 0.000106
4389 SX 4404 0.999683
4389 SX 4384 0.000106
4389 SX 4395 0.000106
4389 SX 4405 0.000106
4389 RZPI 4389 1.000000
4389 RZ3PI 4392 1.000000
4389 RZPIHalf 4413 1.000000
4389 S 4415 1.000000
4389 X 4390 0.999683
4389 X 4389 0.000106
4389 X 4392 0.000106
4389 X 4391 0.000106
4390 SX 4384 0.999683
4390 SX 4404 0.000106
4390 SX 4405 0.000106
4390 SX 4395 0.000106
4390 RZPI 4390 1.000000
4390 RZ3PI 4391 1.000000
4390 RZPIHalf 4427 1.000000
4390 S 4429 1.000000
4390 X 4389 0.999683
4390 X 4390 0.000106
4390 X 4391 0.000106
4390 X 4392 0.000106
4391 SX 4405 0.999683
4391 SX 4395 0.000106
4391 SX 4384 0.000106
4391 SX 4404 0.000106
4391 RZPI 4391 1.000000
4391 RZ3PI 4390 1.000000
4391 RZPIHalf 4429 1.000000
4391 S 4427 1.000000
4391 X 4392 0.999683
4391 X 4391 0.000106
4391 X 4390 0.000106
4391 X 4389 0.000106
4392 SX 4395 0.999683
4392 SX 4405 0.000106
4392 SX 4404 0.000106
4392 SX 4384 0.000106
4392 RZPI 4392 1.000000
4392 RZ3PI 4389 1.000000
4392 RZPIHalf 4415 1.000000
4392 S 4413 1.000000
4392 X 4391 0.999683
4392 X 4392 0.000106
4392 X 4389 0.000106
4392 X 4390 0.000106
4395 SX 4391 0.999683
4395 SX 4392 0.000106
4395 SX 4389 0.000106
4395 SX 4390 0.000106
4395 RZPI 4395 1.000000
4395 RZ3PI 4384 1.000000
4395 RZPIHalf 4399 1.000000
4395 S 4397 1.000000
4395 X 4405 0.999683
4395 X 4395 0.000106
4395 X 4384 0.000106
4395 X 4404 0.000106
4397 SX 4474 0.999683
4397 SX 4475 0.000106
4397 SX 4476 0.000106
4397 SX 4477 0.000106
4397 RZPI 4397 1.000000
4397 RZ3PI 4399 1.000000
4397 RZPIHalf 4395 1.000000
4397 S 4384 1.000000
4397 X 4486 0.999683
4397 X 4397 0.000106
4397 X 4399 0.000106
4397 X 4487 0.000106
4399 SX 4476 0.999683
4399 SX 4477 0.000106
4399 SX 4474 0.000106
4399 SX 4475 0.000106
4399 RZPI 4399 1.000000
4399 RZ3PI 4397 1.000000
4399 RZPIHalf 4384 1.000000
4399 S 4395 1.000000
4399 X 4487 0.999683
4399 X 4399 0.000106
4399 X 4397 0.000106
4399 X 4486 0.000106
4404 SX 4390 0.999683
4404 SX 4389 0.000106
4404 SX 4392 0.000106
4404 SX 4391 0.000106
4404 RZPI 4404 1.000000
4404 RZ3PI 4405 1.000000
4404 RZPIHalf 4487 1.000000
4404 S 4486 1.000000
4404 X 4384 0.999683
4404 X 4404 0.000106
4404 X 4405 0.000106
4404 X 4395 0.000106
4405 SX 4392 0.999683
4405 SX 4391 0.000106
4405 SX 4390 0.000106
4405 SX 4389 0.000106
4405 RZPI 4405 1.000000
4405 RZ3PI 4404 1.000000
4405 RZPIHalf 4486 1.000000
4405 S 4487 1.000000
4405 X 4395 0.999683
4405 X 4405 0.000106
4405 X 4404 0.000106
4405 X 4384 0.000106
4413 SX 4528 0.999683
4413 SX 4529 0.000106
4413 SX 4530 0.000106
4413 SX 4531 0.000106
4413 RZPI 4413 1.000000
4413 RZ3PI 4415 1.000000
4413 RZPIHalf 4392 1.000000
4413 S 4389 1.000000
4413 X 4429 0.999683
4413 X 4413 0.000106
4413 X 4415 0.000106
4413 X 4427 0.000106
4415 SX 4530 0.999683
4415 SX 4531 0.000106
4415 SX 4528 0.000106
4415 SX 4529 0.000106
4415 RZPI 4415 1.000000
4415 RZ3PI 4413 1.000000
4415 RZPIHalf 4389 1.000000
4415 S 4392 1.000000
4415 X 4427 0.999683
4415 X 4415 0.000106
4415 X 4413 0.000106
4415 X 4429 0.000106
4427 SX 4531 0.999683
4427 SX 4530 0.000106
4427 SX 4529 0.000106
4427 SX 4528 0.000106
4427 RZPI 4427 1.000000
4427 RZ3PI 4429 1.000000
4427 RZPIHalf 4391 1.000000
4427 S 4390 1.000000
4427 X 4415 0.999683
4427 X 4427 0.000106
4427 X 4429 0.000106
4427 X 4413 0.000106
4429 SX 4529 0.999683
4429 SX 4528 0.000106
4429 SX 4531 0.000106
4429 SX 4530 0.000106
4429 RZPI 4429 1.000000
4429 RZ3PI 4427 1.000000
4429 RZPIHalf 4390 1.000000
4429 S 4391 1.000000
4429 X 4413 0.999683
4429 X 4429 0.000106
4429 X 4427 0.000106
4429 X 4415 0.000106
4474 SX 4486 0.999683
4474 SX 4397 0.000106
4474 SX 4399 0.000106
4474 SX 4487 0.000106
4474 RZPI 4474 1.000000
4474 RZ3PI 4477 1.000000
4474 RZPIHalf 4528 1.000000
4474 S 4531 1.000000
4474 X 4475 0.999683
4474 X 4474 0.000106
4474 X 4477 0.000106
4474 X 4476 0.000106
4475 SX 4397 0.999683
4475 SX 4486 0.000106
4475 SX 4487 0.000106
4475 SX 4399 0.000106
4475 RZPI 4475 1.000000
4475 RZ3PI 4476 1.000000
4475 RZPIHalf 4530 1.000000
4475 S 4529 1.000000
4475 X 4474 0.999683
4475 X 4475 0.000106
4475 X 4476 0.000106
4475 X 4477 0.000106
4476 SX 4487 0.999683
4476 SX 4399 0.000106
4476 SX 4397 0.000106
4476 SX 4486 0.000106
4476 RZPI 4476 1.000000
4476 RZ3PI 4475 1.000000
4476 RZPIHalf 4529 1.000000
4476 S 4530 1.000000
4476 X 4477 0.999683
4476 X 4476 0.000106
4476 X 4475 0.000106
4476 X 4474 0.000106
4477 SX 4399 0.999683
4477 SX 4487 0.000106
4477 SX 4486 0.000106
4477 SX 4397 0.000106
4477 RZPI 4477 1.000000
4477 RZ3PI 4474 1.000000
4477 RZPIHalf 4531 1.000000
4477 S 4528 1.000000
4477 X 4476 0.999683
4477 X 4477 0.000106
4477 X 4474 0.000106
4477 X 4475 0.000106
4486 SX 4475 0.999683
4486 SX 4474 0.000106
4486 SX 4477 0.000106
4486 SX 4476 0.000106
4486 RZPI 4486 1.000000
4486 RZ3PI 4487 1.000000
4486 RZPIHalf 4404 1.000000
4486 S 4405 1.000000
4486 X 4397 0.999683
4486 X 4486 0.000106
4486 X 4487 0.000106
4486 X 4399 0.000106
4487 SX 4477 0.999683
4487 SX 4476 0.000106
4487 SX 4475 0.000106
4487 SX 4474 0.000106
4487 RZPI 4487 1.000000
4487 RZ3PI 4486 1.000000
4487 RZPIHalf 4405 1.000000
4487 S 4404 1.000000
4487 X 4399 0.999683
4487 X 4487 0.000106
4487 X 4486 0.000106
4487 X 4397 0.000106
4528 SX 4429 0.999683
4528 SX 4413 0.000106
4528 SX 4415 0.000106
4528 SX 4427 0.000106
4528 RZPI 4528 1.000000
4528 RZ3PI 4531 1.000000
4528 RZPIHalf 4477 1.000000
4528 S 4474 1.000000
4528 X 4529 0.999683
4528 X 4528 0.000106
4528 X 4531 0.000106
4528 X 4530 0.000106
4529 SX 4413 0.999683
4529 SX 4429 0.000106
4529 SX 4427 0.000106
4529 SX 4415 0.000106
4529 RZPI 4529 1.000000
4529 RZ3PI 4530 1.000000
4529 RZPIHalf 4475 1.000000
4529 S 4476 1.000000
4529 X 4528 0.999683
4529 X 4529 0.000106
4529 X 4530 0.000106
4529 X 4531 0.000106
4530 SX 4427 0.999683
4530 SX 4415 0.000106
4530 SX 4413 0.000106
4530 SX 4429 0.000106
4530 RZPI 4530 1.000000
4530 RZ3PI 4529 1.000000
4530 RZPIHalf 4476 1.000000
4530 S 4475 1.000000
4530 X 4531 0.999683
4530 X 4530 0.000106
4530 X 4529 0.000106
4530 X 4528 0.000106
4531 SX 4415 0.999683
4531 SX 4427 0.000106
4531 SX 4429 0.000106
4531 SX 4413 0.000106
4531 RZPI 4531 1.000000
4531 RZ3PI 4528 1.000000
4531 RZPIHalf 4474 1.000000
4531 S 4477 1.000000
4531 X 4530 0.999683
4531 X 4531 0.000106
4531 X 4528 0.000106
4531 X 4529 0.000106
ENDPOMDP
