BEGINPOMDP
INITIALSTATE: 5635
STATES: 5635,5636,5641,5642,5643,5644,5647,5649,5651,5780,5781,5782,5783,5656,5657,5665,5667,5679,5681,5726,5727,5728,5729,5738,5739
REWARDS: 5635:0,5636:0,5641:0,5642:0,5643:0,5644:0,5647:0,5649:0,5651:0,5780:0,5781:0,5782:0,5783:0,5656:0,5657:1,5665:0,5667:0,5679:0,5681:0,5726:0,5727:0,5728:0,5729:0,5738:0,5739:0
GAMMA: 5635:0,5636:0,5641:0,5642:0,5643:0,5644:0,5647:0,5649:0,5651:0,5780:0,5781:0,5782:0,5783:0,5656:0,5657:0,5665:0,5667:0,5679:0,5681:0,5726:0,5727:0,5728:0,5729:0,5738:0,5739:0
BEGINACTIONS
SX
RZPI
RZ3PI
RZPIHalf
S
X
ENDACTIONS
5635 INIT_ 5636 1.000000
5636 SX 5641 0.999335
5636 SX 5642 0.000222
5636 SX 5643 0.000222
5636 SX 5644 0.000222
5636 RZPI 5636 1.000000
5636 RZ3PI 5647 1.000000
5636 RZPIHalf 5649 1.000000
5636 S 5651 1.000000
5636 X 5656 0.999335
5636 X 5636 0.000222
5636 X 5647 0.000222
5636 X 5657 0.000222
5641 SX 5656 0.999335
5641 SX 5636 0.000222
5641 SX 5647 0.000222
5641 SX 5657 0.000222
5641 RZPI 5641 1.000000
5641 RZ3PI 5644 1.000000
5641 RZPIHalf 5665 1.000000
5641 S 5667 1.000000
5641 X 5642 0.999335
5641 X 5641 0.000222
5641 X 5644 0.000222
5641 X 5643 0.000222
5642 SX 5636 0.999335
5642 SX 5656 0.000222
5642 SX 5657 0.000222
5642 SX 5647 0.000222
5642 RZPI 5642 1.000000
5642 RZ3PI 5643 1.000000
5642 RZPIHalf 5679 1.000000
5642 S 5681 1.000000
5642 X 5641 0.999335
5642 X 5642 0.000222
5642 X 5643 0.000222
5642 X 5644 0.000222
5643 SX 5657 0.999335
5643 SX 5647 0.000222
5643 SX 5636 0.000222
5643 SX 5656 0.000222
5643 RZPI 5643 1.000000
5643 RZ3PI 5642 1.000000
5643 RZPIHalf 5681 1.000000
5643 S 5679 1.000000
5643 X 5644 0.999335
5643 X 5643 0.000222
5643 X 5642 0.000222
5643 X 5641 0.000222
5644 SX 5647 0.999335
5644 SX 5657 0.000222
5644 SX 5656 0.000222
5644 SX 5636 0.000222
5644 RZPI 5644 1.000000
5644 RZ3PI 5641 1.000000
5644 RZPIHalf 5667 1.000000
5644 S 5665 1.000000
5644 X 5643 0.999335
5644 X 5644 0.000222
5644 X 5641 0.000222
5644 X 5642 0.000222
5647 SX 5643 0.999335
5647 SX 5644 0.000222
5647 SX 5641 0.000222
5647 SX 5642 0.000222
5647 RZPI 5647 1.000000
5647 RZ3PI 5636 1.000000
5647 RZPIHalf 5651 1.000000
5647 S 5649 1.000000
5647 X 5657 0.999335
5647 X 5647 0.000222
5647 X 5636 0.000222
5647 X 5656 0.000222
5649 SX 5726 0.999335
5649 SX 5727 0.000222
5649 SX 5728 0.000222
5649 SX 5729 0.000222
5649 RZPI 5649 1.000000
5649 RZ3PI 5651 1.000000
5649 RZPIHalf 5647 1.000000
5649 S 5636 1.000000
5649 X 5738 0.999335
5649 X 5649 0.000222
5649 X 5651 0.000222
5649 X 5739 0.000222
5651 SX 5728 0.999335
5651 SX 5729 0.000222
5651 SX 5726 0.000222
5651 SX 5727 0.000222
5651 RZPI 5651 1.000000
5651 RZ3PI 5649 1.000000
5651 RZPIHalf 5636 1.000000
5651 S 5647 1.000000
5651 X 5739 0.999335
5651 X 5651 0.000222
5651 X 5649 0.000222
5651 X 5738 0.000222
5656 SX 5642 0.999335
5656 SX 5641 0.000222
5656 SX 5644 0.000222
5656 SX 5643 0.000222
5656 RZPI 5656 1.000000
5656 RZ3PI 5657 1.000000
5656 RZPIHalf 5739 1.000000
5656 S 5738 1.000000
5656 X 5636 0.999335
5656 X 5656 0.000222
5656 X 5657 0.000222
5656 X 5647 0.000222
5657 SX 5644 0.999335
5657 SX 5643 0.000222
5657 SX 5642 0.000222
5657 SX 5641 0.000222
5657 RZPI 5657 1.000000
5657 RZ3PI 5656 1.000000
5657 RZPIHalf 5738 1.000000
5657 S 5739 1.000000
5657 X 5647 0.999335
5657 X 5657 0.000222
5657 X 5656 0.000222
5657 X 5636 0.000222
5665 SX 5780 0.999335
5665 SX 5781 0.000222
5665 SX 5782 0.000222
5665 SX 5783 0.000222
5665 RZPI 5665 1.000000
5665 RZ3PI 5667 1.000000
5665 RZPIHalf 5644 1.000000
5665 S 5641 1.000000
5665 X 5681 0.999335
5665 X 5665 0.000222
5665 X 5667 0.000222
5665 X 5679 0.000222
5667 SX 5782 0.999335
5667 SX 5783 0.000222
5667 SX 5780 0.000222
5667 SX 5781 0.000222
5667 RZPI 5667 1.000000
5667 RZ3PI 5665 1.000000
5667 RZPIHalf 5641 1.000000
5667 S 5644 1.000000
5667 X 5679 0.999335
5667 X 5667 0.000222
5667 X 5665 0.000222
5667 X 5681 0.000222
5679 SX 5783 0.999335
5679 SX 5782 0.000222
5679 SX 5781 0.000222
5679 SX 5780 0.000222
5679 RZPI 5679 1.000000
5679 RZ3PI 5681 1.000000
5679 RZPIHalf 5643 1.000000
5679 S 5642 1.000000
5679 X 5667 0.999335
5679 X 5679 0.000222
5679 X 5681 0.000222
5679 X 5665 0.000222
5681 SX 5781 0.999335
5681 SX 5780 0.000222
5681 SX 5783 0.000222
5681 SX 5782 0.000222
5681 RZPI 5681 1.000000
5681 RZ3PI 5679 1.000000
5681 RZPIHalf 5642 1.000000
5681 S 5643 1.000000
5681 X 5665 0.999335
5681 X 5681 0.000222
5681 X 5679 0.000222
5681 X 5667 0.000222
5726 SX 5738 0.999335
5726 SX 5649 0.000222
5726 SX 5651 0.000222
5726 SX 5739 0.000222
5726 RZPI 5726 1.000000
5726 RZ3PI 5729 1.000000
5726 RZPIHalf 5780 1.000000
5726 S 5783 1.000000
5726 X 5727 0.999335
5726 X 5726 0.000222
5726 X 5729 0.000222
5726 X 5728 0.000222
5727 SX 5649 0.999335
5727 SX 5738 0.000222
5727 SX 5739 0.000222
5727 SX 5651 0.000222
5727 RZPI 5727 1.000000
5727 RZ3PI 5728 1.000000
5727 RZPIHalf 5782 1.000000
5727 S 5781 1.000000
5727 X 5726 0.999335
5727 X 5727 0.000222
5727 X 5728 0.000222
5727 X 5729 0.000222
5728 SX 5739 0.999335
5728 SX 5651 0.000222
5728 SX 5649 0.000222
5728 SX 5738 0.000222
5728 RZPI 5728 1.000000
5728 RZ3PI 5727 1.000000
5728 RZPIHalf 5781 1.000000
5728 S 5782 1.000000
5728 X 5729 0.999335
5728 X 5728 0.000222
5728 X 5727 0.000222
5728 X 5726 0.000222
5729 SX 5651 0.999335
5729 SX 5739 0.000222
5729 SX 5738 0.000222
5729 SX 5649 0.000222
5729 RZPI 5729 1.000000
5729 RZ3PI 5726 1.000000
5729 RZPIHalf 5783 1.000000
5729 S 5780 1.000000
5729 X 5728 0.999335
5729 X 5729 0.000222
5729 X 5726 0.000222
5729 X 5727 0.000222
5738 SX 5727 0.999335
5738 SX 5726 0.000222
5738 SX 5729 0.000222
5738 SX 5728 0.000222
5738 RZPI 5738 1.000000
5738 RZ3PI 5739 1.000000
5738 RZPIHalf 5656 1.000000
5738 S 5657 1.000000
5738 X 5649 0.999335
5738 X 5738 0.000222
5738 X 5739 0.000222
5738 X 5651 0.000222
5739 SX 5729 0.999335
5739 SX 5728 0.000222
5739 SX 5727 0.000222
5739 SX 5726 0.000222
5739 RZPI 5739 1.000000
5739 RZ3PI 5738 1.000000
5739 RZPIHalf 5657 1.000000
5739 S 5656 1.000000
5739 X 5651 0.999335
5739 X 5739 0.000222
5739 X 5738 0.000222
5739 X 5649 0.000222
5780 SX 5681 0.999335
5780 SX 5665 0.000222
5780 SX 5667 0.000222
5780 SX 5679 0.000222
5780 RZPI 5780 1.000000
5780 RZ3PI 5783 1.000000
5780 RZPIHalf 5729 1.000000
5780 S 5726 1.000000
5780 X 5781 0.999335
5780 X 5780 0.000222
5780 X 5783 0.000222
5780 X 5782 0.000222
5781 SX 5665 0.999335
5781 SX 5681 0.000222
5781 SX 5679 0.000222
5781 SX 5667 0.000222
5781 RZPI 5781 1.000000
5781 RZ3PI 5782 1.000000
5781 RZPIHalf 5727 1.000000
5781 S 5728 1.000000
5781 X 5780 0.999335
5781 X 5781 0.000222
5781 X 5782 0.000222
5781 X 5783 0.000222
5782 SX 5679 0.999335
5782 SX 5667 0.000222
5782 SX 5665 0.000222
5782 SX 5681 0.000222
5782 RZPI 5782 1.000000
5782 RZ3PI 5781 1.000000
5782 RZPIHalf 5728 1.000000
5782 S 5727 1.000000
5782 X 5783 0.999335
5782 X 5782 0.000222
5782 X 5781 0.000222
5782 X 5780 0.000222
5783 SX 5667 0.999335
5783 SX 5679 0.000222
5783 SX 5681 0.000222
5783 SX 5665 0.000222
5783 RZPI 5783 1.000000
5783 RZ3PI 5780 1.000000
5783 RZPIHalf 5726 1.000000
5783 S 5729 1.000000
5783 X 5782 0.999335
5783 X 5783 0.000222
5783 X 5780 0.000222
5783 X 5781 0.000222
ENDPOMDP
