BEGINPOMDP
INITIALSTATE: 4696
STATES: 4740,4742,4787,4788,4789,4790,4799,4800,4696,4697,4702,4703,4704,4705,4708,4710,4712,4841,4842,4843,4844,4717,4718,4726,4728
REWARDS: 4740:0,4742:0,4787:0,4788:0,4789:0,4790:0,4799:0,4800:0,4696:0,4697:0,4702:0,4703:0,4704:0,4705:0,4708:0,4710:0,4712:0,4841:0,4842:0,4843:0,4844:0,4717:0,4718:1,4726:0,4728:0
GAMMA: 4740:0,4742:0,4787:0,4788:0,4789:0,4790:0,4799:0,4800:0,4696:0,4697:0,4702:0,4703:0,4704:0,4705:0,4708:0,4710:0,4712:0,4841:0,4842:0,4843:0,4844:0,4717:0,4718:0,4726:0,4728:0
BEGINACTIONS
SX
RZPI
RZ3PI
RZPIHalf
S
X
ENDACTIONS
4696 INIT_ 4697 1.000000
4697 SX 4702 0.998333
4697 SX 4703 0.000556
4697 SX 4704 0.000556
4697 SX 4705 0.000556
4697 RZPI 4697 1.000000
4697 RZ3PI 4708 1.000000
4697 RZPIHalf 4710 1.000000
4697 S 4712 1.000000
4697 X 4717 0.998333
4697 X 4697 0.000556
4697 X 4708 0.000556
4697 X 4718 0.000556
4702 SX 4717 0.998333
4702 SX 4697 0.000556
4702 SX 4708 0.000556
4702 SX 4718 0.000556
4702 RZPI 4702 1.000000
4702 RZ3PI 4705 1.000000
4702 RZPIHalf 4726 1.000000
4702 S 4728 1.000000
4702 X 4703 0.998333
4702 X 4702 0.000556
4702 X 4705 0.000556
4702 X 4704 0.000556
4703 SX 4697 0.998333
4703 SX 4717 0.000556
4703 SX 4718 0.000556
4703 SX 4708 0.000556
4703 RZPI 4703 1.000000
4703 RZ3PI 4704 1.000000
4703 RZPIHalf 4740 1.000000
4703 S 4742 1.000000
4703 X 4702 0.998333
4703 X 4703 0.000556
4703 X 4704 0.000556
4703 X 4705 0.000556
4704 SX 4718 0.998333
4704 SX 4708 0.000556
4704 SX 4697 0.000556
4704 SX 4717 0.000556
4704 RZPI 4704 1.000000
4704 RZ3PI 4703 1.000000
4704 RZPIHalf 4742 1.000000
4704 S 4740 1.000000
4704 X 4705 0.998333
4704 X 4704 0.000556
4704 X 4703 0.000556
4704 X 4702 0.000556
4705 SX 4708 0.998333
4705 SX 4718 0.000556
4705 SX 4717 0.000556
4705 SX 4697 0.000556
4705 RZPI 4705 1.000000
4705 RZ3PI 4702 1.000000
4705 RZPIHalf 4728 1.000000
4705 S 4726 1.000000
4705 X 4704 0.998333
4705 X 4705 0.000556
4705 X 4702 0.000556
4705 X 4703 0.000556
4708 SX 4704 0.998333
4708 SX 4705 0.000556
4708 SX 4702 0.000556
4708 SX 4703 0.000556
4708 RZPI 4708 1.000000
4708 RZ3PI 4697 1.000000
4708 RZPIHalf 4712 1.000000
4708 S 4710 1.000000
4708 X 4718 0.998333
4708 X 4708 0.000556
4708 X 4697 0.000556
4708 X 4717 0.000556
4710 SX 4787 0.998333
4710 SX 4788 0.000556
4710 SX 4789 0.000556
4710 SX 4790 0.000556
4710 RZPI 4710 1.000000
4710 RZ3PI 4712 1.000000
4710 RZPIHalf 4708 1.000000
4710 S 4697 1.000000
4710 X 4799 0.998333
4710 X 4710 0.000556
4710 X 4712 0.000556
4710 X 4800 0.000556
4712 SX 4789 0.998333
4712 SX 4790 0.000556
4712 SX 4787 0.000556
4712 SX 4788 0.000556
4712 RZPI 4712 1.000000
4712 RZ3PI 4710 1.000000
4712 RZPIHalf 4697 1.000000
4712 S 4708 1.000000
4712 X 4800 0.998333
4712 X 4712 0.000556
4712 X 4710 0.000556
4712 X 4799 0.000556
4717 SX 4703 0.998333
4717 SX 4702 0.000556
4717 SX 4705 0.000556
4717 SX 4704 0.000556
4717 RZPI 4717 1.000000
4717 RZ3PI 4718 1.000000
4717 RZPIHalf 4800 1.000000
4717 S 4799 1.000000
4717 X 4697 0.998333
4717 X 4717 0.000556
4717 X 4718 0.000556
4717 X 4708 0.000556
4718 SX 4705 0.998333
4718 SX 4704 0.000556
4718 SX 4703 0.000556
4718 SX 4702 0.000556
4718 RZPI 4718 1.000000
4718 RZ3PI 4717 1.000000
4718 RZPIHalf 4799 1.000000
4718 S 4800 1.000000
4718 X 4708 0.998333
4718 X 4718 0.000556
4718 X 4717 0.000556
4718 X 4697 0.000556
4726 SX 4841 0.998333
4726 SX 4842 0.000556
4726 SX 4843 0.000556
4726 SX 4844 0.000556
4726 RZPI 4726 1.000000
4726 RZ3PI 4728 1.000000
4726 RZPIHalf 4705 1.000000
4726 S 4702 1.000000
4726 X 4742 0.998333
4726 X 4726 0.000556
4726 X 4728 0.000556
4726 X 4740 0.000556
4728 SX 4843 0.998333
4728 SX 4844 0.000556
4728 SX 4841 0.000556
4728 SX 4842 0.000556
4728 RZPI 4728 1.000000
4728 RZ3PI 4726 1.000000
4728 RZPIHalf 4702 1.000000
4728 S 4705 1.000000
4728 X 4740 0.998333
4728 X 4728 0.000556
4728 X 4726 0.000556
4728 X 4742 0.000556
4740 SX 4844 0.998333
4740 SX 4843 0.000556
4740 SX 4842 0.000556
4740 SX 4841 0.000556
4740 RZPI 4740 1.000000
4740 RZ3PI 4742 1.000000
4740 RZPIHalf 4704 1.000000
4740 S 4703 1.000000
4740 X 4728 0.998333
4740 X 4740 0.000556
4740 X 4742 0.000556
4740 X 4726 0.000556
4742 SX 4842 0.998333
4742 SX 4841 0.000556
4742 SX 4844 0.000556
4742 SX 4843 0.000556
4742 RZPI 4742 1.000000
4742 RZ3PI 4740 1.000000
4742 RZPIHalf 4703 1.000000
4742 S 4704 1.000000
4742 X 4726 0.998333
4742 X 4742 0.000556
4742 X 4740 0.000556
4742 X 4728 0.000556
4787 SX 4799 0.998333
4787 SX 4710 0.000556
4787 SX 4712 0.000556
4787 SX 4800 0.000556
4787 RZPI 4787 1.000000
4787 RZ3PI 4790 1.000000
4787 RZPIHalf 4841 1.000000
4787 S 4844 1.000000
4787 X 4788 0.998333
4787 X 4787 0.000556
4787 X 4790 0.000556
4787 X 4789 0.000556
4788 SX 4710 0.998333
4788 SX 4799 0.000556
4788 SX 4800 0.000556
4788 SX 4712 0.000556
4788 RZPI 4788 1.000000
4788 RZ3PI 4789 1.000000
4788 RZPIHalf 4843 1.000000
4788 S 4842 1.000000
4788 X 4787 0.998333
4788 X 4788 0.000556
4788 X 4789 0.000556
4788 X 4790 0.000556
4789 SX 4800 0.998333
4789 SX 4712 0.000556
4789 SX 4710 0.000556
4789 SX 4799 0.000556
4789 RZPI 4789 1.000000
4789 RZ3PI 4788 1.000000
4789 RZPIHalf 4842 1.000000
4789 S 4843 1.000000
4789 X 4790 0.998333
4789 X 4789 0.000556
4789 X 4788 0.000556
4789 X 4787 0.000556
4790 SX 4712 0.998333
4790 SX 4800 0.000556
4790 SX 4799 0.000556
4790 SX 4710 0.000556
4790 RZPI 4790 1.000000
4790 RZ3PI 4787 1.000000
4790 RZPIHalf 4844 1.000000
4790 S 4841 1.000000
4790 X 4789 0.998333
4790 X 4790 0.000556
4790 X 4787 0.000556
4790 X 4788 0.000556
4799 SX 4788 0.998333
4799 SX 4787 0.000556
4799 SX 4790 0.000556
4799 SX 4789 0.000556
4799 RZPI 4799 1.000000
4799 RZ3PI 4800 1.000000
4799 RZPIHalf 4717 1.000000
4799 S 4718 1.000000
4799 X 4710 0.998333
4799 X 4799 0.000556
4799 X 4800 0.000556
4799 X 4712 0.000556
4800 SX 4790 0.998333
4800 SX 4789 0.000556
4800 SX 4788 0.000556
4800 SX 4787 0.000556
4800 RZPI 4800 1.000000
4800 RZ3PI 4799 1.000000
4800 RZPIHalf 4718 1.000000
4800 S 4717 1.000000
4800 X 4712 0.998333
4800 X 4800 0.000556
4800 X 4799 0.000556
4800 X 4710 0.000556
4841 SX 4742 0.998333
4841 SX 4726 0.000556
4841 SX 4728 0.000556
4841 SX 4740 0.000556
4841 RZPI 4841 1.000000
4841 RZ3PI 4844 1.000000
4841 RZPIHalf 4790 1.000000
4841 S 4787 1.000000
4841 X 4842 0.998333
4841 X 4841 0.000556
4841 X 4844 0.000556
4841 X 4843 0.000556
4842 SX 4726 0.998333
4842 SX 4742 0.000556
4842 SX 4740 0.000556
4842 SX 4728 0.000556
4842 RZPI 4842 1.000000
4842 RZ3PI 4843 1.000000
4842 RZPIHalf 4788 1.000000
4842 S 4789 1.000000
4842 X 4841 0.998333
4842 X 4842 0.000556
4842 X 4843 0.000556
4842 X 4844 0.000556
4843 SX 4740 0.998333
4843 SX 4728 0.000556
4843 SX 4726 0.000556
4843 SX 4742 0.000556
4843 RZPI 4843 1.000000
4843 RZ3PI 4842 1.000000
4843 RZPIHalf 4789 1.000000
4843 S 4788 1.000000
4843 X 4844 0.998333
4843 X 4843 0.000556
4843 X 4842 0.000556
4843 X 4841 0.000556
4844 SX 4728 0.998333
4844 SX 4740 0.000556
4844 SX 4742 0.000556
4844 SX 4726 0.000556
4844 RZPI 4844 1.000000
4844 RZ3PI 4841 1.000000
4844 RZPIHalf 4787 1.000000
4844 S 4790 1.000000
4844 X 4843 0.998333
4844 X 4844 0.000556
4844 X 4841 0.000556
4844 X 4842 0.000556
ENDPOMDP
