BEGINPOMDP
INITIALSTATE: 6261
STATES: 6273,6275,6277,6406,6407,6408,6409,6282,6283,6291,6293,6305,6307,6352,6353,6354,6355,6364,6365,6261,6262,6267,6268,6269,6270
REWARDS: 6273:0,6275:0,6277:0,6406:0,6407:0,6408:0,6409:0,6282:0,6283:1,6291:0,6293:0,6305:0,6307:0,6352:0,6353:0,6354:0,6355:0,6364:0,6365:0,6261:0,6262:0,6267:0,6268:0,6269:0,6270:0
GAMMA: 6273:0,6275:0,6277:0,6406:0,6407:0,6408:0,6409:0,6282:0,6283:0,6291:0,6293:0,6305:0,6307:0,6352:0,6353:0,6354:0,6355:0,6364:0,6365:0,6261:0,6262:0,6267:0,6268:0,6269:0,6270:0
BEGINACTIONS
SX
RZPI
RZ3PI
RZPIHalf
S
X
ENDACTIONS
6261 INIT_ 6262 1.000000
6262 SX 6267 0.989691
6262 SX 6268 0.003436
6262 SX 6269 0.003436
6262 SX 6270 0.003436
6262 RZPI 6262 1.000000
6262 RZ3PI 6273 1.000000
6262 RZPIHalf 6275 1.000000
6262 S 6277 1.000000
6262 X 6282 0.989691
6262 X 6262 0.003436
6262 X 6273 0.003436
6262 X 6283 0.003436
6267 SX 6282 0.989691
6267 SX 6262 0.003436
6267 SX 6273 0.003436
6267 SX 6283 0.003436
6267 RZPI 6267 1.000000
6267 RZ3PI 6270 1.000000
6267 RZPIHalf 6291 1.000000
6267 S 6293 1.000000
6267 X 6268 0.989691
6267 X 6267 0.003436
6267 X 6270 0.003436
6267 X 6269 0.003436
6268 SX 6262 0.989691
6268 SX 6282 0.003436
6268 SX 6283 0.003436
6268 SX 6273 0.003436
6268 RZPI 6268 1.000000
6268 RZ3PI 6269 1.000000
6268 RZPIHalf 6305 1.000000
6268 S 6307 1.000000
6268 X 6267 0.989691
6268 X 6268 0.003436
6268 X 6269 0.003436
6268 X 6270 0.003436
6269 SX 6283 0.989691
6269 SX 6273 0.003436
6269 SX 6262 0.003436
6269 SX 6282 0.003436
6269 RZPI 6269 1.000000
6269 RZ3PI 6268 1.000000
6269 RZPIHalf 6307 1.000000
6269 S 6305 1.000000
6269 X 6270 0.989691
6269 X 6269 0.003436
6269 X 6268 0.003436
6269 X 6267 0.003436
6270 SX 6273 0.989691
6270 SX 6283 0.003436
6270 SX 6282 0.003436
6270 SX 6262 0.003436
6270 RZPI 6270 1.000000
6270 RZ3PI 6267 1.000000
6270 RZPIHalf 6293 1.000000
6270 S 6291 1.000000
6270 X 6269 0.989691
6270 X 6270 0.003436
6270 X 6267 0.003436
6270 X 6268 0.003436
6273 SX 6269 0.989691
6273 SX 6270 0.003436
6273 SX 6267 0.003436
6273 SX 6268 0.003436
6273 RZPI 6273 1.000000
6273 RZ3PI 6262 1.000000
6273 RZPIHalf 6277 1.000000
6273 S 6275 1.000000
6273 X 6283 0.989691
6273 X 6273 0.003436
6273 X 6262 0.003436
6273 X 6282 0.003436
6275 SX 6352 0.989691
6275 SX 6353 0.003436
6275 SX 6354 0.003436
6275 SX 6355 0.003436
6275 RZPI 6275 1.000000
6275 RZ3PI 6277 1.000000
6275 RZPIHalf 6273 1.000000
6275 S 6262 1.000000
6275 X 6364 0.989691
6275 X 6275 0.003436
6275 X 6277 0.003436
6275 X 6365 0.003436
6277 SX 6354 0.989691
6277 SX 6355 0.003436
6277 SX 6352 0.003436
6277 SX 6353 0.003436
6277 RZPI 6277 1.000000
6277 RZ3PI 6275 1.000000
6277 RZPIHalf 6262 1.000000
6277 S 6273 1.000000
6277 X 6365 0.989691
6277 X 6277 0.003436
6277 X 6275 0.003436
6277 X 6364 0.003436
6282 SX 6268 0.989691
6282 SX 6267 0.003436
6282 SX 6270 0.003436
6282 SX 6269 0.003436
6282 RZPI 6282 1.000000
6282 RZ3PI 6283 1.000000
6282 RZPIHalf 6365 1.000000
6282 S 6364 1.000000
6282 X 6262 0.989691
6282 X 6282 0.003436
6282 X 6283 0.003436
6282 X 6273 0.003436
6283 SX 6270 0.989691
6283 SX 6269 0.003436
6283 SX 6268 0.003436
6283 SX 6267 0.003436
6283 RZPI 6283 1.000000
6283 RZ3PI 6282 1.000000
6283 RZPIHalf 6364 1.000000
6283 S 6365 1.000000
6283 X 6273 0.989691
6283 X 6283 0.003436
6283 X 6282 0.003436
6283 X 6262 0.003436
6291 SX 6406 0.989691
6291 SX 6407 0.003436
6291 SX 6408 0.003436
6291 SX 6409 0.003436
6291 RZPI 6291 1.000000
6291 RZ3PI 6293 1.000000
6291 RZPIHalf 6270 1.000000
6291 S 6267 1.000000
6291 X 6307 0.989691
6291 X 6291 0.003436
6291 X 6293 0.003436
6291 X 6305 0.003436
6293 SX 6408 0.989691
6293 SX 6409 0.003436
6293 SX 6406 0.003436
6293 SX 6407 0.003436
6293 RZPI 6293 1.000000
6293 RZ3PI 6291 1.000000
6293 RZPIHalf 6267 1.000000
6293 S 6270 1.000000
6293 X 6305 0.989691
6293 X 6293 0.003436
6293 X 6291 0.003436
6293 X 6307 0.003436
6305 SX 6409 0.989691
6305 SX 6408 0.003436
6305 SX 6407 0.003436
6305 SX 6406 0.003436
6305 RZPI 6305 1.000000
6305 RZ3PI 6307 1.000000
6305 RZPIHalf 6269 1.000000
6305 S 6268 1.000000
6305 X 6293 0.989691
6305 X 6305 0.003436
6305 X 6307 0.003436
6305 X 6291 0.003436
6307 SX 6407 0.989691
6307 SX 6406 0.003436
6307 SX 6409 0.003436
6307 SX 6408 0.003436
6307 RZPI 6307 1.000000
6307 RZ3PI 6305 1.000000
6307 RZPIHalf 6268 1.000000
6307 S 6269 1.000000
6307 X 6291 0.989691
6307 X 6307 0.003436
6307 X 6305 0.003436
6307 X 6293 0.003436
6352 SX 6364 0.989691
6352 SX 6275 0.003436
6352 SX 6277 0.003436
6352 SX 6365 0.003436
6352 RZPI 6352 1.000000
6352 RZ3PI 6355 1.000000
6352 RZPIHalf 6406 1.000000
6352 S 6409 1.000000
6352 X 6353 0.989691
6352 X 6352 0.003436
6352 X 6355 0.003436
6352 X 6354 0.003436
6353 SX 6275 0.989691
6353 SX 6364 0.003436
6353 SX 6365 0.003436
6353 SX 6277 0.003436
6353 RZPI 6353 1.000000
6353 RZ3PI 6354 1.000000
6353 RZPIHalf 6408 1.000000
6353 S 6407 1.000000
6353 X 6352 0.989691
6353 X 6353 0.003436
6353 X 6354 0.003436
6353 X 6355 0.003436
6354 SX 6365 0.989691
6354 SX 6277 0.003436
6354 SX 6275 0.003436
6354 SX 6364 0.003436
6354 RZPI 6354 1.000000
6354 RZ3PI 6353 1.000000
6354 RZPIHalf 6407 1.000000
6354 S 6408 1.000000
6354 X 6355 0.989691
6354 X 6354 0.003436
6354 X 6353 0.003436
6354 X 6352 0.003436
6355 SX 6277 0.989691
6355 SX 6365 0.003436
6355 SX 6364 0.003436
6355 SX 6275 0.003436
6355 RZPI 6355 1.000000
6355 RZ3PI 6352 1.000000
6355 RZPIHalf 6409 1.000000
6355 S 6406 1.000000
6355 X 6354 0.989691
6355 X 6355 0.003436
6355 X 6352 0.003436
6355 X 6353 0.003436
6364 SX 6353 0.989691
6364 SX 6352 0.003436
6364 SX 6355 0.003436
6364 SX 6354 0.003436
6364 RZPI 6364 1.000000
6364 RZ3PI 6365 1.000000
6364 RZPIHalf 6282 1.000000
6364 S 6283 1.000000
6364 X 6275 0.989691
6364 X 6364 0.003436
6364 X 6365 0.003436
6364 X 6277 0.003436
6365 SX 6355 0.989691
6365 SX 6354 0.003436
6365 SX 6353 0.003436
6365 SX 6352 0.003436
6365 RZPI 6365 1.000000
6365 RZ3PI 6364 1.000000
6365 RZPIHalf 6283 1.000000
6365 S 6282 1.000000
6365 X 6277 0.989691
6365 X 6365 0.003436
6365 X 6364 0.003436
6365 X 6275 0.003436
6406 SX 6307 0.989691
6406 SX 6291 0.003436
6406 SX 6293 0.003436
6406 SX 6305 0.003436
6406 RZPI 6406 1.000000
6406 RZ3PI 6409 1.000000
6406 RZPIHalf 6355 1.000000
6406 S 6352 1.000000
6406 X 6407 0.989691
6406 X 6406 0.003436
6406 X 6409 0.003436
6406 X 6408 0.003436
6407 SX 6291 0.989691
6407 SX 6307 0.003436
6407 SX 6305 0.003436
6407 SX 6293 0.003436
6407 RZPI 6407 1.000000
6407 RZ3PI 6408 1.000000
6407 RZPIHalf 6353 1.000000
6407 S 6354 1.000000
6407 X 6406 0.989691
6407 X 6407 0.003436
6407 X 6408 0.003436
6407 X 6409 0.003436
6408 SX 6305 0.989691
6408 SX 6293 0.003436
6408 SX 6291 0.003436
6408 SX 6307 0.003436
6408 RZPI 6408 1.000000
6408 RZ3PI 6407 1.000000
6408 RZPIHalf 6354 1.000000
6408 S 6353 1.000000
6408 X 6409 0.989691
6408 X 6408 0.003436
6408 X 6407 0.003436
6408 X 6406 0.003436
6409 SX 6293 0.989691
6409 SX 6305 0.003436
6409 SX 6307 0.003436
6409 SX 6291 0.003436
6409 RZPI 6409 1.000000
6409 RZ3PI 6406 1.000000
6409 RZPIHalf 6352 1.000000
6409 S 6355 1.000000
6409 X 6408 0.989691
6409 X 6409 0.003436
6409 X 6406 0.003436
6409 X 6407 0.003436
ENDPOMDP
