BEGINPOMDP
INITIALSTATE: 11582
STATES: 11673,11674,11675,11676,11685,11686,11582,11583,11588,11589,11590,11591,11594,11596,11598,11727,11728,11729,11730,11603,11604,11612,11614,11626,11628
REWARDS: 11673:0,11674:0,11675:0,11676:0,11685:0,11686:0,11582:0,11583:0,11588:0,11589:0,11590:0,11591:0,11594:0,11596:0,11598:0,11727:0,11728:0,11729:0,11730:0,11603:0,11604:1,11612:0,11614:0,11626:0,11628:0
GAMMA: 11673:0,11674:0,11675:0,11676:0,11685:0,11686:0,11582:0,11583:0,11588:0,11589:0,11590:0,11591:0,11594:0,11596:0,11598:0,11727:0,11728:0,11729:0,11730:0,11603:0,11604:0,11612:0,11614:0,11626:0,11628:0
BEGINACTIONS
SX
RZPI
RZ3PI
RZPIHalf
S
X
ENDACTIONS
11582 INIT_ 11583 1.000000
11583 SX 11588 0.998172
11583 SX 11589 0.000609
11583 SX 11590 0.000609
11583 SX 11591 0.000609
11583 RZPI 11583 1.000000
11583 RZ3PI 11594 1.000000
11583 RZPIHalf 11596 1.000000
11583 S 11598 1.000000
11583 X 11603 0.998172
11583 X 11583 0.000609
11583 X 11594 0.000609
11583 X 11604 0.000609
11588 SX 11603 0.998172
11588 SX 11583 0.000609
11588 SX 11594 0.000609
11588 SX 11604 0.000609
11588 RZPI 11588 1.000000
11588 RZ3PI 11591 1.000000
11588 RZPIHalf 11612 1.000000
11588 S 11614 1.000000
11588 X 11589 0.998172
11588 X 11588 0.000609
11588 X 11591 0.000609
11588 X 11590 0.000609
11589 SX 11583 0.998172
11589 SX 11603 0.000609
11589 SX 11604 0.000609
11589 SX 11594 0.000609
11589 RZPI 11589 1.000000
11589 RZ3PI 11590 1.000000
11589 RZPIHalf 11626 1.000000
11589 S 11628 1.000000
11589 X 11588 0.998172
11589 X 11589 0.000609
11589 X 11590 0.000609
11589 X 11591 0.000609
11590 SX 11604 0.998172
11590 SX 11594 0.000609
11590 SX 11583 0.000609
11590 SX 11603 0.000609
11590 RZPI 11590 1.000000
11590 RZ3PI 11589 1.000000
11590 RZPIHalf 11628 1.000000
11590 S 11626 1.000000
11590 X 11591 0.998172
11590 X 11590 0.000609
11590 X 11589 0.000609
11590 X 11588 0.000609
11591 SX 11594 0.998172
11591 SX 11604 0.000609
11591 SX 11603 0.000609
11591 SX 11583 0.000609
11591 RZPI 11591 1.000000
11591 RZ3PI 11588 1.000000
11591 RZPIHalf 11614 1.000000
11591 S 11612 1.000000
11591 X 11590 0.998172
11591 X 11591 0.000609
11591 X 11588 0.000609
11591 X 11589 0.000609
11594 SX 11590 0.998172
11594 SX 11591 0.000609
11594 SX 11588 0.000609
11594 SX 11589 0.000609
11594 RZPI 11594 1.000000
11594 RZ3PI 11583 1.000000
11594 RZPIHalf 11598 1.000000
11594 S 11596 1.000000
11594 X 11604 0.998172
11594 X 11594 0.000609
11594 X 11583 0.000609
11594 X 11603 0.000609
11596 SX 11673 0.998172
11596 SX 11674 0.000609
11596 SX 11675 0.000609
11596 SX 11676 0.000609
11596 RZPI 11596 1.000000
11596 RZ3PI 11598 1.000000
11596 RZPIHalf 11594 1.000000
11596 S 11583 1.000000
11596 X 11685 0.998172
11596 X 11596 0.000609
11596 X 11598 0.000609
11596 X 11686 0.000609
11598 SX 11675 0.998172
11598 SX 11676 0.000609
11598 SX 11673 0.000609
11598 SX 11674 0.000609
11598 RZPI 11598 1.000000
11598 RZ3PI 11596 1.000000
11598 RZPIHalf 11583 1.000000
11598 S 11594 1.000000
11598 X 11686 0.998172
11598 X 11598 0.000609
11598 X 11596 0.000609
11598 X 11685 0.000609
11603 SX 11589 0.998172
11603 SX 11588 0.000609
11603 SX 11591 0.000609
11603 SX 11590 0.000609
11603 RZPI 11603 1.000000
11603 RZ3PI 11604 1.000000
11603 RZPIHalf 11686 1.000000
11603 S 11685 1.000000
11603 X 11583 0.998172
11603 X 11603 0.000609
11603 X 11604 0.000609
11603 X 11594 0.000609
11604 SX 11591 0.998172
11604 SX 11590 0.000609
11604 SX 11589 0.000609
11604 SX 11588 0.000609
11604 RZPI 11604 1.000000
11604 RZ3PI 11603 1.000000
11604 RZPIHalf 11685 1.000000
11604 S 11686 1.000000
11604 X 11594 0.998172
11604 X 11604 0.000609
11604 X 11603 0.000609
11604 X 11583 0.000609
11612 SX 11727 0.998172
11612 SX 11728 0.000609
11612 SX 11729 0.000609
11612 SX 11730 0.000609
11612 RZPI 11612 1.000000
11612 RZ3PI 11614 1.000000
11612 RZPIHalf 11591 1.000000
11612 S 11588 1.000000
11612 X 11628 0.998172
11612 X 11612 0.000609
11612 X 11614 0.000609
11612 X 11626 0.000609
11614 SX 11729 0.998172
11614 SX 11730 0.000609
11614 SX 11727 0.000609
11614 SX 11728 0.000609
11614 RZPI 11614 1.000000
11614 RZ3PI 11612 1.000000
11614 RZPIHalf 11588 1.000000
11614 S 11591 1.000000
11614 X 11626 0.998172
11614 X 11614 0.000609
11614 X 11612 0.000609
11614 X 11628 0.000609
11626 SX 11730 0.998172
11626 SX 11729 0.000609
11626 SX 11728 0.000609
11626 SX 11727 0.000609
11626 RZPI 11626 1.000000
11626 RZ3PI 11628 1.000000
11626 RZPIHalf 11590 1.000000
11626 S 11589 1.000000
11626 X 11614 0.998172
11626 X 11626 0.000609
11626 X 11628 0.000609
11626 X 11612 0.000609
11628 SX 11728 0.998172
11628 SX 11727 0.000609
11628 SX 11730 0.000609
11628 SX 11729 0.000609
11628 RZPI 11628 1.000000
11628 RZ3PI 11626 1.000000
11628 RZPIHalf 11589 1.000000
11628 S 11590 1.000000
11628 X 11612 0.998172
11628 X 11628 0.000609
11628 X 11626 0.000609
11628 X 11614 0.000609
11673 SX 11685 0.998172
11673 SX 11596 0.000609
11673 SX 11598 0.000609
11673 SX 11686 0.000609
11673 RZPI 11673 1.000000
11673 RZ3PI 11676 1.000000
11673 RZPIHalf 11727 1.000000
11673 S 11730 1.000000
11673 X 11674 0.998172
11673 X 11673 0.000609
11673 X 11676 0.000609
11673 X 11675 0.000609
11674 SX 11596 0.998172
11674 SX 11685 0.000609
11674 SX 11686 0.000609
11674 SX 11598 0.000609
11674 RZPI 11674 1.000000
11674 RZ3PI 11675 1.000000
11674 RZPIHalf 11729 1.000000
11674 S 11728 1.000000
11674 X 11673 0.998172
11674 X 11674 0.000609
11674 X 11675 0.000609
11674 X 11676 0.000609
11675 SX 11686 0.998172
11675 SX 11598 0.000609
11675 SX 11596 0.000609
11675 SX 11685 0.000609
11675 RZPI 11675 1.000000
11675 RZ3PI 11674 1.000000
11675 RZPIHalf 11728 1.000000
11675 S 11729 1.000000
11675 X 11676 0.998172
11675 X 11675 0.000609
11675 X 11674 0.000609
11675 X 11673 0.000609
11676 SX 11598 0.998172
11676 SX 11686 0.000609
11676 SX 11685 0.000609
11676 SX 11596 0.000609
11676 RZPI 11676 1.000000
11676 RZ3PI 11673 1.000000
11676 RZPIHalf 11730 1.000000
11676 S 11727 1.000000
11676 X 11675 0.998172
11676 X 11676 0.000609
11676 X 11673 0.000609
11676 X 11674 0.000609
11685 SX 11674 0.998172
11685 SX 11673 0.000609
11685 SX 11676 0.000609
11685 SX 11675 0.000609
11685 RZPI 11685 1.000000
11685 RZ3PI 11686 1.000000
11685 RZPIHalf 11603 1.000000
11685 S 11604 1.000000
11685 X 11596 0.998172
11685 X 11685 0.000609
11685 X 11686 0.000609
11685 X 11598 0.000609
11686 SX 11676 0.998172
11686 SX 11675 0.000609
11686 SX 11674 0.000609
11686 SX 11673 0.000609
11686 RZPI 11686 1.000000
11686 RZ3PI 11685 1.000000
11686 RZPIHalf 11604 1.000000
11686 S 11603 1.000000
11686 X 11598 0.998172
11686 X 11686 0.000609
11686 X 11685 0.000609
11686 X 11596 0.000609
11727 SX 11628 0.998172
11727 SX 11612 0.000609
11727 SX 11614 0.000609
11727 SX 11626 0.000609
11727 RZPI 11727 1.000000
11727 RZ3PI 11730 1.000000
11727 RZPIHalf 11676 1.000000
11727 S 11673 1.000000
11727 X 11728 0.998172
11727 X 11727 0.000609
11727 X 11730 0.000609
11727 X 11729 0.000609
11728 SX 11612 0.998172
11728 SX 11628 0.000609
11728 SX 11626 0.000609
11728 SX 11614 0.000609
11728 RZPI 11728 1.000000
11728 RZ3PI 11729 1.000000
11728 RZPIHalf 11674 1.000000
11728 S 11675 1.000000
11728 X 11727 0.998172
11728 X 11728 0.000609
11728 X 11729 0.000609
11728 X 11730 0.000609
11729 SX 11626 0.998172
11729 SX 11614 0.000609
11729 SX 11612 0.000609
11729 SX 11628 0.000609
11729 RZPI 11729 1.000000
11729 RZ3PI 11728 1.000000
11729 RZPIHalf 11675 1.000000
11729 S 11674 1.000000
11729 X 11730 0.998172
11729 X 11729 0.000609
11729 X 11728 0.000609
11729 X 11727 0.000609
11730 SX 11614 0.998172
11730 SX 11626 0.000609
11730 SX 11628 0.000609
11730 SX 11612 0.000609
11730 RZPI 11730 1.000000
11730 RZ3PI 11727 1.000000
11730 RZPIHalf 11673 1.000000
11730 S 11676 1.000000
11730 X 11729 0.998172
11730 X 11730 0.000609
11730 X 11727 0.000609
11730 X 11728 0.000609
ENDPOMDP
