BEGINPOMDP
INITIALSTATE: 305013
STATES: 305025,305027,305155,305156,305031,305032,305161,305160,305040,305042,305046,305047,305146,305147,305205,305206,305463,305465,305085,305214,305086,305095,305096,305100,305101,305013,305014,305018,305019,305023
REWARDS: 305025:0,305027:0,305155:0,305156:0,305031:0,305032:1,305161:0,305160:0,305040:0,305042:0,305046:0,305047:0,305146:0,305147:0,305205:0,305206:0,305463:0,305465:0,305085:0,305214:0,305086:0,305095:0,305096:0,305100:0,305101:0,305013:0,305014:0,305018:0,305019:0,305023:0
GAMMA: 305025:0,305027:0,305155:0,305156:0,305031:0,305032:0,305161:0,305160:0,305040:0,305042:0,305046:0,305047:0,305146:0,305147:0,305205:0,305206:0,305463:0,305465:0,305085:0,305214:0,305086:0,305095:0,305096:0,305100:0,305101:0,305013:0,305014:0,305018:0,305019:0,305023:0
BEGINACTIONS
SX
RZPI
RZ3PI
RZPIHalf
S
X
ENDACTIONS
305013 INIT_ 305014 1.000000
305013 SX 305205 0.997052
305013 SX 305206 0.002064
305013 SX 305013 0.000885
305013 RZPI 305013 1.000000
305013 RZ3PI 305013 1.000000
305013 RZPIHalf 305013 1.000000
305013 S 305013 1.000000
305013 X 305214 0.999115
305013 X 305013 0.000885
305014 SX 305018 0.997052
305014 SX 305019 0.002064
305014 RZPI 305014 1.000000
305014 RZ3PI 305023 1.000000
305014 RZPIHalf 305025 1.000000
305014 S 305027 1.000000
305014 X 305031 0.997052
305014 X 305032 0.002064
305018 SX 305031 0.997052
305018 SX 305032 0.002064
305018 RZPI 305018 1.000000
305018 RZ3PI 305019 1.000000
305018 RZPIHalf 305040 1.000000
305018 S 305042 1.000000
305018 X 305046 0.997052
305018 X 305047 0.002064
305019 SX 305023 0.997052
305019 SX 305014 0.002064
305019 SX 305013 0.000885
305019 RZPI 305019 1.000000
305019 RZ3PI 305018 1.000000
305019 RZPIHalf 305042 1.000000
305019 S 305040 1.000000
305019 X 305047 0.997052
305019 X 305046 0.002064
305023 SX 305047 0.997052
305023 SX 305046 0.002064
305023 RZPI 305023 1.000000
305023 RZ3PI 305014 1.000000
305023 RZPIHalf 305027 1.000000
305023 S 305025 1.000000
305023 X 305032 0.997052
305023 X 305031 0.002064
305025 SX 305085 0.997052
305025 SX 305086 0.002064
305025 RZPI 305025 1.000000
305025 RZ3PI 305027 1.000000
305025 RZPIHalf 305023 1.000000
305025 S 305014 1.000000
305025 X 305095 0.997052
305025 X 305096 0.002064
305027 SX 305100 0.997052
305027 SX 305101 0.002064
305027 RZPI 305027 1.000000
305027 RZ3PI 305025 1.000000
305027 RZPIHalf 305014 1.000000
305027 S 305023 1.000000
305027 X 305096 0.997052
305027 X 305095 0.002064
305027 X 305013 0.000885
305031 SX 305046 0.997052
305031 SX 305047 0.002064
305031 RZPI 305031 1.000000
305031 RZ3PI 305032 1.000000
305031 RZPIHalf 305096 1.000000
305031 S 305095 1.000000
305031 X 305014 0.997052
305031 X 305023 0.002064
305032 SX 305019 0.997052
305032 SX 305018 0.002064
305032 RZPI 305032 1.000000
305032 RZ3PI 305031 1.000000
305032 RZPIHalf 305095 1.000000
305032 S 305096 1.000000
305032 X 305023 0.997052
305032 X 305014 0.002064
305032 X 305013 0.000885
305040 SX 305146 0.997052
305040 SX 305147 0.002064
305040 RZPI 305040 1.000000
305040 RZ3PI 305042 1.000000
305040 RZPIHalf 305019 1.000000
305040 S 305018 1.000000
305040 X 305155 0.997052
305040 X 305156 0.002064
305042 SX 305160 0.997052
305042 SX 305161 0.002064
305042 RZPI 305042 1.000000
305042 RZ3PI 305040 1.000000
305042 RZPIHalf 305018 1.000000
305042 S 305019 1.000000
305042 X 305156 0.997052
305042 X 305155 0.002064
305046 SX 305014 0.997052
305046 SX 305023 0.002064
305046 RZPI 305046 1.000000
305046 RZ3PI 305047 1.000000
305046 RZPIHalf 305156 1.000000
305046 S 305155 1.000000
305046 X 305018 0.997052
305046 X 305019 0.002064
305047 SX 305032 0.997052
305047 SX 305031 0.002064
305047 RZPI 305047 1.000000
305047 RZ3PI 305046 1.000000
305047 RZPIHalf 305155 1.000000
305047 S 305156 1.000000
305047 X 305019 0.997052
305047 X 305018 0.002064
305085 SX 305095 0.997052
305085 SX 305096 0.002064
305085 RZPI 305085 1.000000
305085 RZ3PI 305086 1.000000
305085 RZPIHalf 305146 1.000000
305085 S 305147 1.000000
305085 X 305101 0.997052
305085 X 305100 0.002064
305086 SX 305027 0.997052
305086 SX 305025 0.002064
305086 RZPI 305086 1.000000
305086 RZ3PI 305085 1.000000
305086 RZPIHalf 305147 1.000000
305086 S 305146 1.000000
305086 X 305100 0.997052
305086 X 305101 0.002064
305095 SX 305101 0.997052
305095 SX 305100 0.002064
305095 RZPI 305095 1.000000
305095 RZ3PI 305096 1.000000
305095 RZPIHalf 305031 1.000000
305095 S 305032 1.000000
305095 X 305025 0.997052
305095 X 305027 0.002064
305096 SX 305086 0.997052
305096 SX 305085 0.002064
305096 RZPI 305096 1.000000
305096 RZ3PI 305095 1.000000
305096 RZPIHalf 305032 1.000000
305096 S 305031 1.000000
305096 X 305027 0.997052
305096 X 305025 0.002064
305100 SX 305096 0.997052
305100 SX 305095 0.002064
305100 RZPI 305100 1.000000
305100 RZ3PI 305101 1.000000
305100 RZPIHalf 305161 1.000000
305100 S 305160 1.000000
305100 X 305086 0.997052
305100 X 305085 0.002064
305101 SX 305025 0.997052
305101 SX 305027 0.002064
305101 SX 305013 0.000885
305101 RZPI 305101 1.000000
305101 RZ3PI 305100 1.000000
305101 RZPIHalf 305160 1.000000
305101 S 305161 1.000000
305101 X 305085 0.997052
305101 X 305086 0.002064
305146 SX 305155 0.997052
305146 SX 305156 0.002064
305146 RZPI 305146 1.000000
305146 RZ3PI 305147 1.000000
305146 RZPIHalf 305086 1.000000
305146 S 305085 1.000000
305146 X 305161 0.997052
305146 X 305160 0.002064
305147 SX 305042 0.997052
305147 SX 305040 0.002064
305147 RZPI 305147 1.000000
305147 RZ3PI 305146 1.000000
305147 RZPIHalf 305085 1.000000
305147 S 305086 1.000000
305147 X 305160 0.997052
305147 X 305161 0.002064
305155 SX 305161 0.997052
305155 SX 305160 0.002064
305155 RZPI 305155 1.000000
305155 RZ3PI 305156 1.000000
305155 RZPIHalf 305046 1.000000
305155 S 305047 1.000000
305155 X 305040 0.997052
305155 X 305042 0.002064
305156 SX 305147 0.997052
305156 SX 305146 0.002064
305156 RZPI 305156 1.000000
305156 RZ3PI 305155 1.000000
305156 RZPIHalf 305047 1.000000
305156 S 305046 1.000000
305156 X 305042 0.997052
305156 X 305040 0.002064
305160 SX 305156 0.997052
305160 SX 305155 0.002064
305160 RZPI 305160 1.000000
305160 RZ3PI 305161 1.000000
305160 RZPIHalf 305100 1.000000
305160 S 305101 1.000000
305160 X 305147 0.997052
305160 X 305146 0.002064
305161 SX 305040 0.997052
305161 SX 305042 0.002064
305161 RZPI 305161 1.000000
305161 RZ3PI 305160 1.000000
305161 RZPIHalf 305101 1.000000
305161 S 305100 1.000000
305161 X 305146 0.997052
305161 X 305147 0.002064
305205 SX 305214 0.999115
305205 SX 305013 0.000885
305205 RZPI 305205 1.000000
305205 RZ3PI 305206 1.000000
305205 RZPIHalf 305463 1.000000
305205 S 305465 1.000000
305205 X 305206 0.997052
305205 X 305205 0.002064
305205 X 305013 0.000885
305206 SX 305013 1.000000
305206 RZPI 305206 1.000000
305206 RZ3PI 305205 1.000000
305206 RZPIHalf 305465 1.000000
305206 S 305463 1.000000
305206 X 305205 0.997052
305206 X 305206 0.002064
305206 X 305013 0.000885
305214 SX 305206 0.997052
305214 SX 305205 0.002064
305214 SX 305013 0.000885
305214 RZPI 305214 1.000000
305214 RZ3PI 305214 1.000000
305214 RZPIHalf 305214 1.000000
305214 S 305214 1.000000
305214 X 305013 1.000000
305463 SX 305463 0.997052
305463 SX 305465 0.002064
305463 SX 305013 0.000885
305463 RZPI 305463 1.000000
305463 RZ3PI 305465 1.000000
305463 RZPIHalf 305206 1.000000
305463 S 305205 1.000000
305463 X 305463 0.997052
305463 X 305465 0.002064
305463 X 305013 0.000885
305465 SX 305465 0.997052
305465 SX 305463 0.002064
305465 SX 305013 0.000885
305465 RZPI 305465 1.000000
305465 RZ3PI 305463 1.000000
305465 RZPIHalf 305205 1.000000
305465 S 305206 1.000000
305465 X 305465 0.997052
305465 X 305463 0.002064
305465 X 305013 0.000885
ENDPOMDP
