BEGINPOMDP
INITIALSTATE: 901
STATES: 1028,901,902,1029,1033,906,907,912,913,916,918,1057,931,932,1061,934,1062,1198,1199,950,1078,1214,1215,1093,1349,1364,982,997,1138,1139
REWARDS: 1028:0,901:0,902:0,1029:0,1033:0,906:1,907:0,912:0,913:0,916:0,918:0,1057:0,931:0,932:0,1061:0,934:0,1062:0,1198:0,1199:0,950:0,1078:0,1214:0,1215:0,1093:0,1349:0,1364:0,982:0,997:0,1138:0,1139:0
GAMMA: 1028:0,901:0,902:0,1029:0,1033:0,906:0,907:0,912:0,913:0,916:0,918:0,1057:0,931:0,932:0,1061:0,934:0,1062:0,1198:0,1199:0,950:0,1078:0,1214:0,1215:0,1093:0,1349:0,1364:0,982:0,997:0,1138:0,1139:0
BEGINACTIONS
U3
H
S
Z
X
RY
ENDACTIONS
901 INIT_ 902 1.000000
901 U3 1057 0.998907
901 U3 901 0.001093
901 H 1061 0.998724
901 H 1062 0.000730
901 H 901 0.000547
901 S 901 1.000000
901 Z 901 1.000000
901 X 1057 0.998907
901 X 901 0.001093
901 RY 1057 0.998907
901 RY 901 0.001093
902 U3 906 0.997450
902 U3 907 0.001457
902 H 912 0.998724
902 H 913 0.000730
902 S 916 1.000000
902 Z 918 1.000000
902 X 907 0.997450
902 X 906 0.001457
902 X 901 0.001093
902 RY 906 0.997450
902 RY 907 0.001457
902 RY 901 0.001093
906 U3 902 0.997450
906 U3 918 0.001457
906 U3 901 0.001093
906 H 931 0.998724
906 H 932 0.000730
906 S 934 1.000000
906 Z 907 1.000000
906 X 918 0.997450
906 X 902 0.001457
906 RY 902 0.997450
906 RY 918 0.001457
907 U3 918 0.997450
907 U3 902 0.001457
907 H 913 0.998724
907 H 912 0.000730
907 S 950 1.000000
907 Z 906 1.000000
907 X 902 0.997450
907 X 918 0.001457
907 X 901 0.001093
907 RY 918 0.997450
907 RY 902 0.001457
912 U3 931 0.997450
912 U3 932 0.001457
912 H 902 0.998724
912 H 918 0.000730
912 S 982 1.000000
912 Z 913 1.000000
912 X 932 0.997450
912 X 931 0.001457
912 RY 931 0.997450
912 RY 932 0.001457
913 U3 932 0.997450
913 U3 931 0.001457
913 H 907 0.998724
913 H 906 0.000730
913 S 997 1.000000
913 Z 912 1.000000
913 X 931 0.997450
913 X 932 0.001457
913 RY 932 0.997450
913 RY 931 0.001457
916 U3 950 0.997450
916 U3 934 0.001457
916 H 1028 0.998724
916 H 1029 0.000730
916 S 918 1.000000
916 Z 1033 1.000000
916 X 934 0.997450
916 X 950 0.001457
916 X 901 0.001093
916 RY 950 0.997450
916 RY 934 0.001457
918 U3 907 0.997450
918 U3 906 0.001457
918 H 932 0.998724
918 H 931 0.000730
918 S 1033 1.000000
918 Z 902 1.000000
918 X 906 0.997450
918 X 907 0.001457
918 X 901 0.001093
918 RY 907 0.997450
918 RY 906 0.001457
931 U3 912 0.997450
931 U3 913 0.001457
931 H 906 0.998724
931 H 907 0.000730
931 H 901 0.000547
931 S 1078 1.000000
931 Z 932 1.000000
931 X 913 0.997450
931 X 912 0.001457
931 RY 912 0.997450
931 RY 913 0.001457
932 U3 913 0.997450
932 U3 912 0.001457
932 H 918 0.998724
932 H 902 0.000730
932 H 901 0.000547
932 S 1093 1.000000
932 Z 931 1.000000
932 X 912 0.997450
932 X 913 0.001457
932 RY 913 0.997450
932 RY 912 0.001457
934 U3 1033 0.997450
934 U3 916 0.001457
934 U3 901 0.001093
934 H 1029 0.998724
934 H 1028 0.000730
934 S 907 1.000000
934 Z 950 1.000000
934 X 916 0.997450
934 X 1033 0.001457
934 X 901 0.001093
934 RY 1033 0.997450
934 RY 916 0.001457
934 RY 901 0.001093
950 U3 916 0.997450
950 U3 1033 0.001457
950 U3 901 0.001093
950 H 1138 0.998724
950 H 1139 0.000730
950 S 906 1.000000
950 Z 934 1.000000
950 X 1033 0.997450
950 X 916 0.001457
950 RY 916 0.997450
950 RY 1033 0.001457
950 RY 901 0.001093
982 U3 1093 0.997450
982 U3 1078 0.001457
982 H 1198 0.998724
982 H 1199 0.000730
982 S 913 1.000000
982 Z 997 1.000000
982 X 1078 0.997450
982 X 1093 0.001457
982 RY 1093 0.997450
982 RY 1078 0.001457
997 U3 1078 0.997450
997 U3 1093 0.001457
997 H 1214 0.998724
997 H 1215 0.000730
997 S 912 1.000000
997 Z 982 1.000000
997 X 1093 0.997450
997 X 1078 0.001457
997 RY 1078 0.997450
997 RY 1093 0.001457
1028 U3 1138 0.997450
1028 U3 1139 0.001457
1028 H 916 0.998724
1028 H 1033 0.000730
1028 S 1214 1.000000
1028 Z 1029 1.000000
1028 X 1139 0.997450
1028 X 1138 0.001457
1028 RY 1138 0.997450
1028 RY 1139 0.001457
1029 U3 1139 0.997450
1029 U3 1138 0.001457
1029 H 934 0.998724
1029 H 950 0.000730
1029 H 901 0.000547
1029 S 1215 1.000000
1029 Z 1028 1.000000
1029 X 1138 0.997450
1029 X 1139 0.001457
1029 RY 1139 0.997450
1029 RY 1138 0.001457
1033 U3 934 0.997450
1033 U3 950 0.001457
1033 U3 901 0.001093
1033 H 1139 0.998724
1033 H 1138 0.000730
1033 S 902 1.000000
1033 Z 916 1.000000
1033 X 950 0.997450
1033 X 934 0.001457
1033 RY 934 0.997450
1033 RY 950 0.001457
1057 U3 901 1.000000
1057 H 1062 0.998724
1057 H 1061 0.000730
1057 H 901 0.000547
1057 S 1057 1.000000
1057 Z 1057 1.000000
1057 X 901 1.000000
1057 RY 901 1.000000
1061 U3 1062 0.997450
1061 U3 1061 0.001457
1061 U3 901 0.001093
1061 H 901 1.000000
1061 S 1349 1.000000
1061 Z 1062 1.000000
1061 X 1061 0.997450
1061 X 1062 0.001457
1061 X 901 0.001093
1061 RY 1062 0.997450
1061 RY 1061 0.001457
1061 RY 901 0.001093
1062 U3 1061 0.997450
1062 U3 1062 0.001457
1062 U3 901 0.001093
1062 H 1057 0.999453
1062 H 901 0.000547
1062 S 1364 1.000000
1062 Z 1061 1.000000
1062 X 1062 0.997450
1062 X 1061 0.001457
1062 X 901 0.001093
1062 RY 1061 0.997450
1062 RY 1062 0.001457
1062 RY 901 0.001093
1078 U3 997 0.997450
1078 U3 982 0.001457
1078 H 1199 0.998724
1078 H 1198 0.000730
1078 S 932 1.000000
1078 Z 1093 1.000000
1078 X 982 0.997450
1078 X 997 0.001457
1078 RY 997 0.997450
1078 RY 982 0.001457
1093 U3 982 0.997450
1093 U3 997 0.001457
1093 H 1215 0.998724
1093 H 1214 0.000730
1093 S 931 1.000000
1093 Z 1078 1.000000
1093 X 997 0.997450
1093 X 982 0.001457
1093 RY 982 0.997450
1093 RY 997 0.001457
1138 U3 1028 0.997450
1138 U3 1029 0.001457
1138 H 950 0.998724
1138 H 934 0.000730
1138 H 901 0.000547
1138 S 1198 1.000000
1138 Z 1139 1.000000
1138 X 1029 0.997450
1138 X 1028 0.001457
1138 RY 1028 0.997450
1138 RY 1029 0.001457
1139 U3 1029 0.997450
1139 U3 1028 0.001457
1139 H 1033 0.998724
1139 H 916 0.000730
1139 S 1199 1.000000
1139 Z 1138 1.000000
1139 X 1028 0.997450
1139 X 1029 0.001457
1139 RY 1029 0.997450
1139 RY 1028 0.001457
1198 U3 1215 0.997450
1198 U3 1214 0.001457
1198 H 982 0.998724
1198 H 997 0.000730
1198 S 1139 1.000000
1198 Z 1199 1.000000
1198 X 1214 0.997450
1198 X 1215 0.001457
1198 RY 1215 0.997450
1198 RY 1214 0.001457
1199 U3 1214 0.997450
1199 U3 1215 0.001457
1199 H 1078 0.998724
1199 H 1093 0.000730
1199 S 1138 1.000000
1199 Z 1198 1.000000
1199 X 1215 0.997450
1199 X 1214 0.001457
1199 RY 1214 0.997450
1199 RY 1215 0.001457
1214 U3 1199 0.997450
1214 U3 1198 0.001457
1214 H 997 0.998724
1214 H 982 0.000730
1214 S 1029 1.000000
1214 Z 1215 1.000000
1214 X 1198 0.997450
1214 X 1199 0.001457
1214 RY 1199 0.997450
1214 RY 1198 0.001457
1215 U3 1198 0.997450
1215 U3 1199 0.001457
1215 H 1093 0.998724
1215 H 1078 0.000730
1215 S 1028 1.000000
1215 Z 1214 1.000000
1215 X 1199 0.997450
1215 X 1198 0.001457
1215 RY 1198 0.997450
1215 RY 1199 0.001457
1349 U3 1349 0.997450
1349 U3 1364 0.001457
1349 U3 901 0.001093
1349 H 1364 0.998724
1349 H 1349 0.000730
1349 H 901 0.000547
1349 S 1062 1.000000
1349 Z 1364 1.000000
1349 X 1364 0.997450
1349 X 1349 0.001457
1349 X 901 0.001093
1349 RY 1349 0.997450
1349 RY 1364 0.001457
1349 RY 901 0.001093
1364 U3 1364 0.997450
1364 U3 1349 0.001457
1364 U3 901 0.001093
1364 H 1349 0.998724
1364 H 1364 0.000730
1364 H 901 0.000547
1364 S 1061 1.000000
1364 Z 1349 1.000000
1364 X 1349 0.997450
1364 X 1364 0.001457
1364 X 901 0.001093
1364 RY 1364 0.997450
1364 RY 1349 0.001457
1364 RY 901 0.001093
ENDPOMDP
