BEGINPOMDP
INITIALSTATE: 769261
STATES: 769280,769408,769287,769289,769293,769294,769574,769576,769333,769334,769343,769344,769348,769349,769275,769380,769381,769407,769261,769262,769389,769393,769266,769267,769394,769271,769273,769402,769403,769279
REWARDS: 769280:1,769408:0,769287:0,769289:0,769293:0,769294:0,769574:0,769576:0,769333:0,769334:0,769343:0,769344:0,769348:0,769349:0,769275:0,769380:0,769381:0,769407:0,769261:0,769262:0,769389:0,769393:0,769266:0,769267:0,769394:0,769271:0,769273:0,769402:0,769403:0,769279:0
GAMMA: 769280:0,769408:0,769287:0,769289:0,769293:0,769294:0,769574:0,769576:0,769333:0,769334:0,769343:0,769344:0,769348:0,769349:0,769275:0,769380:0,769381:0,769407:0,769261:0,769262:0,769389:0,769393:0,769266:0,769267:0,769394:0,769271:0,769273:0,769402:0,769403:0,769279:0
BEGINACTIONS
SX
RZPI
RZ3PI
RZPIHalf
S
X
ENDACTIONS
769261 INIT_ 769262 1.000000
769261 SX 769380 0.989403
769261 SX 769381 0.000561
769261 SX 769261 0.010036
769261 RZPI 769261 1.000000
769261 RZ3PI 769261 1.000000
769261 RZPIHalf 769261 1.000000
769261 S 769261 1.000000
769261 X 769389 0.989964
769261 X 769261 0.010036
769262 SX 769266 0.989403
769262 SX 769267 0.000561
769262 RZPI 769262 1.000000
769262 RZ3PI 769271 1.000000
769262 RZPIHalf 769273 1.000000
769262 S 769275 1.000000
769262 X 769279 0.989403
769262 X 769280 0.000561
769262 X 769261 0.010036
769266 SX 769279 0.989403
769266 SX 769280 0.000561
769266 SX 769261 0.010036
769266 RZPI 769266 1.000000
769266 RZ3PI 769267 1.000000
769266 RZPIHalf 769287 1.000000
769266 S 769289 1.000000
769266 X 769293 0.989403
769266 X 769294 0.000561
769267 SX 769271 0.989403
769267 SX 769262 0.000561
769267 SX 769261 0.010036
769267 RZPI 769267 1.000000
769267 RZ3PI 769266 1.000000
769267 RZPIHalf 769289 1.000000
769267 S 769287 1.000000
769267 X 769294 0.989403
769267 X 769293 0.000561
769271 SX 769294 0.989403
769271 SX 769293 0.000561
769271 RZPI 769271 1.000000
769271 RZ3PI 769262 1.000000
769271 RZPIHalf 769275 1.000000
769271 S 769273 1.000000
769271 X 769280 0.989403
769271 X 769279 0.000561
769273 SX 769333 0.989403
769273 SX 769334 0.000561
769273 RZPI 769273 1.000000
769273 RZ3PI 769275 1.000000
769273 RZPIHalf 769271 1.000000
769273 S 769262 1.000000
769273 X 769343 0.989403
769273 X 769344 0.000561
769273 X 769261 0.010036
769275 SX 769348 0.989403
769275 SX 769349 0.000561
769275 RZPI 769275 1.000000
769275 RZ3PI 769273 1.000000
769275 RZPIHalf 769262 1.000000
769275 S 769271 1.000000
769275 X 769344 0.989403
769275 X 769343 0.000561
769279 SX 769293 0.989403
769279 SX 769294 0.000561
769279 RZPI 769279 1.000000
769279 RZ3PI 769280 1.000000
769279 RZPIHalf 769344 1.000000
769279 S 769343 1.000000
769279 X 769262 0.989403
769279 X 769271 0.000561
769279 X 769261 0.010036
769280 SX 769267 0.989403
769280 SX 769266 0.000561
769280 RZPI 769280 1.000000
769280 RZ3PI 769279 1.000000
769280 RZPIHalf 769343 1.000000
769280 S 769344 1.000000
769280 X 769271 0.989403
769280 X 769262 0.000561
769287 SX 769393 0.989403
769287 SX 769394 0.000561
769287 RZPI 769287 1.000000
769287 RZ3PI 769289 1.000000
769287 RZPIHalf 769267 1.000000
769287 S 769266 1.000000
769287 X 769402 0.989403
769287 X 769403 0.000561
769289 SX 769407 0.989403
769289 SX 769408 0.000561
769289 RZPI 769289 1.000000
769289 RZ3PI 769287 1.000000
769289 RZPIHalf 769266 1.000000
769289 S 769267 1.000000
769289 X 769403 0.989403
769289 X 769402 0.000561
769293 SX 769262 0.989403
769293 SX 769271 0.000561
769293 SX 769261 0.010036
769293 RZPI 769293 1.000000
769293 RZ3PI 769294 1.000000
769293 RZPIHalf 769403 1.000000
769293 S 769402 1.000000
769293 X 769266 0.989403
769293 X 769267 0.000561
769294 SX 769280 0.989403
769294 SX 769279 0.000561
769294 SX 769261 0.010036
769294 RZPI 769294 1.000000
769294 RZ3PI 769293 1.000000
769294 RZPIHalf 769402 1.000000
769294 S 769403 1.000000
769294 X 769267 0.989403
769294 X 769266 0.000561
769333 SX 769343 0.989403
769333 SX 769344 0.000561
769333 SX 769261 0.010036
769333 RZPI 769333 1.000000
769333 RZ3PI 769334 1.000000
769333 RZPIHalf 769393 1.000000
769333 S 769394 1.000000
769333 X 769349 0.989403
769333 X 769348 0.000561
769334 SX 769275 0.989403
769334 SX 769273 0.000561
769334 RZPI 769334 1.000000
769334 RZ3PI 769333 1.000000
769334 RZPIHalf 769394 1.000000
769334 S 769393 1.000000
769334 X 769348 0.989403
769334 X 769349 0.000561
769343 SX 769349 0.989403
769343 SX 769348 0.000561
769343 RZPI 769343 1.000000
769343 RZ3PI 769344 1.000000
769343 RZPIHalf 769279 1.000000
769343 S 769280 1.000000
769343 X 769273 0.989403
769343 X 769275 0.000561
769344 SX 769334 0.989403
769344 SX 769333 0.000561
769344 RZPI 769344 1.000000
769344 RZ3PI 769343 1.000000
769344 RZPIHalf 769280 1.000000
769344 S 769279 1.000000
769344 X 769275 0.989403
769344 X 769273 0.000561
769348 SX 769344 0.989403
769348 SX 769343 0.000561
769348 RZPI 769348 1.000000
769348 RZ3PI 769349 1.000000
769348 RZPIHalf 769408 1.000000
769348 S 769407 1.000000
769348 X 769334 0.989403
769348 X 769333 0.000561
769349 SX 769273 0.989403
769349 SX 769275 0.000561
769349 SX 769261 0.010036
769349 RZPI 769349 1.000000
769349 RZ3PI 769348 1.000000
769349 RZPIHalf 769407 1.000000
769349 S 769408 1.000000
769349 X 769333 0.989403
769349 X 769334 0.000561
769380 SX 769389 0.989964
769380 SX 769261 0.010036
769380 RZPI 769380 1.000000
769380 RZ3PI 769381 1.000000
769380 RZPIHalf 769574 1.000000
769380 S 769576 1.000000
769380 X 769381 0.989403
769380 X 769380 0.000561
769380 X 769261 0.010036
769381 SX 769261 1.000000
769381 RZPI 769381 1.000000
769381 RZ3PI 769380 1.000000
769381 RZPIHalf 769576 1.000000
769381 S 769574 1.000000
769381 X 769380 0.989403
769381 X 769381 0.000561
769381 X 769261 0.010036
769389 SX 769381 0.989403
769389 SX 769380 0.000561
769389 SX 769261 0.010036
769389 RZPI 769389 1.000000
769389 RZ3PI 769389 1.000000
769389 RZPIHalf 769389 1.000000
769389 S 769389 1.000000
769389 X 769261 1.000000
769393 SX 769402 0.989403
769393 SX 769403 0.000561
769393 RZPI 769393 1.000000
769393 RZ3PI 769394 1.000000
769393 RZPIHalf 769334 1.000000
769393 S 769333 1.000000
769393 X 769408 0.989403
769393 X 769407 0.000561
769394 SX 769289 0.989403
769394 SX 769287 0.000561
769394 RZPI 769394 1.000000
769394 RZ3PI 769393 1.000000
769394 RZPIHalf 769333 1.000000
769394 S 769334 1.000000
769394 X 769407 0.989403
769394 X 769408 0.000561
769402 SX 769408 0.989403
769402 SX 769407 0.000561
769402 RZPI 769402 1.000000
769402 RZ3PI 769403 1.000000
769402 RZPIHalf 769293 1.000000
769402 S 769294 1.000000
769402 X 769287 0.989403
769402 X 769289 0.000561
769403 SX 769394 0.989403
769403 SX 769393 0.000561
769403 RZPI 769403 1.000000
769403 RZ3PI 769402 1.000000
769403 RZPIHalf 769294 1.000000
769403 S 769293 1.000000
769403 X 769289 0.989403
769403 X 769287 0.000561
769407 SX 769403 0.989403
769407 SX 769402 0.000561
769407 RZPI 769407 1.000000
769407 RZ3PI 769408 1.000000
769407 RZPIHalf 769348 1.000000
769407 S 769349 1.000000
769407 X 769394 0.989403
769407 X 769393 0.000561
769408 SX 769287 0.989403
769408 SX 769289 0.000561
769408 RZPI 769408 1.000000
769408 RZ3PI 769407 1.000000
769408 RZPIHalf 769349 1.000000
769408 S 769348 1.000000
769408 X 769393 0.989403
769408 X 769394 0.000561
769574 SX 769574 0.989403
769574 SX 769576 0.000561
769574 SX 769261 0.010036
769574 RZPI 769574 1.000000
769574 RZ3PI 769576 1.000000
769574 RZPIHalf 769381 1.000000
769574 S 769380 1.000000
769574 X 769574 0.989403
769574 X 769576 0.000561
769574 X 769261 0.010036
769576 SX 769576 0.989403
769576 SX 769574 0.000561
769576 SX 769261 0.010036
769576 RZPI 769576 1.000000
769576 RZ3PI 769574 1.000000
769576 RZPIHalf 769380 1.000000
769576 S 769381 1.000000
769576 X 769576 0.989403
769576 X 769574 0.000561
769576 X 769261 0.010036
ENDPOMDP
