BEGINPOMDP
INITIALSTATE: 151005
STATES: 151044,151045,151062,151447,151064,151448,151449,151450,151968,151970,151287,151385,151386,151005,151006,151265,151266,151268,151269,151019,151020,151403,151022,151023,151151,151153,151027,151029,151031,151288
REWARDS: 151044:0,151045:1,151062:0,151447:0,151064:0,151448:0,151449:0,151450:0,151968:0,151970:0,151287:0,151385:0,151386:0,151005:0,151006:0,151265:0,151266:0,151268:0,151269:0,151019:0,151020:0,151403:0,151022:0,151023:0,151151:0,151153:0,151027:0,151029:0,151031:0,151288:0
GAMMA: 151044:0,151045:0,151062:0,151447:0,151064:0,151448:0,151449:0,151450:0,151968:0,151970:0,151287:0,151385:0,151386:0,151005:0,151006:0,151265:0,151266:0,151268:0,151269:0,151019:0,151020:0,151403:0,151022:0,151023:0,151151:0,151153:0,151027:0,151029:0,151031:0,151288:0
BEGINACTIONS
SX
RZPI
RZ3PI
RZPIHalf
S
X
ENDACTIONS
151005 INIT_ 151006 1.000000
151005 SX 151385 0.992252
151005 SX 151386 0.007491
151005 SX 151005 0.000257
151005 RZPI 151005 1.000000
151005 RZ3PI 151005 1.000000
151005 RZPIHalf 151005 1.000000
151005 S 151005 1.000000
151005 X 151403 0.993904
151005 X 151005 0.006096
151006 SX 151019 0.989332
151006 SX 151020 0.004572
151006 SX 151022 0.002920
151006 SX 151023 0.002920
151006 RZPI 151006 1.000000
151006 RZ3PI 151027 1.000000
151006 RZPIHalf 151029 1.000000
151006 S 151031 1.000000
151006 X 151044 0.989332
151006 X 151045 0.004572
151006 X 151005 0.000256
151006 X 151006 0.002920
151006 X 151027 0.002920
151019 SX 151044 0.989332
151019 SX 151045 0.004572
151019 SX 151006 0.002920
151019 SX 151027 0.002920
151019 SX 151005 0.000001
151019 RZPI 151019 1.000000
151019 RZ3PI 151020 1.000000
151019 RZPIHalf 151062 1.000000
151019 S 151064 1.000000
151019 X 151022 0.989332
151019 X 151023 0.004572
151019 X 151019 0.002920
151019 X 151020 0.002920
151020 SX 151027 0.989332
151020 SX 151006 0.004572
151020 SX 151045 0.002920
151020 SX 151044 0.002920
151020 SX 151005 0.000002
151020 RZPI 151020 1.000000
151020 RZ3PI 151019 1.000000
151020 RZPIHalf 151064 1.000000
151020 S 151062 1.000000
151020 X 151023 0.989332
151020 X 151022 0.004572
151020 X 151020 0.002920
151020 X 151019 0.002920
151022 SX 151006 0.989332
151022 SX 151027 0.004572
151022 SX 151005 0.000254
151022 SX 151044 0.002920
151022 SX 151045 0.002920
151022 RZPI 151022 1.000000
151022 RZ3PI 151023 1.000000
151022 RZPIHalf 151151 1.000000
151022 S 151153 1.000000
151022 X 151019 0.989332
151022 X 151020 0.004572
151022 X 151022 0.002920
151022 X 151023 0.002920
151023 SX 151045 0.989332
151023 SX 151044 0.004572
151023 SX 151027 0.002920
151023 SX 151006 0.002920
151023 SX 151005 0.000001
151023 RZPI 151023 1.000000
151023 RZ3PI 151022 1.000000
151023 RZPIHalf 151153 1.000000
151023 S 151151 1.000000
151023 X 151020 0.989332
151023 X 151019 0.004572
151023 X 151023 0.002920
151023 X 151022 0.002920
151027 SX 151023 0.989332
151027 SX 151022 0.004572
151027 SX 151020 0.002920
151027 SX 151019 0.002920
151027 RZPI 151027 1.000000
151027 RZ3PI 151006 1.000000
151027 RZPIHalf 151031 1.000000
151027 S 151029 1.000000
151027 X 151045 0.989332
151027 X 151044 0.004572
151027 X 151027 0.002920
151027 X 151006 0.002920
151027 X 151005 0.000002
151029 SX 151265 0.989332
151029 SX 151266 0.004572
151029 SX 151268 0.002920
151029 SX 151269 0.002920
151029 RZPI 151029 1.000000
151029 RZ3PI 151031 1.000000
151029 RZPIHalf 151027 1.000000
151029 S 151006 1.000000
151029 X 151287 0.989332
151029 X 151288 0.004572
151029 X 151005 0.000255
151029 X 151029 0.002920
151029 X 151031 0.002920
151031 SX 151269 0.989332
151031 SX 151268 0.004572
151031 SX 151266 0.002920
151031 SX 151265 0.002920
151031 RZPI 151031 1.000000
151031 RZ3PI 151029 1.000000
151031 RZPIHalf 151006 1.000000
151031 S 151027 1.000000
151031 X 151288 0.989332
151031 X 151287 0.004572
151031 X 151031 0.002920
151031 X 151029 0.002920
151031 X 151005 0.000002
151044 SX 151022 0.989332
151044 SX 151023 0.004572
151044 SX 151019 0.002920
151044 SX 151020 0.002920
151044 RZPI 151044 1.000000
151044 RZ3PI 151045 1.000000
151044 RZPIHalf 151288 1.000000
151044 S 151287 1.000000
151044 X 151006 0.989332
151044 X 151027 0.004572
151044 X 151005 0.000255
151044 X 151044 0.002920
151044 X 151045 0.002920
151045 SX 151020 0.989332
151045 SX 151019 0.004572
151045 SX 151023 0.002920
151045 SX 151022 0.002920
151045 RZPI 151045 1.000000
151045 RZ3PI 151044 1.000000
151045 RZPIHalf 151287 1.000000
151045 S 151288 1.000000
151045 X 151027 0.989332
151045 X 151006 0.004572
151045 X 151045 0.002920
151045 X 151044 0.002920
151062 SX 151447 0.989332
151062 SX 151448 0.004572
151062 SX 151449 0.002920
151062 SX 151450 0.002920
151062 RZPI 151062 1.000000
151062 RZ3PI 151064 1.000000
151062 RZPIHalf 151020 1.000000
151062 S 151019 1.000000
151062 X 151153 0.989332
151062 X 151151 0.004572
151062 X 151062 0.002920
151062 X 151064 0.002920
151064 SX 151450 0.989332
151064 SX 151449 0.004572
151064 SX 151448 0.002920
151064 SX 151447 0.002920
151064 RZPI 151064 1.000000
151064 RZ3PI 151062 1.000000
151064 RZPIHalf 151019 1.000000
151064 S 151020 1.000000
151064 X 151151 0.989332
151064 X 151153 0.004572
151064 X 151064 0.002920
151064 X 151062 0.002920
151151 SX 151448 0.989332
151151 SX 151447 0.004572
151151 SX 151450 0.002920
151151 SX 151449 0.002920
151151 RZPI 151151 1.000000
151151 RZ3PI 151153 1.000000
151151 RZPIHalf 151023 1.000000
151151 S 151022 1.000000
151151 X 151064 0.989332
151151 X 151062 0.004572
151151 X 151151 0.002920
151151 X 151153 0.002920
151153 SX 151449 0.989332
151153 SX 151450 0.004572
151153 SX 151447 0.002920
151153 SX 151448 0.002920
151153 RZPI 151153 1.000000
151153 RZ3PI 151151 1.000000
151153 RZPIHalf 151022 1.000000
151153 S 151023 1.000000
151153 X 151062 0.989332
151153 X 151064 0.004572
151153 X 151153 0.002920
151153 X 151151 0.002920
151265 SX 151287 0.989332
151265 SX 151288 0.004572
151265 SX 151005 0.000257
151265 SX 151029 0.002920
151265 SX 151031 0.002920
151265 RZPI 151265 1.000000
151265 RZ3PI 151266 1.000000
151265 RZPIHalf 151447 1.000000
151265 S 151448 1.000000
151265 X 151268 0.989332
151265 X 151269 0.004572
151265 X 151265 0.002920
151265 X 151266 0.002920
151266 SX 151031 0.989332
151266 SX 151029 0.004572
151266 SX 151288 0.002920
151266 SX 151287 0.002920
151266 SX 151005 0.000002
151266 RZPI 151266 1.000000
151266 RZ3PI 151265 1.000000
151266 RZPIHalf 151448 1.000000
151266 S 151447 1.000000
151266 X 151269 0.989332
151266 X 151268 0.004572
151266 X 151266 0.002920
151266 X 151265 0.002920
151268 SX 151029 0.989332
151268 SX 151031 0.004572
151268 SX 151005 0.000255
151268 SX 151287 0.002920
151268 SX 151288 0.002920
151268 RZPI 151268 1.000000
151268 RZ3PI 151269 1.000000
151268 RZPIHalf 151450 1.000000
151268 S 151449 1.000000
151268 X 151265 0.989332
151268 X 151266 0.004572
151268 X 151268 0.002920
151268 X 151269 0.002920
151269 SX 151288 0.989332
151269 SX 151287 0.004572
151269 SX 151031 0.002920
151269 SX 151029 0.002920
151269 SX 151005 0.000001
151269 RZPI 151269 1.000000
151269 RZ3PI 151268 1.000000
151269 RZPIHalf 151449 1.000000
151269 S 151450 1.000000
151269 X 151266 0.989332
151269 X 151265 0.004572
151269 X 151269 0.002920
151269 X 151268 0.002920
151287 SX 151268 0.989332
151287 SX 151269 0.004572
151287 SX 151265 0.002920
151287 SX 151266 0.002920
151287 RZPI 151287 1.000000
151287 RZ3PI 151288 1.000000
151287 RZPIHalf 151044 1.000000
151287 S 151045 1.000000
151287 X 151029 0.989332
151287 X 151031 0.004572
151287 X 151287 0.002920
151287 X 151288 0.002920
151288 SX 151266 0.989332
151288 SX 151265 0.004572
151288 SX 151269 0.002920
151288 SX 151268 0.002920
151288 RZPI 151288 1.000000
151288 RZ3PI 151287 1.000000
151288 RZPIHalf 151045 1.000000
151288 S 151044 1.000000
151288 X 151031 0.989332
151288 X 151029 0.004572
151288 X 151288 0.002920
151288 X 151287 0.002920
151385 SX 151403 0.993904
151385 SX 151005 0.006096
151385 RZPI 151385 1.000000
151385 RZ3PI 151386 1.000000
151385 RZPIHalf 151968 1.000000
151385 S 151970 1.000000
151385 X 151386 0.992252
151385 X 151385 0.007491
151385 X 151005 0.000257
151386 SX 151005 0.994161
151386 SX 151403 0.005840
151386 RZPI 151386 1.000000
151386 RZ3PI 151385 1.000000
151386 RZPIHalf 151970 1.000000
151386 S 151968 1.000000
151386 X 151385 0.992252
151386 X 151386 0.007491
151386 X 151005 0.000257
151403 SX 151386 0.992252
151403 SX 151385 0.007491
151403 SX 151005 0.000257
151403 RZPI 151403 1.000000
151403 RZ3PI 151403 1.000000
151403 RZPIHalf 151403 1.000000
151403 S 151403 1.000000
151403 X 151005 0.994161
151403 X 151403 0.005840
151447 SX 151153 0.989332
151447 SX 151151 0.004572
151447 SX 151062 0.002920
151447 SX 151064 0.002920
151447 RZPI 151447 1.000000
151447 RZ3PI 151448 1.000000
151447 RZPIHalf 151266 1.000000
151447 S 151265 1.000000
151447 X 151449 0.989332
151447 X 151450 0.004572
151447 X 151447 0.002920
151447 X 151448 0.002920
151448 SX 151064 0.989332
151448 SX 151062 0.004572
151448 SX 151151 0.002920
151448 SX 151153 0.002920
151448 RZPI 151448 1.000000
151448 RZ3PI 151447 1.000000
151448 RZPIHalf 151265 1.000000
151448 S 151266 1.000000
151448 X 151450 0.989332
151448 X 151449 0.004572
151448 X 151448 0.002920
151448 X 151447 0.002920
151449 SX 151062 0.989332
151449 SX 151064 0.004572
151449 SX 151153 0.002920
151449 SX 151151 0.002920
151449 RZPI 151449 1.000000
151449 RZ3PI 151450 1.000000
151449 RZPIHalf 151268 1.000000
151449 S 151269 1.000000
151449 X 151447 0.989332
151449 X 151448 0.004572
151449 X 151449 0.002920
151449 X 151450 0.002920
151450 SX 151151 0.989332
151450 SX 151153 0.004572
151450 SX 151064 0.002920
151450 SX 151062 0.002920
151450 RZPI 151450 1.000000
151450 RZ3PI 151449 1.000000
151450 RZPIHalf 151269 1.000000
151450 S 151268 1.000000
151450 X 151448 0.989332
151450 X 151447 0.004572
151450 X 151450 0.002920
151450 X 151449 0.002920
151968 SX 151968 0.992252
151968 SX 151970 0.007491
151968 SX 151005 0.000257
151968 RZPI 151968 1.000000
151968 RZ3PI 151970 1.000000
151968 RZPIHalf 151386 1.000000
151968 S 151385 1.000000
151968 X 151968 0.992252
151968 X 151970 0.007491
151968 X 151005 0.000257
151970 SX 151970 0.992252
151970 SX 151968 0.007491
151970 SX 151005 0.000257
151970 RZPI 151970 1.000000
151970 RZ3PI 151968 1.000000
151970 RZPIHalf 151385 1.000000
151970 S 151386 1.000000
151970 X 151970 0.992252
151970 X 151968 0.007491
151970 X 151005 0.000257
ENDPOMDP
