BEGINPOMDP
INITIALSTATE: 358801
STATES: 358801,358802,359061,359062,359064,359065,358815,358816,358818,358819,358947,358949,358823,358825,359850,359083,359084,358827,359212,359213,359852,358840,358841,359230,358858,359243,358860,359244,359245,359246
REWARDS: 358801:0,358802:0,359061:0,359062:0,359064:0,359065:0,358815:0,358816:0,358818:0,358819:0,358947:0,358949:0,358823:0,358825:0,359850:0,359083:0,359084:0,358827:0,359212:0,359213:0,359852:0,358840:0,358841:1,359230:0,358858:0,359243:0,358860:0,359244:0,359245:0,359246:0
GAMMA: 358801:0,358802:0,359061:0,359062:0,359064:0,359065:0,358815:0,358816:0,358818:0,358819:0,358947:0,358949:0,358823:0,358825:0,359850:0,359083:0,359084:0,358827:0,359212:0,359213:0,359852:0,358840:0,358841:0,359230:0,358858:0,359243:0,358860:0,359244:0,359245:0,359246:0
BEGINACTIONS
SX
RZPI
RZ3PI
RZPIHalf
S
X
ENDACTIONS
358801 INIT_ 358802 1.000000
358801 SX 359212 0.999829
358801 SX 359213 0.000098
358801 SX 358801 0.000073
358801 RZPI 358801 1.000000
358801 RZ3PI 358801 1.000000
358801 RZPIHalf 358801 1.000000
358801 S 358801 1.000000
358801 X 359230 0.999841
358801 X 358801 0.000159
358802 SX 358815 0.999786
358802 SX 358816 0.000055
358802 SX 358818 0.000043
358802 SX 358819 0.000043
358802 RZPI 358802 1.000000
358802 RZ3PI 358823 1.000000
358802 RZPIHalf 358825 1.000000
358802 S 358827 1.000000
358802 X 358840 0.999786
358802 X 358841 0.000055
358802 X 358802 0.000043
358802 X 358823 0.000043
358815 SX 358840 0.999786
358815 SX 358841 0.000055
358815 SX 358801 0.000073
358815 SX 358802 0.000043
358815 SX 358823 0.000043
358815 RZPI 358815 1.000000
358815 RZ3PI 358816 1.000000
358815 RZPIHalf 358858 1.000000
358815 S 358860 1.000000
358815 X 358818 0.999786
358815 X 358819 0.000055
358815 X 358815 0.000043
358815 X 358816 0.000043
358816 SX 358823 0.999786
358816 SX 358802 0.000055
358816 SX 358801 0.000073
358816 SX 358841 0.000043
358816 SX 358840 0.000043
358816 RZPI 358816 1.000000
358816 RZ3PI 358815 1.000000
358816 RZPIHalf 358860 1.000000
358816 S 358858 1.000000
358816 X 358819 0.999786
358816 X 358818 0.000055
358816 X 358816 0.000043
358816 X 358815 0.000043
358818 SX 358802 0.999786
358818 SX 358823 0.000055
358818 SX 358801 0.000073
358818 SX 358840 0.000043
358818 SX 358841 0.000043
358818 RZPI 358818 1.000000
358818 RZ3PI 358819 1.000000
358818 RZPIHalf 358947 1.000000
358818 S 358949 1.000000
358818 X 358815 0.999786
358818 X 358816 0.000055
358818 X 358818 0.000043
358818 X 358819 0.000043
358819 SX 358841 0.999786
358819 SX 358840 0.000055
358819 SX 358823 0.000043
358819 SX 358802 0.000043
358819 SX 358801 0.000000
358819 RZPI 358819 1.000000
358819 RZ3PI 358818 1.000000
358819 RZPIHalf 358949 1.000000
358819 S 358947 1.000000
358819 X 358816 0.999786
358819 X 358815 0.000055
358819 X 358819 0.000043
358819 X 358818 0.000043
358823 SX 358819 0.999786
358823 SX 358818 0.000055
358823 SX 358816 0.000043
358823 SX 358815 0.000043
358823 RZPI 358823 1.000000
358823 RZ3PI 358802 1.000000
358823 RZPIHalf 358827 1.000000
358823 S 358825 1.000000
358823 X 358841 0.999786
358823 X 358840 0.000055
358823 X 358801 0.000073
358823 X 358823 0.000043
358823 X 358802 0.000043
358825 SX 359061 0.999786
358825 SX 359062 0.000055
358825 SX 359064 0.000043
358825 SX 359065 0.000043
358825 RZPI 358825 1.000000
358825 RZ3PI 358827 1.000000
358825 RZPIHalf 358823 1.000000
358825 S 358802 1.000000
358825 X 359083 0.999786
358825 X 359084 0.000055
358825 X 358801 0.000073
358825 X 358825 0.000043
358825 X 358827 0.000043
358827 SX 359065 0.999786
358827 SX 359064 0.000055
358827 SX 359062 0.000043
358827 SX 359061 0.000043
358827 RZPI 358827 1.000000
358827 RZ3PI 358825 1.000000
358827 RZPIHalf 358802 1.000000
358827 S 358823 1.000000
358827 X 359084 0.999786
358827 X 359083 0.000055
358827 X 358827 0.000043
358827 X 358825 0.000043
358827 X 358801 0.000000
358840 SX 358818 0.999786
358840 SX 358819 0.000055
358840 SX 358815 0.000043
358840 SX 358816 0.000043
358840 RZPI 358840 1.000000
358840 RZ3PI 358841 1.000000
358840 RZPIHalf 359084 1.000000
358840 S 359083 1.000000
358840 X 358802 0.999786
358840 X 358823 0.000055
358840 X 358801 0.000073
358840 X 358840 0.000043
358840 X 358841 0.000043
358841 SX 358816 0.999786
358841 SX 358815 0.000055
358841 SX 358819 0.000043
358841 SX 358818 0.000043
358841 RZPI 358841 1.000000
358841 RZ3PI 358840 1.000000
358841 RZPIHalf 359083 1.000000
358841 S 359084 1.000000
358841 X 358823 0.999786
358841 X 358802 0.000055
358841 X 358841 0.000043
358841 X 358840 0.000043
358841 X 358801 0.000000
358858 SX 359243 0.999786
358858 SX 359244 0.000055
358858 SX 359245 0.000043
358858 SX 359246 0.000043
358858 RZPI 358858 1.000000
358858 RZ3PI 358860 1.000000
358858 RZPIHalf 358816 1.000000
358858 S 358815 1.000000
358858 X 358949 0.999786
358858 X 358947 0.000055
358858 X 358858 0.000043
358858 X 358860 0.000043
358860 SX 359246 0.999786
358860 SX 359245 0.000055
358860 SX 359244 0.000043
358860 SX 359243 0.000043
358860 RZPI 358860 1.000000
358860 RZ3PI 358858 1.000000
358860 RZPIHalf 358815 1.000000
358860 S 358816 1.000000
358860 X 358947 0.999786
358860 X 358949 0.000055
358860 X 358860 0.000043
358860 X 358858 0.000043
358947 SX 359244 0.999786
358947 SX 359243 0.000055
358947 SX 359246 0.000043
358947 SX 359245 0.000043
358947 RZPI 358947 1.000000
358947 RZ3PI 358949 1.000000
358947 RZPIHalf 358819 1.000000
358947 S 358818 1.000000
358947 X 358860 0.999786
358947 X 358858 0.000055
358947 X 358947 0.000043
358947 X 358949 0.000043
358949 SX 359245 0.999786
358949 SX 359246 0.000055
358949 SX 359243 0.000043
358949 SX 359244 0.000043
358949 RZPI 358949 1.000000
358949 RZ3PI 358947 1.000000
358949 RZPIHalf 358818 1.000000
358949 S 358819 1.000000
358949 X 358858 0.999786
358949 X 358860 0.000055
358949 X 358949 0.000043
358949 X 358947 0.000043
359061 SX 359083 0.999786
359061 SX 359084 0.000055
359061 SX 358801 0.000073
359061 SX 358825 0.000043
359061 SX 358827 0.000043
359061 RZPI 359061 1.000000
359061 RZ3PI 359062 1.000000
359061 RZPIHalf 359243 1.000000
359061 S 359244 1.000000
359061 X 359064 0.999786
359061 X 359065 0.000055
359061 X 359061 0.000043
359061 X 359062 0.000043
359062 SX 358827 0.999786
359062 SX 358825 0.000055
359062 SX 359084 0.000043
359062 SX 359083 0.000043
359062 SX 358801 0.000000
359062 RZPI 359062 1.000000
359062 RZ3PI 359061 1.000000
359062 RZPIHalf 359244 1.000000
359062 S 359243 1.000000
359062 X 359065 0.999786
359062 X 359064 0.000055
359062 X 359062 0.000043
359062 X 359061 0.000043
359064 SX 358825 0.999786
359064 SX 358827 0.000055
359064 SX 358801 0.000073
359064 SX 359083 0.000043
359064 SX 359084 0.000043
359064 RZPI 359064 1.000000
359064 RZ3PI 359065 1.000000
359064 RZPIHalf 359246 1.000000
359064 S 359245 1.000000
359064 X 359061 0.999786
359064 X 359062 0.000055
359064 X 359064 0.000043
359064 X 359065 0.000043
359065 SX 359084 0.999786
359065 SX 359083 0.000055
359065 SX 358801 0.000073
359065 SX 358827 0.000043
359065 SX 358825 0.000043
359065 RZPI 359065 1.000000
359065 RZ3PI 359064 1.000000
359065 RZPIHalf 359245 1.000000
359065 S 359246 1.000000
359065 X 359062 0.999786
359065 X 359061 0.000055
359065 X 359065 0.000043
359065 X 359064 0.000043
359083 SX 359064 0.999786
359083 SX 359065 0.000055
359083 SX 359061 0.000043
359083 SX 359062 0.000043
359083 RZPI 359083 1.000000
359083 RZ3PI 359084 1.000000
359083 RZPIHalf 358840 1.000000
359083 S 358841 1.000000
359083 X 358825 0.999786
359083 X 358827 0.000055
359083 X 358801 0.000073
359083 X 359083 0.000043
359083 X 359084 0.000043
359084 SX 359062 0.999786
359084 SX 359061 0.000055
359084 SX 359065 0.000043
359084 SX 359064 0.000043
359084 RZPI 359084 1.000000
359084 RZ3PI 359083 1.000000
359084 RZPIHalf 358841 1.000000
359084 S 358840 1.000000
359084 X 358827 0.999786
359084 X 358825 0.000055
359084 X 358801 0.000073
359084 X 359084 0.000043
359084 X 359083 0.000043
359212 SX 359230 0.999841
359212 SX 358801 0.000159
359212 RZPI 359212 1.000000
359212 RZ3PI 359213 1.000000
359212 RZPIHalf 359850 1.000000
359212 S 359852 1.000000
359212 X 359213 0.999829
359212 X 359212 0.000098
359212 X 358801 0.000073
359213 SX 358801 0.999914
359213 SX 359230 0.000086
359213 RZPI 359213 1.000000
359213 RZ3PI 359212 1.000000
359213 RZPIHalf 359852 1.000000
359213 S 359850 1.000000
359213 X 359212 0.999829
359213 X 359213 0.000098
359213 X 358801 0.000073
359230 SX 359213 0.999829
359230 SX 359212 0.000098
359230 SX 358801 0.000073
359230 RZPI 359230 1.000000
359230 RZ3PI 359230 1.000000
359230 RZPIHalf 359230 1.000000
359230 S 359230 1.000000
359230 X 358801 0.999914
359230 X 359230 0.000086
359243 SX 358949 0.999786
359243 SX 358947 0.000055
359243 SX 358858 0.000043
359243 SX 358860 0.000043
359243 RZPI 359243 1.000000
359243 RZ3PI 359244 1.000000
359243 RZPIHalf 359062 1.000000
359243 S 359061 1.000000
359243 X 359245 0.999786
359243 X 359246 0.000055
359243 X 359243 0.000043
359243 X 359244 0.000043
359244 SX 358860 0.999786
359244 SX 358858 0.000055
359244 SX 358947 0.000043
359244 SX 358949 0.000043
359244 RZPI 359244 1.000000
359244 RZ3PI 359243 1.000000
359244 RZPIHalf 359061 1.000000
359244 S 359062 1.000000
359244 X 359246 0.999786
359244 X 359245 0.000055
359244 X 359244 0.000043
359244 X 359243 0.000043
359245 SX 358858 0.999786
359245 SX 358860 0.000055
359245 SX 358949 0.000043
359245 SX 358947 0.000043
359245 RZPI 359245 1.000000
359245 RZ3PI 359246 1.000000
359245 RZPIHalf 359064 1.000000
359245 S 359065 1.000000
359245 X 359243 0.999786
359245 X 359244 0.000055
359245 X 359245 0.000043
359245 X 359246 0.000043
359246 SX 358947 0.999786
359246 SX 358949 0.000055
359246 SX 358860 0.000043
359246 SX 358858 0.000043
359246 RZPI 359246 1.000000
359246 RZ3PI 359245 1.000000
359246 RZPIHalf 359065 1.000000
359246 S 359064 1.000000
359246 X 359244 0.999786
359246 X 359243 0.000055
359246 X 359246 0.000043
359246 X 359245 0.000043
359850 SX 359850 0.999829
359850 SX 359852 0.000098
359850 SX 358801 0.000073
359850 RZPI 359850 1.000000
359850 RZ3PI 359852 1.000000
359850 RZPIHalf 359213 1.000000
359850 S 359212 1.000000
359850 X 359850 0.999829
359850 X 359852 0.000098
359850 X 358801 0.000073
359852 SX 359852 0.999829
359852 SX 359850 0.000098
359852 SX 358801 0.000073
359852 RZPI 359852 1.000000
359852 RZ3PI 359850 1.000000
359852 RZPIHalf 359212 1.000000
359852 S 359213 1.000000
359852 X 359852 0.999829
359852 X 359850 0.000098
359852 X 358801 0.000073
ENDPOMDP
