BEGINPOMDP
INITIALSTATE: 255113
STATES: 255113,255114,255118,255119,255247,255246,255123,255125,255255,255127,255256,255131,255132,255261,255260,255140,255142,255146,255147,255531,255533,255292,255293,255301,255185,255186,255195,255196,255200,255201
REWARDS: 255113:0,255114:0,255118:0,255119:0,255247:0,255246:0,255123:0,255125:0,255255:0,255127:0,255256:0,255131:0,255132:1,255261:0,255260:0,255140:0,255142:0,255146:0,255147:0,255531:0,255533:0,255292:0,255293:0,255301:0,255185:0,255186:0,255195:0,255196:0,255200:0,255201:0
GAMMA: 255113:0,255114:0,255118:0,255119:0,255247:0,255246:0,255123:0,255125:0,255255:0,255127:0,255256:0,255131:0,255132:0,255261:0,255260:0,255140:0,255142:0,255146:0,255147:0,255531:0,255533:0,255292:0,255293:0,255301:0,255185:0,255186:0,255195:0,255196:0,255200:0,255201:0
BEGINACTIONS
SX
RZPI
RZ3PI
RZPIHalf
S
X
ENDACTIONS
255113 INIT_ 255114 1.000000
255113 SX 255292 0.999245
255113 SX 255293 0.000461
255113 SX 255113 0.000294
255113 RZPI 255113 1.000000
255113 RZ3PI 255113 1.000000
255113 RZPIHalf 255113 1.000000
255113 S 255113 1.000000
255113 X 255301 0.999706
255113 X 255113 0.000294
255114 SX 255118 0.999245
255114 SX 255119 0.000461
255114 RZPI 255114 1.000000
255114 RZ3PI 255123 1.000000
255114 RZPIHalf 255125 1.000000
255114 S 255127 1.000000
255114 X 255131 0.999245
255114 X 255132 0.000461
255118 SX 255131 0.999245
255118 SX 255132 0.000461
255118 RZPI 255118 1.000000
255118 RZ3PI 255119 1.000000
255118 RZPIHalf 255140 1.000000
255118 S 255142 1.000000
255118 X 255146 0.999245
255118 X 255147 0.000461
255119 SX 255123 0.999245
255119 SX 255114 0.000461
255119 SX 255113 0.000294
255119 RZPI 255119 1.000000
255119 RZ3PI 255118 1.000000
255119 RZPIHalf 255142 1.000000
255119 S 255140 1.000000
255119 X 255147 0.999245
255119 X 255146 0.000461
255123 SX 255147 0.999245
255123 SX 255146 0.000461
255123 RZPI 255123 1.000000
255123 RZ3PI 255114 1.000000
255123 RZPIHalf 255127 1.000000
255123 S 255125 1.000000
255123 X 255132 0.999245
255123 X 255131 0.000461
255123 X 255113 0.000294
255125 SX 255185 0.999245
255125 SX 255186 0.000461
255125 RZPI 255125 1.000000
255125 RZ3PI 255127 1.000000
255125 RZPIHalf 255123 1.000000
255125 S 255114 1.000000
255125 X 255195 0.999245
255125 X 255196 0.000461
255125 X 255113 0.000294
255127 SX 255200 0.999245
255127 SX 255201 0.000461
255127 RZPI 255127 1.000000
255127 RZ3PI 255125 1.000000
255127 RZPIHalf 255114 1.000000
255127 S 255123 1.000000
255127 X 255196 0.999245
255127 X 255195 0.000461
255131 SX 255146 0.999245
255131 SX 255147 0.000461
255131 RZPI 255131 1.000000
255131 RZ3PI 255132 1.000000
255131 RZPIHalf 255196 1.000000
255131 S 255195 1.000000
255131 X 255114 0.999245
255131 X 255123 0.000461
255132 SX 255119 0.999245
255132 SX 255118 0.000461
255132 RZPI 255132 1.000000
255132 RZ3PI 255131 1.000000
255132 RZPIHalf 255195 1.000000
255132 S 255196 1.000000
255132 X 255123 0.999245
255132 X 255114 0.000461
255140 SX 255246 0.999245
255140 SX 255247 0.000461
255140 RZPI 255140 1.000000
255140 RZ3PI 255142 1.000000
255140 RZPIHalf 255119 1.000000
255140 S 255118 1.000000
255140 X 255255 0.999245
255140 X 255256 0.000461
255142 SX 255260 0.999245
255142 SX 255261 0.000461
255142 RZPI 255142 1.000000
255142 RZ3PI 255140 1.000000
255142 RZPIHalf 255118 1.000000
255142 S 255119 1.000000
255142 X 255256 0.999245
255142 X 255255 0.000461
255146 SX 255114 0.999245
255146 SX 255123 0.000461
255146 SX 255113 0.000294
255146 RZPI 255146 1.000000
255146 RZ3PI 255147 1.000000
255146 RZPIHalf 255256 1.000000
255146 S 255255 1.000000
255146 X 255118 0.999245
255146 X 255119 0.000461
255147 SX 255132 0.999245
255147 SX 255131 0.000461
255147 SX 255113 0.000294
255147 RZPI 255147 1.000000
255147 RZ3PI 255146 1.000000
255147 RZPIHalf 255255 1.000000
255147 S 255256 1.000000
255147 X 255119 0.999245
255147 X 255118 0.000461
255185 SX 255195 0.999245
255185 SX 255196 0.000461
255185 RZPI 255185 1.000000
255185 RZ3PI 255186 1.000000
255185 RZPIHalf 255246 1.000000
255185 S 255247 1.000000
255185 X 255201 0.999245
255185 X 255200 0.000461
255186 SX 255127 0.999245
255186 SX 255125 0.000461
255186 RZPI 255186 1.000000
255186 RZ3PI 255185 1.000000
255186 RZPIHalf 255247 1.000000
255186 S 255246 1.000000
255186 X 255200 0.999245
255186 X 255201 0.000461
255195 SX 255201 0.999245
255195 SX 255200 0.000461
255195 RZPI 255195 1.000000
255195 RZ3PI 255196 1.000000
255195 RZPIHalf 255131 1.000000
255195 S 255132 1.000000
255195 X 255125 0.999245
255195 X 255127 0.000461
255196 SX 255186 0.999245
255196 SX 255185 0.000461
255196 RZPI 255196 1.000000
255196 RZ3PI 255195 1.000000
255196 RZPIHalf 255132 1.000000
255196 S 255131 1.000000
255196 X 255127 0.999245
255196 X 255125 0.000461
255196 X 255113 0.000294
255200 SX 255196 0.999245
255200 SX 255195 0.000461
255200 RZPI 255200 1.000000
255200 RZ3PI 255201 1.000000
255200 RZPIHalf 255261 1.000000
255200 S 255260 1.000000
255200 X 255186 0.999245
255200 X 255185 0.000461
255201 SX 255125 0.999245
255201 SX 255127 0.000461
255201 SX 255113 0.000294
255201 RZPI 255201 1.000000
255201 RZ3PI 255200 1.000000
255201 RZPIHalf 255260 1.000000
255201 S 255261 1.000000
255201 X 255185 0.999245
255201 X 255186 0.000461
255246 SX 255255 0.999245
255246 SX 255256 0.000461
255246 RZPI 255246 1.000000
255246 RZ3PI 255247 1.000000
255246 RZPIHalf 255186 1.000000
255246 S 255185 1.000000
255246 X 255261 0.999245
255246 X 255260 0.000461
255247 SX 255142 0.999245
255247 SX 255140 0.000461
255247 RZPI 255247 1.000000
255247 RZ3PI 255246 1.000000
255247 RZPIHalf 255185 1.000000
255247 S 255186 1.000000
255247 X 255260 0.999245
255247 X 255261 0.000461
255255 SX 255261 0.999245
255255 SX 255260 0.000461
255255 RZPI 255255 1.000000
255255 RZ3PI 255256 1.000000
255255 RZPIHalf 255146 1.000000
255255 S 255147 1.000000
255255 X 255140 0.999245
255255 X 255142 0.000461
255256 SX 255247 0.999245
255256 SX 255246 0.000461
255256 RZPI 255256 1.000000
255256 RZ3PI 255255 1.000000
255256 RZPIHalf 255147 1.000000
255256 S 255146 1.000000
255256 X 255142 0.999245
255256 X 255140 0.000461
255260 SX 255256 0.999245
255260 SX 255255 0.000461
255260 RZPI 255260 1.000000
255260 RZ3PI 255261 1.000000
255260 RZPIHalf 255200 1.000000
255260 S 255201 1.000000
255260 X 255247 0.999245
255260 X 255246 0.000461
255261 SX 255140 0.999245
255261 SX 255142 0.000461
255261 RZPI 255261 1.000000
255261 RZ3PI 255260 1.000000
255261 RZPIHalf 255201 1.000000
255261 S 255200 1.000000
255261 X 255246 0.999245
255261 X 255247 0.000461
255292 SX 255301 0.999706
255292 SX 255113 0.000294
255292 RZPI 255292 1.000000
255292 RZ3PI 255293 1.000000
255292 RZPIHalf 255531 1.000000
255292 S 255533 1.000000
255292 X 255293 0.999245
255292 X 255292 0.000461
255292 X 255113 0.000294
255293 SX 255113 1.000000
255293 RZPI 255293 1.000000
255293 RZ3PI 255292 1.000000
255293 RZPIHalf 255533 1.000000
255293 S 255531 1.000000
255293 X 255292 0.999245
255293 X 255293 0.000461
255293 X 255113 0.000294
255301 SX 255293 0.999245
255301 SX 255292 0.000461
255301 SX 255113 0.000294
255301 RZPI 255301 1.000000
255301 RZ3PI 255301 1.000000
255301 RZPIHalf 255301 1.000000
255301 S 255301 1.000000
255301 X 255113 1.000000
255531 SX 255531 0.999245
255531 SX 255533 0.000461
255531 SX 255113 0.000294
255531 RZPI 255531 1.000000
255531 RZ3PI 255533 1.000000
255531 RZPIHalf 255293 1.000000
255531 S 255292 1.000000
255531 X 255531 0.999245
255531 X 255533 0.000461
255531 X 255113 0.000294
255533 SX 255533 0.999245
255533 SX 255531 0.000461
255533 SX 255113 0.000294
255533 RZPI 255533 1.000000
255533 RZ3PI 255531 1.000000
255533 RZPIHalf 255292 1.000000
255533 S 255293 1.000000
255533 X 255533 0.999245
255533 X 255531 0.000461
255533 X 255113 0.000294
ENDPOMDP
