BEGINPOMDP
INITIALSTATE: 362281
STATES: 362368,362369,362401,362402,362281,362282,362410,362286,362287,362415,362414,362291,362293,362423,362295,362424,362299,362300,362429,362428,362307,362309,362313,362314,362607,362353,362609,362354,362363,362364
REWARDS: 362368:0,362369:0,362401:0,362402:0,362281:0,362282:0,362410:0,362286:0,362287:0,362415:0,362414:0,362291:0,362293:0,362423:0,362295:0,362424:0,362299:0,362300:1,362429:0,362428:0,362307:0,362309:0,362313:0,362314:0,362607:0,362353:0,362609:0,362354:0,362363:0,362364:0
GAMMA: 362368:0,362369:0,362401:0,362402:0,362281:0,362282:0,362410:0,362286:0,362287:0,362415:0,362414:0,362291:0,362293:0,362423:0,362295:0,362424:0,362299:0,362300:0,362429:0,362428:0,362307:0,362309:0,362313:0,362314:0,362607:0,362353:0,362609:0,362354:0,362363:0,362364:0
BEGINACTIONS
SX
RZPI
RZ3PI
RZPIHalf
S
X
ENDACTIONS
362281 INIT_ 362282 1.000000
362281 SX 362401 0.999599
362281 SX 362402 0.000070
362281 SX 362281 0.000331
362281 RZPI 362281 1.000000
362281 RZ3PI 362281 1.000000
362281 RZPIHalf 362281 1.000000
362281 S 362281 1.000000
362281 X 362410 0.999669
362281 X 362281 0.000331
362282 SX 362286 0.999599
362282 SX 362287 0.000070
362282 RZPI 362282 1.000000
362282 RZ3PI 362291 1.000000
362282 RZPIHalf 362293 1.000000
362282 S 362295 1.000000
362282 X 362299 0.999599
362282 X 362300 0.000070
362282 X 362281 0.000331
362286 SX 362299 0.999599
362286 SX 362300 0.000070
362286 SX 362281 0.000331
362286 RZPI 362286 1.000000
362286 RZ3PI 362287 1.000000
362286 RZPIHalf 362307 1.000000
362286 S 362309 1.000000
362286 X 362313 0.999599
362286 X 362314 0.000070
362287 SX 362291 0.999599
362287 SX 362282 0.000070
362287 RZPI 362287 1.000000
362287 RZ3PI 362286 1.000000
362287 RZPIHalf 362309 1.000000
362287 S 362307 1.000000
362287 X 362314 0.999599
362287 X 362313 0.000070
362291 SX 362314 0.999599
362291 SX 362313 0.000070
362291 RZPI 362291 1.000000
362291 RZ3PI 362282 1.000000
362291 RZPIHalf 362295 1.000000
362291 S 362293 1.000000
362291 X 362300 0.999599
362291 X 362299 0.000070
362293 SX 362353 0.999599
362293 SX 362354 0.000070
362293 RZPI 362293 1.000000
362293 RZ3PI 362295 1.000000
362293 RZPIHalf 362291 1.000000
362293 S 362282 1.000000
362293 X 362363 0.999599
362293 X 362364 0.000070
362295 SX 362368 0.999599
362295 SX 362369 0.000070
362295 RZPI 362295 1.000000
362295 RZ3PI 362293 1.000000
362295 RZPIHalf 362282 1.000000
362295 S 362291 1.000000
362295 X 362364 0.999599
362295 X 362363 0.000070
362299 SX 362313 0.999599
362299 SX 362314 0.000070
362299 RZPI 362299 1.000000
362299 RZ3PI 362300 1.000000
362299 RZPIHalf 362364 1.000000
362299 S 362363 1.000000
362299 X 362282 0.999599
362299 X 362291 0.000070
362299 X 362281 0.000331
362300 SX 362287 0.999599
362300 SX 362286 0.000070
362300 RZPI 362300 1.000000
362300 RZ3PI 362299 1.000000
362300 RZPIHalf 362363 1.000000
362300 S 362364 1.000000
362300 X 362291 0.999599
362300 X 362282 0.000070
362300 X 362281 0.000331
362307 SX 362414 0.999599
362307 SX 362415 0.000070
362307 RZPI 362307 1.000000
362307 RZ3PI 362309 1.000000
362307 RZPIHalf 362287 1.000000
362307 S 362286 1.000000
362307 X 362423 0.999599
362307 X 362424 0.000070
362309 SX 362428 0.999599
362309 SX 362429 0.000070
362309 RZPI 362309 1.000000
362309 RZ3PI 362307 1.000000
362309 RZPIHalf 362286 1.000000
362309 S 362287 1.000000
362309 X 362424 0.999599
362309 X 362423 0.000070
362313 SX 362282 0.999599
362313 SX 362291 0.000070
362313 RZPI 362313 1.000000
362313 RZ3PI 362314 1.000000
362313 RZPIHalf 362424 1.000000
362313 S 362423 1.000000
362313 X 362286 0.999599
362313 X 362287 0.000070
362314 SX 362300 0.999599
362314 SX 362299 0.000070
362314 SX 362281 0.000331
362314 RZPI 362314 1.000000
362314 RZ3PI 362313 1.000000
362314 RZPIHalf 362423 1.000000
362314 S 362424 1.000000
362314 X 362287 0.999599
362314 X 362286 0.000070
362353 SX 362363 0.999599
362353 SX 362364 0.000070
362353 RZPI 362353 1.000000
362353 RZ3PI 362354 1.000000
362353 RZPIHalf 362414 1.000000
362353 S 362415 1.000000
362353 X 362369 0.999599
362353 X 362368 0.000070
362354 SX 362295 0.999599
362354 SX 362293 0.000070
362354 RZPI 362354 1.000000
362354 RZ3PI 362353 1.000000
362354 RZPIHalf 362415 1.000000
362354 S 362414 1.000000
362354 X 362368 0.999599
362354 X 362369 0.000070
362363 SX 362369 0.999599
362363 SX 362368 0.000070
362363 RZPI 362363 1.000000
362363 RZ3PI 362364 1.000000
362363 RZPIHalf 362299 1.000000
362363 S 362300 1.000000
362363 X 362293 0.999599
362363 X 362295 0.000070
362363 X 362281 0.000331
362364 SX 362354 0.999599
362364 SX 362353 0.000070
362364 RZPI 362364 1.000000
362364 RZ3PI 362363 1.000000
362364 RZPIHalf 362300 1.000000
362364 S 362299 1.000000
362364 X 362295 0.999599
362364 X 362293 0.000070
362364 X 362281 0.000331
362368 SX 362364 0.999599
362368 SX 362363 0.000070
362368 RZPI 362368 1.000000
362368 RZ3PI 362369 1.000000
362368 RZPIHalf 362429 1.000000
362368 S 362428 1.000000
362368 X 362354 0.999599
362368 X 362353 0.000070
362369 SX 362293 0.999599
362369 SX 362295 0.000070
362369 SX 362281 0.000331
362369 RZPI 362369 1.000000
362369 RZ3PI 362368 1.000000
362369 RZPIHalf 362428 1.000000
362369 S 362429 1.000000
362369 X 362353 0.999599
362369 X 362354 0.000070
362401 SX 362410 0.999669
362401 SX 362281 0.000331
362401 RZPI 362401 1.000000
362401 RZ3PI 362402 1.000000
362401 RZPIHalf 362607 1.000000
362401 S 362609 1.000000
362401 X 362402 0.999599
362401 X 362401 0.000070
362401 X 362281 0.000331
362402 SX 362281 1.000000
362402 RZPI 362402 1.000000
362402 RZ3PI 362401 1.000000
362402 RZPIHalf 362609 1.000000
362402 S 362607 1.000000
362402 X 362401 0.999599
362402 X 362402 0.000070
362402 X 362281 0.000331
362410 SX 362402 0.999599
362410 SX 362401 0.000070
362410 SX 362281 0.000331
362410 RZPI 362410 1.000000
362410 RZ3PI 362410 1.000000
362410 RZPIHalf 362410 1.000000
362410 S 362410 1.000000
362410 X 362281 1.000000
362414 SX 362423 0.999599
362414 SX 362424 0.000070
362414 RZPI 362414 1.000000
362414 RZ3PI 362415 1.000000
362414 RZPIHalf 362354 1.000000
362414 S 362353 1.000000
362414 X 362429 0.999599
362414 X 362428 0.000070
362415 SX 362309 0.999599
362415 SX 362307 0.000070
362415 RZPI 362415 1.000000
362415 RZ3PI 362414 1.000000
362415 RZPIHalf 362353 1.000000
362415 S 362354 1.000000
362415 X 362428 0.999599
362415 X 362429 0.000070
362423 SX 362429 0.999599
362423 SX 362428 0.000070
362423 RZPI 362423 1.000000
362423 RZ3PI 362424 1.000000
362423 RZPIHalf 362313 1.000000
362423 S 362314 1.000000
362423 X 362307 0.999599
362423 X 362309 0.000070
362424 SX 362415 0.999599
362424 SX 362414 0.000070
362424 RZPI 362424 1.000000
362424 RZ3PI 362423 1.000000
362424 RZPIHalf 362314 1.000000
362424 S 362313 1.000000
362424 X 362309 0.999599
362424 X 362307 0.000070
362428 SX 362424 0.999599
362428 SX 362423 0.000070
362428 RZPI 362428 1.000000
362428 RZ3PI 362429 1.000000
362428 RZPIHalf 362368 1.000000
362428 S 362369 1.000000
362428 X 362415 0.999599
362428 X 362414 0.000070
362429 SX 362307 0.999599
362429 SX 362309 0.000070
362429 RZPI 362429 1.000000
362429 RZ3PI 362428 1.000000
362429 RZPIHalf 362369 1.000000
362429 S 362368 1.000000
362429 X 362414 0.999599
362429 X 362415 0.000070
362607 SX 362607 0.999599
362607 SX 362609 0.000070
362607 SX 362281 0.000331
362607 RZPI 362607 1.000000
362607 RZ3PI 362609 1.000000
362607 RZPIHalf 362402 1.000000
362607 S 362401 1.000000
362607 X 362607 0.999599
362607 X 362609 0.000070
362607 X 362281 0.000331
362609 SX 362609 0.999599
362609 SX 362607 0.000070
362609 SX 362281 0.000331
362609 RZPI 362609 1.000000
362609 RZ3PI 362607 1.000000
362609 RZPIHalf 362401 1.000000
362609 S 362402 1.000000
362609 X 362609 0.999599
362609 X 362607 0.000070
362609 X 362281 0.000331
ENDPOMDP
