BEGINPOMDP
INITIALSTATE: 28910
STATES: 29056,29057,29058,28931,28932,28940,28942,28954,28956,29001,29002,29003,29004,29013,29014,28910,28911,28916,28917,28918,28919,28922,28924,28926,29055
REWARDS: 29056:0,29057:0,29058:0,28931:0,28932:1,28940:0,28942:0,28954:0,28956:0,29001:0,29002:0,29003:0,29004:0,29013:0,29014:0,28910:0,28911:0,28916:0,28917:0,28918:0,28919:0,28922:0,28924:0,28926:0,29055:0
GAMMA: 29056:0,29057:0,29058:0,28931:0,28932:0,28940:0,28942:0,28954:0,28956:0,29001:0,29002:0,29003:0,29004:0,29013:0,29014:0,28910:0,28911:0,28916:0,28917:0,28918:0,28919:0,28922:0,28924:0,28926:0,29055:0
BEGINACTIONS
SX
RZPI
RZ3PI
RZPIHalf
S
X
ENDACTIONS
28910 INIT_ 28911 1.000000
28911 SX 28916 0.999556
28911 SX 28917 0.000148
28911 SX 28918 0.000148
28911 SX 28919 0.000148
28911 RZPI 28911 1.000000
28911 RZ3PI 28922 1.000000
28911 RZPIHalf 28924 1.000000
28911 S 28926 1.000000
28911 X 28931 0.999556
28911 X 28911 0.000148
28911 X 28922 0.000148
28911 X 28932 0.000148
28916 SX 28931 0.999556
28916 SX 28911 0.000148
28916 SX 28922 0.000148
28916 SX 28932 0.000148
28916 RZPI 28916 1.000000
28916 RZ3PI 28919 1.000000
28916 RZPIHalf 28940 1.000000
28916 S 28942 1.000000
28916 X 28917 0.999556
28916 X 28916 0.000148
28916 X 28919 0.000148
28916 X 28918 0.000148
28917 SX 28911 0.999556
28917 SX 28931 0.000148
28917 SX 28932 0.000148
28917 SX 28922 0.000148
28917 RZPI 28917 1.000000
28917 RZ3PI 28918 1.000000
28917 RZPIHalf 28954 1.000000
28917 S 28956 1.000000
28917 X 28916 0.999556
28917 X 28917 0.000148
28917 X 28918 0.000148
28917 X 28919 0.000148
28918 SX 28932 0.999556
28918 SX 28922 0.000148
28918 SX 28911 0.000148
28918 SX 28931 0.000148
28918 RZPI 28918 1.000000
28918 RZ3PI 28917 1.000000
28918 RZPIHalf 28956 1.000000
28918 S 28954 1.000000
28918 X 28919 0.999556
28918 X 28918 0.000148
28918 X 28917 0.000148
28918 X 28916 0.000148
28919 SX 28922 0.999556
28919 SX 28932 0.000148
28919 SX 28931 0.000148
28919 SX 28911 0.000148
28919 RZPI 28919 1.000000
28919 RZ3PI 28916 1.000000
28919 RZPIHalf 28942 1.000000
28919 S 28940 1.000000
28919 X 28918 0.999556
28919 X 28919 0.000148
28919 X 28916 0.000148
28919 X 28917 0.000148
28922 SX 28918 0.999556
28922 SX 28919 0.000148
28922 SX 28916 0.000148
28922 SX 28917 0.000148
28922 RZPI 28922 1.000000
28922 RZ3PI 28911 1.000000
28922 RZPIHalf 28926 1.000000
28922 S 28924 1.000000
28922 X 28932 0.999556
28922 X 28922 0.000148
28922 X 28911 0.000148
28922 X 28931 0.000148
28924 SX 29001 0.999556
28924 SX 29002 0.000148
28924 SX 29003 0.000148
28924 SX 29004 0.000148
28924 RZPI 28924 1.000000
28924 RZ3PI 28926 1.000000
28924 RZPIHalf 28922 1.000000
28924 S 28911 1.000000
28924 X 29013 0.999556
28924 X 28924 0.000148
28924 X 28926 0.000148
28924 X 29014 0.000148
28926 SX 29003 0.999556
28926 SX 29004 0.000148
28926 SX 29001 0.000148
28926 SX 29002 0.000148
28926 RZPI 28926 1.000000
28926 RZ3PI 28924 1.000000
28926 RZPIHalf 28911 1.000000
28926 S 28922 1.000000
28926 X 29014 0.999556
28926 X 28926 0.000148
28926 X 28924 0.000148
28926 X 29013 0.000148
28931 SX 28917 0.999556
28931 SX 28916 0.000148
28931 SX 28919 0.000148
28931 SX 28918 0.000148
28931 RZPI 28931 1.000000
28931 RZ3PI 28932 1.000000
28931 RZPIHalf 29014 1.000000
28931 S 29013 1.000000
28931 X 28911 0.999556
28931 X 28931 0.000148
28931 X 28932 0.000148
28931 X 28922 0.000148
28932 SX 28919 0.999556
28932 SX 28918 0.000148
28932 SX 28917 0.000148
28932 SX 28916 0.000148
28932 RZPI 28932 1.000000
28932 RZ3PI 28931 1.000000
28932 RZPIHalf 29013 1.000000
28932 S 29014 1.000000
28932 X 28922 0.999556
28932 X 28932 0.000148
28932 X 28931 0.000148
28932 X 28911 0.000148
28940 SX 29055 0.999556
28940 SX 29056 0.000148
28940 SX 29057 0.000148
28940 SX 29058 0.000148
28940 RZPI 28940 1.000000
28940 RZ3PI 28942 1.000000
28940 RZPIHalf 28919 1.000000
28940 S 28916 1.000000
28940 X 28956 0.999556
28940 X 28940 0.000148
28940 X 28942 0.000148
28940 X 28954 0.000148
28942 SX 29057 0.999556
28942 SX 29058 0.000148
28942 SX 29055 0.000148
28942 SX 29056 0.000148
28942 RZPI 28942 1.000000
28942 RZ3PI 28940 1.000000
28942 RZPIHalf 28916 1.000000
28942 S 28919 1.000000
28942 X 28954 0.999556
28942 X 28942 0.000148
28942 X 28940 0.000148
28942 X 28956 0.000148
28954 SX 29058 0.999556
28954 SX 29057 0.000148
28954 SX 29056 0.000148
28954 SX 29055 0.000148
28954 RZPI 28954 1.000000
28954 RZ3PI 28956 1.000000
28954 RZPIHalf 28918 1.000000
28954 S 28917 1.000000
28954 X 28942 0.999556
28954 X 28954 0.000148
28954 X 28956 0.000148
28954 X 28940 0.000148
28956 SX 29056 0.999556
28956 SX 29055 0.000148
28956 SX 29058 0.000148
28956 SX 29057 0.000148
28956 RZPI 28956 1.000000
28956 RZ3PI 28954 1.000000
28956 RZPIHalf 28917 1.000000
28956 S 28918 1.000000
28956 X 28940 0.999556
28956 X 28956 0.000148
28956 X 28954 0.000148
28956 X 28942 0.000148
29001 SX 29013 0.999556
29001 SX 28924 0.000148
29001 SX 28926 0.000148
29001 SX 29014 0.000148
29001 RZPI 29001 1.000000
29001 RZ3PI 29004 1.000000
29001 RZPIHalf 29055 1.000000
29001 S 29058 1.000000
29001 X 29002 0.999556
29001 X 29001 0.000148
29001 X 29004 0.000148
29001 X 29003 0.000148
29002 SX 28924 0.999556
29002 SX 29013 0.000148
29002 SX 29014 0.000148
29002 SX 28926 0.000148
29002 RZPI 29002 1.000000
29002 RZ3PI 29003 1.000000
29002 RZPIHalf 29057 1.000000
29002 S 29056 1.000000
29002 X 29001 0.999556
29002 X 29002 0.000148
29002 X 29003 0.000148
29002 X 29004 0.000148
29003 SX 29014 0.999556
29003 SX 28926 0.000148
29003 SX 28924 0.000148
29003 SX 29013 0.000148
29003 RZPI 29003 1.000000
29003 RZ3PI 29002 1.000000
29003 RZPIHalf 29056 1.000000
29003 S 29057 1.000000
29003 X 29004 0.999556
29003 X 29003 0.000148
29003 X 29002 0.000148
29003 X 29001 0.000148
29004 SX 28926 0.999556
29004 SX 29014 0.000148
29004 SX 29013 0.000148
29004 SX 28924 0.000148
29004 RZPI 29004 1.000000
29004 RZ3PI 29001 1.000000
29004 RZPIHalf 29058 1.000000
29004 S 29055 1.000000
29004 X 29003 0.999556
29004 X 29004 0.000148
29004 X 29001 0.000148
29004 X 29002 0.000148
29013 SX 29002 0.999556
29013 SX 29001 0.000148
29013 SX 29004 0.000148
29013 SX 29003 0.000148
29013 RZPI 29013 1.000000
29013 RZ3PI 29014 1.000000
29013 RZPIHalf 28931 1.000000
29013 S 28932 1.000000
29013 X 28924 0.999556
29013 X 29013 0.000148
29013 X 29014 0.000148
29013 X 28926 0.000148
29014 SX 29004 0.999556
29014 SX 29003 0.000148
29014 SX 29002 0.000148
29014 SX 29001 0.000148
29014 RZPI 29014 1.000000
29014 RZ3PI 29013 1.000000
29014 RZPIHalf 28932 1.000000
29014 S 28931 1.000000
29014 X 28926 0.999556
29014 X 29014 0.000148
29014 X 29013 0.000148
29014 X 28924 0.000148
29055 SX 28956 0.999556
29055 SX 28940 0.000148
29055 SX 28942 0.000148
29055 SX 28954 0.000148
29055 RZPI 29055 1.000000
29055 RZ3PI 29058 1.000000
29055 RZPIHalf 29004 1.000000
29055 S 29001 1.000000
29055 X 29056 0.999556
29055 X 29055 0.000148
29055 X 29058 0.000148
29055 X 29057 0.000148
29056 SX 28940 0.999556
29056 SX 28956 0.000148
29056 SX 28954 0.000148
29056 SX 28942 0.000148
29056 RZPI 29056 1.000000
29056 RZ3PI 29057 1.000000
29056 RZPIHalf 29002 1.000000
29056 S 29003 1.000000
29056 X 29055 0.999556
29056 X 29056 0.000148
29056 X 29057 0.000148
29056 X 29058 0.000148
29057 SX 28954 0.999556
29057 SX 28942 0.000148
29057 SX 28940 0.000148
29057 SX 28956 0.000148
29057 RZPI 29057 1.000000
29057 RZ3PI 29056 1.000000
29057 RZPIHalf 29003 1.000000
29057 S 29002 1.000000
29057 X 29058 0.999556
29057 X 29057 0.000148
29057 X 29056 0.000148
29057 X 29055 0.000148
29058 SX 28942 0.999556
29058 SX 28954 0.000148
29058 SX 28956 0.000148
29058 SX 28940 0.000148
29058 RZPI 29058 1.000000
29058 RZ3PI 29055 1.000000
29058 RZPIHalf 29001 1.000000
29058 S 29004 1.000000
29058 X 29057 0.999556
29058 X 29058 0.000148
29058 X 29055 0.000148
29058 X 29056 0.000148
ENDPOMDP
