BEGINPOMDP
INITIALSTATE: 30788
STATES: 30879,30880,30881,30882,30891,30892,30788,30789,30794,30795,30796,30797,30800,30802,30804,30933,30934,30935,30936,30809,30810,30818,30820,30832,30834
REWARDS: 30879:0,30880:0,30881:0,30882:0,30891:0,30892:0,30788:0,30789:0,30794:0,30795:0,30796:0,30797:0,30800:0,30802:0,30804:0,30933:0,30934:0,30935:0,30936:0,30809:0,30810:1,30818:0,30820:0,30832:0,30834:0
GAMMA: 30879:0,30880:0,30881:0,30882:0,30891:0,30892:0,30788:0,30789:0,30794:0,30795:0,30796:0,30797:0,30800:0,30802:0,30804:0,30933:0,30934:0,30935:0,30936:0,30809:0,30810:0,30818:0,30820:0,30832:0,30834:0
BEGINACTIONS
SX
RZPI
RZ3PI
RZPIHalf
S
X
ENDACTIONS
30788 INIT_ 30789 1.000000
30789 SX 30794 0.999127
30789 SX 30795 0.000291
30789 SX 30796 0.000291
30789 SX 30797 0.000291
30789 RZPI 30789 1.000000
30789 RZ3PI 30800 1.000000
30789 RZPIHalf 30802 1.000000
30789 S 30804 1.000000
30789 X 30809 0.999127
30789 X 30789 0.000291
30789 X 30800 0.000291
30789 X 30810 0.000291
30794 SX 30809 0.999127
30794 SX 30789 0.000291
30794 SX 30800 0.000291
30794 SX 30810 0.000291
30794 RZPI 30794 1.000000
30794 RZ3PI 30797 1.000000
30794 RZPIHalf 30818 1.000000
30794 S 30820 1.000000
30794 X 30795 0.999127
30794 X 30794 0.000291
30794 X 30797 0.000291
30794 X 30796 0.000291
30795 SX 30789 0.999127
30795 SX 30809 0.000291
30795 SX 30810 0.000291
30795 SX 30800 0.000291
30795 RZPI 30795 1.000000
30795 RZ3PI 30796 1.000000
30795 RZPIHalf 30832 1.000000
30795 S 30834 1.000000
30795 X 30794 0.999127
30795 X 30795 0.000291
30795 X 30796 0.000291
30795 X 30797 0.000291
30796 SX 30810 0.999127
30796 SX 30800 0.000291
30796 SX 30789 0.000291
30796 SX 30809 0.000291
30796 RZPI 30796 1.000000
30796 RZ3PI 30795 1.000000
30796 RZPIHalf 30834 1.000000
30796 S 30832 1.000000
30796 X 30797 0.999127
30796 X 30796 0.000291
30796 X 30795 0.000291
30796 X 30794 0.000291
30797 SX 30800 0.999127
30797 SX 30810 0.000291
30797 SX 30809 0.000291
30797 SX 30789 0.000291
30797 RZPI 30797 1.000000
30797 RZ3PI 30794 1.000000
30797 RZPIHalf 30820 1.000000
30797 S 30818 1.000000
30797 X 30796 0.999127
30797 X 30797 0.000291
30797 X 30794 0.000291
30797 X 30795 0.000291
30800 SX 30796 0.999127
30800 SX 30797 0.000291
30800 SX 30794 0.000291
30800 SX 30795 0.000291
30800 RZPI 30800 1.000000
30800 RZ3PI 30789 1.000000
30800 RZPIHalf 30804 1.000000
30800 S 30802 1.000000
30800 X 30810 0.999127
30800 X 30800 0.000291
30800 X 30789 0.000291
30800 X 30809 0.000291
30802 SX 30879 0.999127
30802 SX 30880 0.000291
30802 SX 30881 0.000291
30802 SX 30882 0.000291
30802 RZPI 30802 1.000000
30802 RZ3PI 30804 1.000000
30802 RZPIHalf 30800 1.000000
30802 S 30789 1.000000
30802 X 30891 0.999127
30802 X 30802 0.000291
30802 X 30804 0.000291
30802 X 30892 0.000291
30804 SX 30881 0.999127
30804 SX 30882 0.000291
30804 SX 30879 0.000291
30804 SX 30880 0.000291
30804 RZPI 30804 1.000000
30804 RZ3PI 30802 1.000000
30804 RZPIHalf 30789 1.000000
30804 S 30800 1.000000
30804 X 30892 0.999127
30804 X 30804 0.000291
30804 X 30802 0.000291
30804 X 30891 0.000291
30809 SX 30795 0.999127
30809 SX 30794 0.000291
30809 SX 30797 0.000291
30809 SX 30796 0.000291
30809 RZPI 30809 1.000000
30809 RZ3PI 30810 1.000000
30809 RZPIHalf 30892 1.000000
30809 S 30891 1.000000
30809 X 30789 0.999127
30809 X 30809 0.000291
30809 X 30810 0.000291
30809 X 30800 0.000291
30810 SX 30797 0.999127
30810 SX 30796 0.000291
30810 SX 30795 0.000291
30810 SX 30794 0.000291
30810 RZPI 30810 1.000000
30810 RZ3PI 30809 1.000000
30810 RZPIHalf 30891 1.000000
30810 S 30892 1.000000
30810 X 30800 0.999127
30810 X 30810 0.000291
30810 X 30809 0.000291
30810 X 30789 0.000291
30818 SX 30933 0.999127
30818 SX 30934 0.000291
30818 SX 30935 0.000291
30818 SX 30936 0.000291
30818 RZPI 30818 1.000000
30818 RZ3PI 30820 1.000000
30818 RZPIHalf 30797 1.000000
30818 S 30794 1.000000
30818 X 30834 0.999127
30818 X 30818 0.000291
30818 X 30820 0.000291
30818 X 30832 0.000291
30820 SX 30935 0.999127
30820 SX 30936 0.000291
30820 SX 30933 0.000291
30820 SX 30934 0.000291
30820 RZPI 30820 1.000000
30820 RZ3PI 30818 1.000000
30820 RZPIHalf 30794 1.000000
30820 S 30797 1.000000
30820 X 30832 0.999127
30820 X 30820 0.000291
30820 X 30818 0.000291
30820 X 30834 0.000291
30832 SX 30936 0.999127
30832 SX 30935 0.000291
30832 SX 30934 0.000291
30832 SX 30933 0.000291
30832 RZPI 30832 1.000000
30832 RZ3PI 30834 1.000000
30832 RZPIHalf 30796 1.000000
30832 S 30795 1.000000
30832 X 30820 0.999127
30832 X 30832 0.000291
30832 X 30834 0.000291
30832 X 30818 0.000291
30834 SX 30934 0.999127
30834 SX 30933 0.000291
30834 SX 30936 0.000291
30834 SX 30935 0.000291
30834 RZPI 30834 1.000000
30834 RZ3PI 30832 1.000000
30834 RZPIHalf 30795 1.000000
30834 S 30796 1.000000
30834 X 30818 0.999127
30834 X 30834 0.000291
30834 X 30832 0.000291
30834 X 30820 0.000291
30879 SX 30891 0.999127
30879 SX 30802 0.000291
30879 SX 30804 0.000291
30879 SX 30892 0.000291
30879 RZPI 30879 1.000000
30879 RZ3PI 30882 1.000000
30879 RZPIHalf 30933 1.000000
30879 S 30936 1.000000
30879 X 30880 0.999127
30879 X 30879 0.000291
30879 X 30882 0.000291
30879 X 30881 0.000291
30880 SX 30802 0.999127
30880 SX 30891 0.000291
30880 SX 30892 0.000291
30880 SX 30804 0.000291
30880 RZPI 30880 1.000000
30880 RZ3PI 30881 1.000000
30880 RZPIHalf 30935 1.000000
30880 S 30934 1.000000
30880 X 30879 0.999127
30880 X 30880 0.000291
30880 X 30881 0.000291
30880 X 30882 0.000291
30881 SX 30892 0.999127
30881 SX 30804 0.000291
30881 SX 30802 0.000291
30881 SX 30891 0.000291
30881 RZPI 30881 1.000000
30881 RZ3PI 30880 1.000000
30881 RZPIHalf 30934 1.000000
30881 S 30935 1.000000
30881 X 30882 0.999127
30881 X 30881 0.000291
30881 X 30880 0.000291
30881 X 30879 0.000291
30882 SX 30804 0.999127
30882 SX 30892 0.000291
30882 SX 30891 0.000291
30882 SX 30802 0.000291
30882 RZPI 30882 1.000000
30882 RZ3PI 30879 1.000000
30882 RZPIHalf 30936 1.000000
30882 S 30933 1.000000
30882 X 30881 0.999127
30882 X 30882 0.000291
30882 X 30879 0.000291
30882 X 30880 0.000291
30891 SX 30880 0.999127
30891 SX 30879 0.000291
30891 SX 30882 0.000291
30891 SX 30881 0.000291
30891 RZPI 30891 1.000000
30891 RZ3PI 30892 1.000000
30891 RZPIHalf 30809 1.000000
30891 S 30810 1.000000
30891 X 30802 0.999127
30891 X 30891 0.000291
30891 X 30892 0.000291
30891 X 30804 0.000291
30892 SX 30882 0.999127
30892 SX 30881 0.000291
30892 SX 30880 0.000291
30892 SX 30879 0.000291
30892 RZPI 30892 1.000000
30892 RZ3PI 30891 1.000000
30892 RZPIHalf 30810 1.000000
30892 S 30809 1.000000
30892 X 30804 0.999127
30892 X 30892 0.000291
30892 X 30891 0.000291
30892 X 30802 0.000291
30933 SX 30834 0.999127
30933 SX 30818 0.000291
30933 SX 30820 0.000291
30933 SX 30832 0.000291
30933 RZPI 30933 1.000000
30933 RZ3PI 30936 1.000000
30933 RZPIHalf 30882 1.000000
30933 S 30879 1.000000
30933 X 30934 0.999127
30933 X 30933 0.000291
30933 X 30936 0.000291
30933 X 30935 0.000291
30934 SX 30818 0.999127
30934 SX 30834 0.000291
30934 SX 30832 0.000291
30934 SX 30820 0.000291
30934 RZPI 30934 1.000000
30934 RZ3PI 30935 1.000000
30934 RZPIHalf 30880 1.000000
30934 S 30881 1.000000
30934 X 30933 0.999127
30934 X 30934 0.000291
30934 X 30935 0.000291
30934 X 30936 0.000291
30935 SX 30832 0.999127
30935 SX 30820 0.000291
30935 SX 30818 0.000291
30935 SX 30834 0.000291
30935 RZPI 30935 1.000000
30935 RZ3PI 30934 1.000000
30935 RZPIHalf 30881 1.000000
30935 S 30880 1.000000
30935 X 30936 0.999127
30935 X 30935 0.000291
30935 X 30934 0.000291
30935 X 30933 0.000291
30936 SX 30820 0.999127
30936 SX 30832 0.000291
30936 SX 30834 0.000291
30936 SX 30818 0.000291
30936 RZPI 30936 1.000000
30936 RZ3PI 30933 1.000000
30936 RZPIHalf 30879 1.000000
30936 S 30882 1.000000
30936 X 30935 0.999127
30936 X 30936 0.000291
30936 X 30933 0.000291
30936 X 30934 0.000291
ENDPOMDP
