BEGINPOMDP
INITIALSTATE: 29223
STATES: 29314,29315,29316,29317,29326,29327,29223,29224,29229,29230,29231,29232,29235,29237,29239,29368,29369,29370,29371,29244,29245,29253,29255,29267,29269
REWARDS: 29314:0,29315:0,29316:0,29317:0,29326:0,29327:0,29223:0,29224:0,29229:0,29230:0,29231:0,29232:0,29235:0,29237:0,29239:0,29368:0,29369:0,29370:0,29371:0,29244:0,29245:1,29253:0,29255:0,29267:0,29269:0
GAMMA: 29314:0,29315:0,29316:0,29317:0,29326:0,29327:0,29223:0,29224:0,29229:0,29230:0,29231:0,29232:0,29235:0,29237:0,29239:0,29368:0,29369:0,29370:0,29371:0,29244:0,29245:0,29253:0,29255:0,29267:0,29269:0
BEGINACTIONS
SX
RZPI
RZ3PI
RZPIHalf
S
X
ENDACTIONS
29223 INIT_ 29224 1.000000
29224 SX 29229 0.999405
29224 SX 29230 0.000198
29224 SX 29231 0.000198
29224 SX 29232 0.000198
29224 RZPI 29224 1.000000
29224 RZ3PI 29235 1.000000
29224 RZPIHalf 29237 1.000000
29224 S 29239 1.000000
29224 X 29244 0.999405
29224 X 29224 0.000198
29224 X 29235 0.000198
29224 X 29245 0.000198
29229 SX 29244 0.999405
29229 SX 29224 0.000198
29229 SX 29235 0.000198
29229 SX 29245 0.000198
29229 RZPI 29229 1.000000
29229 RZ3PI 29232 1.000000
29229 RZPIHalf 29253 1.000000
29229 S 29255 1.000000
29229 X 29230 0.999405
29229 X 29229 0.000198
29229 X 29232 0.000198
29229 X 29231 0.000198
29230 SX 29224 0.999405
29230 SX 29244 0.000198
29230 SX 29245 0.000198
29230 SX 29235 0.000198
29230 RZPI 29230 1.000000
29230 RZ3PI 29231 1.000000
29230 RZPIHalf 29267 1.000000
29230 S 29269 1.000000
29230 X 29229 0.999405
29230 X 29230 0.000198
29230 X 29231 0.000198
29230 X 29232 0.000198
29231 SX 29245 0.999405
29231 SX 29235 0.000198
29231 SX 29224 0.000198
29231 SX 29244 0.000198
29231 RZPI 29231 1.000000
29231 RZ3PI 29230 1.000000
29231 RZPIHalf 29269 1.000000
29231 S 29267 1.000000
29231 X 29232 0.999405
29231 X 29231 0.000198
29231 X 29230 0.000198
29231 X 29229 0.000198
29232 SX 29235 0.999405
29232 SX 29245 0.000198
29232 SX 29244 0.000198
29232 SX 29224 0.000198
29232 RZPI 29232 1.000000
29232 RZ3PI 29229 1.000000
29232 RZPIHalf 29255 1.000000
29232 S 29253 1.000000
29232 X 29231 0.999405
29232 X 29232 0.000198
29232 X 29229 0.000198
29232 X 29230 0.000198
29235 SX 29231 0.999405
29235 SX 29232 0.000198
29235 SX 29229 0.000198
29235 SX 29230 0.000198
29235 RZPI 29235 1.000000
29235 RZ3PI 29224 1.000000
29235 RZPIHalf 29239 1.000000
29235 S 29237 1.000000
29235 X 29245 0.999405
29235 X 29235 0.000198
29235 X 29224 0.000198
29235 X 29244 0.000198
29237 SX 29314 0.999405
29237 SX 29315 0.000198
29237 SX 29316 0.000198
29237 SX 29317 0.000198
29237 RZPI 29237 1.000000
29237 RZ3PI 29239 1.000000
29237 RZPIHalf 29235 1.000000
29237 S 29224 1.000000
29237 X 29326 0.999405
29237 X 29237 0.000198
29237 X 29239 0.000198
29237 X 29327 0.000198
29239 SX 29316 0.999405
29239 SX 29317 0.000198
29239 SX 29314 0.000198
29239 SX 29315 0.000198
29239 RZPI 29239 1.000000
29239 RZ3PI 29237 1.000000
29239 RZPIHalf 29224 1.000000
29239 S 29235 1.000000
29239 X 29327 0.999405
29239 X 29239 0.000198
29239 X 29237 0.000198
29239 X 29326 0.000198
29244 SX 29230 0.999405
29244 SX 29229 0.000198
29244 SX 29232 0.000198
29244 SX 29231 0.000198
29244 RZPI 29244 1.000000
29244 RZ3PI 29245 1.000000
29244 RZPIHalf 29327 1.000000
29244 S 29326 1.000000
29244 X 29224 0.999405
29244 X 29244 0.000198
29244 X 29245 0.000198
29244 X 29235 0.000198
29245 SX 29232 0.999405
29245 SX 29231 0.000198
29245 SX 29230 0.000198
29245 SX 29229 0.000198
29245 RZPI 29245 1.000000
29245 RZ3PI 29244 1.000000
29245 RZPIHalf 29326 1.000000
29245 S 29327 1.000000
29245 X 29235 0.999405
29245 X 29245 0.000198
29245 X 29244 0.000198
29245 X 29224 0.000198
29253 SX 29368 0.999405
29253 SX 29369 0.000198
29253 SX 29370 0.000198
29253 SX 29371 0.000198
29253 RZPI 29253 1.000000
29253 RZ3PI 29255 1.000000
29253 RZPIHalf 29232 1.000000
29253 S 29229 1.000000
29253 X 29269 0.999405
29253 X 29253 0.000198
29253 X 29255 0.000198
29253 X 29267 0.000198
29255 SX 29370 0.999405
29255 SX 29371 0.000198
29255 SX 29368 0.000198
29255 SX 29369 0.000198
29255 RZPI 29255 1.000000
29255 RZ3PI 29253 1.000000
29255 RZPIHalf 29229 1.000000
29255 S 29232 1.000000
29255 X 29267 0.999405
29255 X 29255 0.000198
29255 X 29253 0.000198
29255 X 29269 0.000198
29267 SX 29371 0.999405
29267 SX 29370 0.000198
29267 SX 29369 0.000198
29267 SX 29368 0.000198
29267 RZPI 29267 1.000000
29267 RZ3PI 29269 1.000000
29267 RZPIHalf 29231 1.000000
29267 S 29230 1.000000
29267 X 29255 0.999405
29267 X 29267 0.000198
29267 X 29269 0.000198
29267 X 29253 0.000198
29269 SX 29369 0.999405
29269 SX 29368 0.000198
29269 SX 29371 0.000198
29269 SX 29370 0.000198
29269 RZPI 29269 1.000000
29269 RZ3PI 29267 1.000000
29269 RZPIHalf 29230 1.000000
29269 S 29231 1.000000
29269 X 29253 0.999405
29269 X 29269 0.000198
29269 X 29267 0.000198
29269 X 29255 0.000198
29314 SX 29326 0.999405
29314 SX 29237 0.000198
29314 SX 29239 0.000198
29314 SX 29327 0.000198
29314 RZPI 29314 1.000000
29314 RZ3PI 29317 1.000000
29314 RZPIHalf 29368 1.000000
29314 S 29371 1.000000
29314 X 29315 0.999405
29314 X 29314 0.000198
29314 X 29317 0.000198
29314 X 29316 0.000198
29315 SX 29237 0.999405
29315 SX 29326 0.000198
29315 SX 29327 0.000198
29315 SX 29239 0.000198
29315 RZPI 29315 1.000000
29315 RZ3PI 29316 1.000000
29315 RZPIHalf 29370 1.000000
29315 S 29369 1.000000
29315 X 29314 0.999405
29315 X 29315 0.000198
29315 X 29316 0.000198
29315 X 29317 0.000198
29316 SX 29327 0.999405
29316 SX 29239 0.000198
29316 SX 29237 0.000198
29316 SX 29326 0.000198
29316 RZPI 29316 1.000000
29316 RZ3PI 29315 1.000000
29316 RZPIHalf 29369 1.000000
29316 S 29370 1.000000
29316 X 29317 0.999405
29316 X 29316 0.000198
29316 X 29315 0.000198
29316 X 29314 0.000198
29317 SX 29239 0.999405
29317 SX 29327 0.000198
29317 SX 29326 0.000198
29317 SX 29237 0.000198
29317 RZPI 29317 1.000000
29317 RZ3PI 29314 1.000000
29317 RZPIHalf 29371 1.000000
29317 S 29368 1.000000
29317 X 29316 0.999405
29317 X 29317 0.000198
29317 X 29314 0.000198
29317 X 29315 0.000198
29326 SX 29315 0.999405
29326 SX 29314 0.000198
29326 SX 29317 0.000198
29326 SX 29316 0.000198
29326 RZPI 29326 1.000000
29326 RZ3PI 29327 1.000000
29326 RZPIHalf 29244 1.000000
29326 S 29245 1.000000
29326 X 29237 0.999405
29326 X 29326 0.000198
29326 X 29327 0.000198
29326 X 29239 0.000198
29327 SX 29317 0.999405
29327 SX 29316 0.000198
29327 SX 29315 0.000198
29327 SX 29314 0.000198
29327 RZPI 29327 1.000000
29327 RZ3PI 29326 1.000000
29327 RZPIHalf 29245 1.000000
29327 S 29244 1.000000
29327 X 29239 0.999405
29327 X 29327 0.000198
29327 X 29326 0.000198
29327 X 29237 0.000198
29368 SX 29269 0.999405
29368 SX 29253 0.000198
29368 SX 29255 0.000198
29368 SX 29267 0.000198
29368 RZPI 29368 1.000000
29368 RZ3PI 29371 1.000000
29368 RZPIHalf 29317 1.000000
29368 S 29314 1.000000
29368 X 29369 0.999405
29368 X 29368 0.000198
29368 X 29371 0.000198
29368 X 29370 0.000198
29369 SX 29253 0.999405
29369 SX 29269 0.000198
29369 SX 29267 0.000198
29369 SX 29255 0.000198
29369 RZPI 29369 1.000000
29369 RZ3PI 29370 1.000000
29369 RZPIHalf 29315 1.000000
29369 S 29316 1.000000
29369 X 29368 0.999405
29369 X 29369 0.000198
29369 X 29370 0.000198
29369 X 29371 0.000198
29370 SX 29267 0.999405
29370 SX 29255 0.000198
29370 SX 29253 0.000198
29370 SX 29269 0.000198
29370 RZPI 29370 1.000000
29370 RZ3PI 29369 1.000000
29370 RZPIHalf 29316 1.000000
29370 S 29315 1.000000
29370 X 29371 0.999405
29370 X 29370 0.000198
29370 X 29369 0.000198
29370 X 29368 0.000198
29371 SX 29255 0.999405
29371 SX 29267 0.000198
29371 SX 29269 0.000198
29371 SX 29253 0.000198
29371 RZPI 29371 1.000000
29371 RZ3PI 29368 1.000000
29371 RZPIHalf 29314 1.000000
29371 S 29317 1.000000
29371 X 29370 0.999405
29371 X 29371 0.000198
29371 X 29368 0.000198
29371 X 29369 0.000198
ENDPOMDP
