BEGINPOMDP
INITIALSTATE: 10330
STATES: 10374,10376,10421,10422,10423,10424,10433,10434,10330,10331,10336,10337,10338,10339,10342,10344,10346,10475,10476,10477,10478,10351,10352,10360,10362
REWARDS: 10374:0,10376:0,10421:0,10422:0,10423:0,10424:0,10433:0,10434:0,10330:0,10331:0,10336:0,10337:0,10338:0,10339:0,10342:0,10344:0,10346:0,10475:0,10476:0,10477:0,10478:0,10351:0,10352:1,10360:0,10362:0
GAMMA: 10374:0,10376:0,10421:0,10422:0,10423:0,10424:0,10433:0,10434:0,10330:0,10331:0,10336:0,10337:0,10338:0,10339:0,10342:0,10344:0,10346:0,10475:0,10476:0,10477:0,10478:0,10351:0,10352:0,10360:0,10362:0
BEGINACTIONS
SX
RZPI
RZ3PI
RZPIHalf
S
X
ENDACTIONS
10330 INIT_ 10331 1.000000
10331 SX 10336 0.906137
10331 SX 10337 0.031288
10331 SX 10338 0.031288
10331 SX 10339 0.031288
10331 RZPI 10331 1.000000
10331 RZ3PI 10342 1.000000
10331 RZPIHalf 10344 1.000000
10331 S 10346 1.000000
10331 X 10351 0.906137
10331 X 10331 0.031288
10331 X 10342 0.031288
10331 X 10352 0.031288
10336 SX 10351 0.906137
10336 SX 10331 0.031288
10336 SX 10342 0.031288
10336 SX 10352 0.031288
10336 RZPI 10336 1.000000
10336 RZ3PI 10339 1.000000
10336 RZPIHalf 10360 1.000000
10336 S 10362 1.000000
10336 X 10337 0.906137
10336 X 10336 0.031288
10336 X 10339 0.031288
10336 X 10338 0.031288
10337 SX 10331 0.906137
10337 SX 10351 0.031288
10337 SX 10352 0.031288
10337 SX 10342 0.031288
10337 RZPI 10337 1.000000
10337 RZ3PI 10338 1.000000
10337 RZPIHalf 10374 1.000000
10337 S 10376 1.000000
10337 X 10336 0.906137
10337 X 10337 0.031288
10337 X 10338 0.031288
10337 X 10339 0.031288
10338 SX 10352 0.906137
10338 SX 10342 0.031288
10338 SX 10331 0.031288
10338 SX 10351 0.031288
10338 RZPI 10338 1.000000
10338 RZ3PI 10337 1.000000
10338 RZPIHalf 10376 1.000000
10338 S 10374 1.000000
10338 X 10339 0.906137
10338 X 10338 0.031288
10338 X 10337 0.031288
10338 X 10336 0.031288
10339 SX 10342 0.906137
10339 SX 10352 0.031288
10339 SX 10351 0.031288
10339 SX 10331 0.031288
10339 RZPI 10339 1.000000
10339 RZ3PI 10336 1.000000
10339 RZPIHalf 10362 1.000000
10339 S 10360 1.000000
10339 X 10338 0.906137
10339 X 10339 0.031288
10339 X 10336 0.031288
10339 X 10337 0.031288
10342 SX 10338 0.906137
10342 SX 10339 0.031288
10342 SX 10336 0.031288
10342 SX 10337 0.031288
10342 RZPI 10342 1.000000
10342 RZ3PI 10331 1.000000
10342 RZPIHalf 10346 1.000000
10342 S 10344 1.000000
10342 X 10352 0.906137
10342 X 10342 0.031288
10342 X 10331 0.031288
10342 X 10351 0.031288
10344 SX 10421 0.906137
10344 SX 10422 0.031288
10344 SX 10423 0.031288
10344 SX 10424 0.031288
10344 RZPI 10344 1.000000
10344 RZ3PI 10346 1.000000
10344 RZPIHalf 10342 1.000000
10344 S 10331 1.000000
10344 X 10433 0.906137
10344 X 10344 0.031288
10344 X 10346 0.031288
10344 X 10434 0.031288
10346 SX 10423 0.906137
10346 SX 10424 0.031288
10346 SX 10421 0.031288
10346 SX 10422 0.031288
10346 RZPI 10346 1.000000
10346 RZ3PI 10344 1.000000
10346 RZPIHalf 10331 1.000000
10346 S 10342 1.000000
10346 X 10434 0.906137
10346 X 10346 0.031288
10346 X 10344 0.031288
10346 X 10433 0.031288
10351 SX 10337 0.906137
10351 SX 10336 0.031288
10351 SX 10339 0.031288
10351 SX 10338 0.031288
10351 RZPI 10351 1.000000
10351 RZ3PI 10352 1.000000
10351 RZPIHalf 10434 1.000000
10351 S 10433 1.000000
10351 X 10331 0.906137
10351 X 10351 0.031288
10351 X 10352 0.031288
10351 X 10342 0.031288
10352 SX 10339 0.906137
10352 SX 10338 0.031288
10352 SX 10337 0.031288
10352 SX 10336 0.031288
10352 RZPI 10352 1.000000
10352 RZ3PI 10351 1.000000
10352 RZPIHalf 10433 1.000000
10352 S 10434 1.000000
10352 X 10342 0.906137
10352 X 10352 0.031288
10352 X 10351 0.031288
10352 X 10331 0.031288
10360 SX 10475 0.906137
10360 SX 10476 0.031288
10360 SX 10477 0.031288
10360 SX 10478 0.031288
10360 RZPI 10360 1.000000
10360 RZ3PI 10362 1.000000
10360 RZPIHalf 10339 1.000000
10360 S 10336 1.000000
10360 X 10376 0.906137
10360 X 10360 0.031288
10360 X 10362 0.031288
10360 X 10374 0.031288
10362 SX 10477 0.906137
10362 SX 10478 0.031288
10362 SX 10475 0.031288
10362 SX 10476 0.031288
10362 RZPI 10362 1.000000
10362 RZ3PI 10360 1.000000
10362 RZPIHalf 10336 1.000000
10362 S 10339 1.000000
10362 X 10374 0.906137
10362 X 10362 0.031288
10362 X 10360 0.031288
10362 X 10376 0.031288
10374 SX 10478 0.906137
10374 SX 10477 0.031288
10374 SX 10476 0.031288
10374 SX 10475 0.031288
10374 RZPI 10374 1.000000
10374 RZ3PI 10376 1.000000
10374 RZPIHalf 10338 1.000000
10374 S 10337 1.000000
10374 X 10362 0.906137
10374 X 10374 0.031288
10374 X 10376 0.031288
10374 X 10360 0.031288
10376 SX 10476 0.906137
10376 SX 10475 0.031288
10376 SX 10478 0.031288
10376 SX 10477 0.031288
10376 RZPI 10376 1.000000
10376 RZ3PI 10374 1.000000
10376 RZPIHalf 10337 1.000000
10376 S 10338 1.000000
10376 X 10360 0.906137
10376 X 10376 0.031288
10376 X 10374 0.031288
10376 X 10362 0.031288
10421 SX 10433 0.906137
10421 SX 10344 0.031288
10421 SX 10346 0.031288
10421 SX 10434 0.031288
10421 RZPI 10421 1.000000
10421 RZ3PI 10424 1.000000
10421 RZPIHalf 10475 1.000000
10421 S 10478 1.000000
10421 X 10422 0.906137
10421 X 10421 0.031288
10421 X 10424 0.031288
10421 X 10423 0.031288
10422 SX 10344 0.906137
10422 SX 10433 0.031288
10422 SX 10434 0.031288
10422 SX 10346 0.031288
10422 RZPI 10422 1.000000
10422 RZ3PI 10423 1.000000
10422 RZPIHalf 10477 1.000000
10422 S 10476 1.000000
10422 X 10421 0.906137
10422 X 10422 0.031288
10422 X 10423 0.031288
10422 X 10424 0.031288
10423 SX 10434 0.906137
10423 SX 10346 0.031288
10423 SX 10344 0.031288
10423 SX 10433 0.031288
10423 RZPI 10423 1.000000
10423 RZ3PI 10422 1.000000
10423 RZPIHalf 10476 1.000000
10423 S 10477 1.000000
10423 X 10424 0.906137
10423 X 10423 0.031288
10423 X 10422 0.031288
10423 X 10421 0.031288
10424 SX 10346 0.906137
10424 SX 10434 0.031288
10424 SX 10433 0.031288
10424 SX 10344 0.031288
10424 RZPI 10424 1.000000
10424 RZ3PI 10421 1.000000
10424 RZPIHalf 10478 1.000000
10424 S 10475 1.000000
10424 X 10423 0.906137
10424 X 10424 0.031288
10424 X 10421 0.031288
10424 X 10422 0.031288
10433 SX 10422 0.906137
10433 SX 10421 0.031288
10433 SX 10424 0.031288
10433 SX 10423 0.031288
10433 RZPI 10433 1.000000
10433 RZ3PI 10434 1.000000
10433 RZPIHalf 10351 1.000000
10433 S 10352 1.000000
10433 X 10344 0.906137
10433 X 10433 0.031288
10433 X 10434 0.031288
10433 X 10346 0.031288
10434 SX 10424 0.906137
10434 SX 10423 0.031288
10434 SX 10422 0.031288
10434 SX 10421 0.031288
10434 RZPI 10434 1.000000
10434 RZ3PI 10433 1.000000
10434 RZPIHalf 10352 1.000000
10434 S 10351 1.000000
10434 X 10346 0.906137
10434 X 10434 0.031288
10434 X 10433 0.031288
10434 X 10344 0.031288
10475 SX 10376 0.906137
10475 SX 10360 0.031288
10475 SX 10362 0.031288
10475 SX 10374 0.031288
10475 RZPI 10475 1.000000
10475 RZ3PI 10478 1.000000
10475 RZPIHalf 10424 1.000000
10475 S 10421 1.000000
10475 X 10476 0.906137
10475 X 10475 0.031288
10475 X 10478 0.031288
10475 X 10477 0.031288
10476 SX 10360 0.906137
10476 SX 10376 0.031288
10476 SX 10374 0.031288
10476 SX 10362 0.031288
10476 RZPI 10476 1.000000
10476 RZ3PI 10477 1.000000
10476 RZPIHalf 10422 1.000000
10476 S 10423 1.000000
10476 X 10475 0.906137
10476 X 10476 0.031288
10476 X 10477 0.031288
10476 X 10478 0.031288
10477 SX 10374 0.906137
10477 SX 10362 0.031288
10477 SX 10360 0.031288
10477 SX 10376 0.031288
10477 RZPI 10477 1.000000
10477 RZ3PI 10476 1.000000
10477 RZPIHalf 10423 1.000000
10477 S 10422 1.000000
10477 X 10478 0.906137
10477 X 10477 0.031288
10477 X 10476 0.031288
10477 X 10475 0.031288
10478 SX 10362 0.906137
10478 SX 10374 0.031288
10478 SX 10376 0.031288
10478 SX 10360 0.031288
10478 RZPI 10478 1.000000
10478 RZ3PI 10475 1.000000
10478 RZPIHalf 10421 1.000000
10478 S 10424 1.000000
10478 X 10477 0.906137
10478 X 10478 0.031288
10478 X 10475 0.031288
10478 X 10476 0.031288
ENDPOMDP
