BEGINPOMDP
INITIALSTATE: 10017
STATES: 10120,10121,10017,10018,10023,10024,10025,10026,10029,10031,10033,10162,10163,10164,10165,10038,10039,10047,10049,10061,10063,10108,10109,10110,10111
REWARDS: 10120:0,10121:0,10017:0,10018:0,10023:0,10024:0,10025:0,10026:0,10029:0,10031:0,10033:0,10162:0,10163:0,10164:0,10165:0,10038:0,10039:1,10047:0,10049:0,10061:0,10063:0,10108:0,10109:0,10110:0,10111:0
GAMMA: 10120:0,10121:0,10017:0,10018:0,10023:0,10024:0,10025:0,10026:0,10029:0,10031:0,10033:0,10162:0,10163:0,10164:0,10165:0,10038:0,10039:0,10047:0,10049:0,10061:0,10063:0,10108:0,10109:0,10110:0,10111:0
BEGINACTIONS
SX
RZPI
RZ3PI
RZPIHalf
S
X
ENDACTIONS
10017 INIT_ 10018 1.000000
10018 SX 10023 0.999735
10018 SX 10024 0.000088
10018 SX 10025 0.000088
10018 SX 10026 0.000088
10018 RZPI 10018 1.000000
10018 RZ3PI 10029 1.000000
10018 RZPIHalf 10031 1.000000
10018 S 10033 1.000000
10018 X 10038 0.999735
10018 X 10018 0.000088
10018 X 10029 0.000088
10018 X 10039 0.000088
10023 SX 10038 0.999735
10023 SX 10018 0.000088
10023 SX 10029 0.000088
10023 SX 10039 0.000088
10023 RZPI 10023 1.000000
10023 RZ3PI 10026 1.000000
10023 RZPIHalf 10047 1.000000
10023 S 10049 1.000000
10023 X 10024 0.999735
10023 X 10023 0.000088
10023 X 10026 0.000088
10023 X 10025 0.000088
10024 SX 10018 0.999735
10024 SX 10038 0.000088
10024 SX 10039 0.000088
10024 SX 10029 0.000088
10024 RZPI 10024 1.000000
10024 RZ3PI 10025 1.000000
10024 RZPIHalf 10061 1.000000
10024 S 10063 1.000000
10024 X 10023 0.999735
10024 X 10024 0.000088
10024 X 10025 0.000088
10024 X 10026 0.000088
10025 SX 10039 0.999735
10025 SX 10029 0.000088
10025 SX 10018 0.000088
10025 SX 10038 0.000088
10025 RZPI 10025 1.000000
10025 RZ3PI 10024 1.000000
10025 RZPIHalf 10063 1.000000
10025 S 10061 1.000000
10025 X 10026 0.999735
10025 X 10025 0.000088
10025 X 10024 0.000088
10025 X 10023 0.000088
10026 SX 10029 0.999735
10026 SX 10039 0.000088
10026 SX 10038 0.000088
10026 SX 10018 0.000088
10026 RZPI 10026 1.000000
10026 RZ3PI 10023 1.000000
10026 RZPIHalf 10049 1.000000
10026 S 10047 1.000000
10026 X 10025 0.999735
10026 X 10026 0.000088
10026 X 10023 0.000088
10026 X 10024 0.000088
10029 SX 10025 0.999735
10029 SX 10026 0.000088
10029 SX 10023 0.000088
10029 SX 10024 0.000088
10029 RZPI 10029 1.000000
10029 RZ3PI 10018 1.000000
10029 RZPIHalf 10033 1.000000
10029 S 10031 1.000000
10029 X 10039 0.999735
10029 X 10029 0.000088
10029 X 10018 0.000088
10029 X 10038 0.000088
10031 SX 10108 0.999735
10031 SX 10109 0.000088
10031 SX 10110 0.000088
10031 SX 10111 0.000088
10031 RZPI 10031 1.000000
10031 RZ3PI 10033 1.000000
10031 RZPIHalf 10029 1.000000
10031 S 10018 1.000000
10031 X 10120 0.999735
10031 X 10031 0.000088
10031 X 10033 0.000088
10031 X 10121 0.000088
10033 SX 10110 0.999735
10033 SX 10111 0.000088
10033 SX 10108 0.000088
10033 SX 10109 0.000088
10033 RZPI 10033 1.000000
10033 RZ3PI 10031 1.000000
10033 RZPIHalf 10018 1.000000
10033 S 10029 1.000000
10033 X 10121 0.999735
10033 X 10033 0.000088
10033 X 10031 0.000088
10033 X 10120 0.000088
10038 SX 10024 0.999735
10038 SX 10023 0.000088
10038 SX 10026 0.000088
10038 SX 10025 0.000088
10038 RZPI 10038 1.000000
10038 RZ3PI 10039 1.000000
10038 RZPIHalf 10121 1.000000
10038 S 10120 1.000000
10038 X 10018 0.999735
10038 X 10038 0.000088
10038 X 10039 0.000088
10038 X 10029 0.000088
10039 SX 10026 0.999735
10039 SX 10025 0.000088
10039 SX 10024 0.000088
10039 SX 10023 0.000088
10039 RZPI 10039 1.000000
10039 RZ3PI 10038 1.000000
10039 RZPIHalf 10120 1.000000
10039 S 10121 1.000000
10039 X 10029 0.999735
10039 X 10039 0.000088
10039 X 10038 0.000088
10039 X 10018 0.000088
10047 SX 10162 0.999735
10047 SX 10163 0.000088
10047 SX 10164 0.000088
10047 SX 10165 0.000088
10047 RZPI 10047 1.000000
10047 RZ3PI 10049 1.000000
10047 RZPIHalf 10026 1.000000
10047 S 10023 1.000000
10047 X 10063 0.999735
10047 X 10047 0.000088
10047 X 10049 0.000088
10047 X 10061 0.000088
10049 SX 10164 0.999735
10049 SX 10165 0.000088
10049 SX 10162 0.000088
10049 SX 10163 0.000088
10049 RZPI 10049 1.000000
10049 RZ3PI 10047 1.000000
10049 RZPIHalf 10023 1.000000
10049 S 10026 1.000000
10049 X 10061 0.999735
10049 X 10049 0.000088
10049 X 10047 0.000088
10049 X 10063 0.000088
10061 SX 10165 0.999735
10061 SX 10164 0.000088
10061 SX 10163 0.000088
10061 SX 10162 0.000088
10061 RZPI 10061 1.000000
10061 RZ3PI 10063 1.000000
10061 RZPIHalf 10025 1.000000
10061 S 10024 1.000000
10061 X 10049 0.999735
10061 X 10061 0.000088
10061 X 10063 0.000088
10061 X 10047 0.000088
10063 SX 10163 0.999735
10063 SX 10162 0.000088
10063 SX 10165 0.000088
10063 SX 10164 0.000088
10063 RZPI 10063 1.000000
10063 RZ3PI 10061 1.000000
10063 RZPIHalf 10024 1.000000
10063 S 10025 1.000000
10063 X 10047 0.999735
10063 X 10063 0.000088
10063 X 10061 0.000088
10063 X 10049 0.000088
10108 SX 10120 0.999735
10108 SX 10031 0.000088
10108 SX 10033 0.000088
10108 SX 10121 0.000088
10108 RZPI 10108 1.000000
10108 RZ3PI 10111 1.000000
10108 RZPIHalf 10162 1.000000
10108 S 10165 1.000000
10108 X 10109 0.999735
10108 X 10108 0.000088
10108 X 10111 0.000088
10108 X 10110 0.000088
10109 SX 10031 0.999735
10109 SX 10120 0.000088
10109 SX 10121 0.000088
10109 SX 10033 0.000088
10109 RZPI 10109 1.000000
10109 RZ3PI 10110 1.000000
10109 RZPIHalf 10164 1.000000
10109 S 10163 1.000000
10109 X 10108 0.999735
10109 X 10109 0.000088
10109 X 10110 0.000088
10109 X 10111 0.000088
10110 SX 10121 0.999735
10110 SX 10033 0.000088
10110 SX 10031 0.000088
10110 SX 10120 0.000088
10110 RZPI 10110 1.000000
10110 RZ3PI 10109 1.000000
10110 RZPIHalf 10163 1.000000
10110 S 10164 1.000000
10110 X 10111 0.999735
10110 X 10110 0.000088
10110 X 10109 0.000088
10110 X 10108 0.000088
10111 SX 10033 0.999735
10111 SX 10121 0.000088
10111 SX 10120 0.000088
10111 SX 10031 0.000088
10111 RZPI 10111 1.000000
10111 RZ3PI 10108 1.000000
10111 RZPIHalf 10165 1.000000
10111 S 10162 1.000000
10111 X 10110 0.999735
10111 X 10111 0.000088
10111 X 10108 0.000088
10111 X 10109 0.000088
10120 SX 10109 0.999735
10120 SX 10108 0.000088
10120 SX 10111 0.000088
10120 SX 10110 0.000088
10120 RZPI 10120 1.000000
10120 RZ3PI 10121 1.000000
10120 RZPIHalf 10038 1.000000
10120 S 10039 1.000000
10120 X 10031 0.999735
10120 X 10120 0.000088
10120 X 10121 0.000088
10120 X 10033 0.000088
10121 SX 10111 0.999735
10121 SX 10110 0.000088
10121 SX 10109 0.000088
10121 SX 10108 0.000088
10121 RZPI 10121 1.000000
10121 RZ3PI 10120 1.000000
10121 RZPIHalf 10039 1.000000
10121 S 10038 1.000000
10121 X 10033 0.999735
10121 X 10121 0.000088
10121 X 10120 0.000088
10121 X 10031 0.000088
10162 SX 10063 0.999735
10162 SX 10047 0.000088
10162 SX 10049 0.000088
10162 SX 10061 0.000088
10162 RZPI 10162 1.000000
10162 RZ3PI 10165 1.000000
10162 RZPIHalf 10111 1.000000
10162 S 10108 1.000000
10162 X 10163 0.999735
10162 X 10162 0.000088
10162 X 10165 0.000088
10162 X 10164 0.000088
10163 SX 10047 0.999735
10163 SX 10063 0.000088
10163 SX 10061 0.000088
10163 SX 10049 0.000088
10163 RZPI 10163 1.000000
10163 RZ3PI 10164 1.000000
10163 RZPIHalf 10109 1.000000
10163 S 10110 1.000000
10163 X 10162 0.999735
10163 X 10163 0.000088
10163 X 10164 0.000088
10163 X 10165 0.000088
10164 SX 10061 0.999735
10164 SX 10049 0.000088
10164 SX 10047 0.000088
10164 SX 10063 0.000088
10164 RZPI 10164 1.000000
10164 RZ3PI 10163 1.000000
10164 RZPIHalf 10110 1.000000
10164 S 10109 1.000000
10164 X 10165 0.999735
10164 X 10164 0.000088
10164 X 10163 0.000088
10164 X 10162 0.000088
10165 SX 10049 0.999735
10165 SX 10061 0.000088
10165 SX 10063 0.000088
10165 SX 10047 0.000088
10165 RZPI 10165 1.000000
10165 RZ3PI 10162 1.000000
10165 RZPIHalf 10108 1.000000
10165 S 10111 1.000000
10165 X 10164 0.999735
10165 X 10165 0.000088
10165 X 10162 0.000088
10165 X 10163 0.000088
ENDPOMDP
