BEGINPOMDP
INITIALSTATE: 9704
STATES: 9734,9736,9748,9750,9795,9796,9797,9798,9807,9808,9704,9705,9710,9711,9712,9713,9716,9718,9720,9849,9850,9851,9852,9725,9726
REWARDS: 9734:0,9736:0,9748:0,9750:0,9795:0,9796:0,9797:0,9798:0,9807:0,9808:0,9704:0,9705:0,9710:0,9711:0,9712:0,9713:0,9716:0,9718:0,9720:0,9849:0,9850:0,9851:0,9852:0,9725:0,9726:1
GAMMA: 9734:0,9736:0,9748:0,9750:0,9795:0,9796:0,9797:0,9798:0,9807:0,9808:0,9704:0,9705:0,9710:0,9711:0,9712:0,9713:0,9716:0,9718:0,9720:0,9849:0,9850:0,9851:0,9852:0,9725:0,9726:0
BEGINACTIONS
SX
RZPI
RZ3PI
RZPIHalf
S
X
ENDACTIONS
9704 INIT_ 9705 1.000000
9705 SX 9710 0.630626
9705 SX 9711 0.123125
9705 SX 9712 0.123125
9705 SX 9713 0.123125
9705 RZPI 9705 1.000000
9705 RZ3PI 9716 1.000000
9705 RZPIHalf 9718 1.000000
9705 S 9720 1.000000
9705 X 9725 0.630626
9705 X 9705 0.123125
9705 X 9716 0.123125
9705 X 9726 0.123125
9710 SX 9725 0.630626
9710 SX 9705 0.123125
9710 SX 9716 0.123125
9710 SX 9726 0.123125
9710 RZPI 9710 1.000000
9710 RZ3PI 9713 1.000000
9710 RZPIHalf 9734 1.000000
9710 S 9736 1.000000
9710 X 9711 0.630626
9710 X 9710 0.123125
9710 X 9713 0.123125
9710 X 9712 0.123125
9711 SX 9705 0.630626
9711 SX 9725 0.123125
9711 SX 9726 0.123125
9711 SX 9716 0.123125
9711 RZPI 9711 1.000000
9711 RZ3PI 9712 1.000000
9711 RZPIHalf 9748 1.000000
9711 S 9750 1.000000
9711 X 9710 0.630626
9711 X 9711 0.123125
9711 X 9712 0.123125
9711 X 9713 0.123125
9712 SX 9726 0.630626
9712 SX 9716 0.123125
9712 SX 9705 0.123125
9712 SX 9725 0.123125
9712 RZPI 9712 1.000000
9712 RZ3PI 9711 1.000000
9712 RZPIHalf 9750 1.000000
9712 S 9748 1.000000
9712 X 9713 0.630626
9712 X 9712 0.123125
9712 X 9711 0.123125
9712 X 9710 0.123125
9713 SX 9716 0.630626
9713 SX 9726 0.123125
9713 SX 9725 0.123125
9713 SX 9705 0.123125
9713 RZPI 9713 1.000000
9713 RZ3PI 9710 1.000000
9713 RZPIHalf 9736 1.000000
9713 S 9734 1.000000
9713 X 9712 0.630626
9713 X 9713 0.123125
9713 X 9710 0.123125
9713 X 9711 0.123125
9716 SX 9712 0.630626
9716 SX 9713 0.123125
9716 SX 9710 0.123125
9716 SX 9711 0.123125
9716 RZPI 9716 1.000000
9716 RZ3PI 9705 1.000000
9716 RZPIHalf 9720 1.000000
9716 S 9718 1.000000
9716 X 9726 0.630626
9716 X 9716 0.123125
9716 X 9705 0.123125
9716 X 9725 0.123125
9718 SX 9795 0.630626
9718 SX 9796 0.123125
9718 SX 9797 0.123125
9718 SX 9798 0.123125
9718 RZPI 9718 1.000000
9718 RZ3PI 9720 1.000000
9718 RZPIHalf 9716 1.000000
9718 S 9705 1.000000
9718 X 9807 0.630626
9718 X 9718 0.123125
9718 X 9720 0.123125
9718 X 9808 0.123125
9720 SX 9797 0.630626
9720 SX 9798 0.123125
9720 SX 9795 0.123125
9720 SX 9796 0.123125
9720 RZPI 9720 1.000000
9720 RZ3PI 9718 1.000000
9720 RZPIHalf 9705 1.000000
9720 S 9716 1.000000
9720 X 9808 0.630626
9720 X 9720 0.123125
9720 X 9718 0.123125
9720 X 9807 0.123125
9725 SX 9711 0.630626
9725 SX 9710 0.123125
9725 SX 9713 0.123125
9725 SX 9712 0.123125
9725 RZPI 9725 1.000000
9725 RZ3PI 9726 1.000000
9725 RZPIHalf 9808 1.000000
9725 S 9807 1.000000
9725 X 9705 0.630626
9725 X 9725 0.123125
9725 X 9726 0.123125
9725 X 9716 0.123125
9726 SX 9713 0.630626
9726 SX 9712 0.123125
9726 SX 9711 0.123125
9726 SX 9710 0.123125
9726 RZPI 9726 1.000000
9726 RZ3PI 9725 1.000000
9726 RZPIHalf 9807 1.000000
9726 S 9808 1.000000
9726 X 9716 0.630626
9726 X 9726 0.123125
9726 X 9725 0.123125
9726 X 9705 0.123125
9734 SX 9849 0.630626
9734 SX 9850 0.123125
9734 SX 9851 0.123125
9734 SX 9852 0.123125
9734 RZPI 9734 1.000000
9734 RZ3PI 9736 1.000000
9734 RZPIHalf 9713 1.000000
9734 S 9710 1.000000
9734 X 9750 0.630626
9734 X 9734 0.123125
9734 X 9736 0.123125
9734 X 9748 0.123125
9736 SX 9851 0.630626
9736 SX 9852 0.123125
9736 SX 9849 0.123125
9736 SX 9850 0.123125
9736 RZPI 9736 1.000000
9736 RZ3PI 9734 1.000000
9736 RZPIHalf 9710 1.000000
9736 S 9713 1.000000
9736 X 9748 0.630626
9736 X 9736 0.123125
9736 X 9734 0.123125
9736 X 9750 0.123125
9748 SX 9852 0.630626
9748 SX 9851 0.123125
9748 SX 9850 0.123125
9748 SX 9849 0.123125
9748 RZPI 9748 1.000000
9748 RZ3PI 9750 1.000000
9748 RZPIHalf 9712 1.000000
9748 S 9711 1.000000
9748 X 9736 0.630626
9748 X 9748 0.123125
9748 X 9750 0.123125
9748 X 9734 0.123125
9750 SX 9850 0.630626
9750 SX 9849 0.123125
9750 SX 9852 0.123125
9750 SX 9851 0.123125
9750 RZPI 9750 1.000000
9750 RZ3PI 9748 1.000000
9750 RZPIHalf 9711 1.000000
9750 S 9712 1.000000
9750 X 9734 0.630626
9750 X 9750 0.123125
9750 X 9748 0.123125
9750 X 9736 0.123125
9795 SX 9807 0.630626
9795 SX 9718 0.123125
9795 SX 9720 0.123125
9795 SX 9808 0.123125
9795 RZPI 9795 1.000000
9795 RZ3PI 9798 1.000000
9795 RZPIHalf 9849 1.000000
9795 S 9852 1.000000
9795 X 9796 0.630626
9795 X 9795 0.123125
9795 X 9798 0.123125
9795 X 9797 0.123125
9796 SX 9718 0.630626
9796 SX 9807 0.123125
9796 SX 9808 0.123125
9796 SX 9720 0.123125
9796 RZPI 9796 1.000000
9796 RZ3PI 9797 1.000000
9796 RZPIHalf 9851 1.000000
9796 S 9850 1.000000
9796 X 9795 0.630626
9796 X 9796 0.123125
9796 X 9797 0.123125
9796 X 9798 0.123125
9797 SX 9808 0.630626
9797 SX 9720 0.123125
9797 SX 9718 0.123125
9797 SX 9807 0.123125
9797 RZPI 9797 1.000000
9797 RZ3PI 9796 1.000000
9797 RZPIHalf 9850 1.000000
9797 S 9851 1.000000
9797 X 9798 0.630626
9797 X 9797 0.123125
9797 X 9796 0.123125
9797 X 9795 0.123125
9798 SX 9720 0.630626
9798 SX 9808 0.123125
9798 SX 9807 0.123125
9798 SX 9718 0.123125
9798 RZPI 9798 1.000000
9798 RZ3PI 9795 1.000000
9798 RZPIHalf 9852 1.000000
9798 S 9849 1.000000
9798 X 9797 0.630626
9798 X 9798 0.123125
9798 X 9795 0.123125
9798 X 9796 0.123125
9807 SX 9796 0.630626
9807 SX 9795 0.123125
9807 SX 9798 0.123125
9807 SX 9797 0.123125
9807 RZPI 9807 1.000000
9807 RZ3PI 9808 1.000000
9807 RZPIHalf 9725 1.000000
9807 S 9726 1.000000
9807 X 9718 0.630626
9807 X 9807 0.123125
9807 X 9808 0.123125
9807 X 9720 0.123125
9808 SX 9798 0.630626
9808 SX 9797 0.123125
9808 SX 9796 0.123125
9808 SX 9795 0.123125
9808 RZPI 9808 1.000000
9808 RZ3PI 9807 1.000000
9808 RZPIHalf 9726 1.000000
9808 S 9725 1.000000
9808 X 9720 0.630626
9808 X 9808 0.123125
9808 X 9807 0.123125
9808 X 9718 0.123125
9849 SX 9750 0.630626
9849 SX 9734 0.123125
9849 SX 9736 0.123125
9849 SX 9748 0.123125
9849 RZPI 9849 1.000000
9849 RZ3PI 9852 1.000000
9849 RZPIHalf 9798 1.000000
9849 S 9795 1.000000
9849 X 9850 0.630626
9849 X 9849 0.123125
9849 X 9852 0.123125
9849 X 9851 0.123125
9850 SX 9734 0.630626
9850 SX 9750 0.123125
9850 SX 9748 0.123125
9850 SX 9736 0.123125
9850 RZPI 9850 1.000000
9850 RZ3PI 9851 1.000000
9850 RZPIHalf 9796 1.000000
9850 S 9797 1.000000
9850 X 9849 0.630626
9850 X 9850 0.123125
9850 X 9851 0.123125
9850 X 9852 0.123125
9851 SX 9748 0.630626
9851 SX 9736 0.123125
9851 SX 9734 0.123125
9851 SX 9750 0.123125
9851 RZPI 9851 1.000000
9851 RZ3PI 9850 1.000000
9851 RZPIHalf 9797 1.000000
9851 S 9796 1.000000
9851 X 9852 0.630626
9851 X 9851 0.123125
9851 X 9850 0.123125
9851 X 9849 0.123125
9852 SX 9736 0.630626
9852 SX 9748 0.123125
9852 SX 9750 0.123125
9852 SX 9734 0.123125
9852 RZPI 9852 1.000000
9852 RZ3PI 9849 1.000000
9852 RZPIHalf 9795 1.000000
9852 S 9798 1.000000
9852 X 9851 0.630626
9852 X 9852 0.123125
9852 X 9849 0.123125
9852 X 9850 0.123125
ENDPOMDP
