BEGINPOMDP
INITIALSTATE: 9078
STATES: 9090,9092,9094,9223,9224,9225,9226,9099,9100,9108,9110,9122,9124,9169,9170,9171,9172,9181,9182,9078,9079,9084,9085,9086,9087
REWARDS: 9090:0,9092:0,9094:0,9223:0,9224:0,9225:0,9226:0,9099:0,9100:1,9108:0,9110:0,9122:0,9124:0,9169:0,9170:0,9171:0,9172:0,9181:0,9182:0,9078:0,9079:0,9084:0,9085:0,9086:0,9087:0
GAMMA: 9090:0,9092:0,9094:0,9223:0,9224:0,9225:0,9226:0,9099:0,9100:0,9108:0,9110:0,9122:0,9124:0,9169:0,9170:0,9171:0,9172:0,9181:0,9182:0,9078:0,9079:0,9084:0,9085:0,9086:0,9087:0
BEGINACTIONS
SX
RZPI
RZ3PI
RZPIHalf
S
X
ENDACTIONS
9078 INIT_ 9079 1.000000
9079 SX 9084 0.821878
9079 SX 9085 0.059374
9079 SX 9086 0.059374
9079 SX 9087 0.059374
9079 RZPI 9079 1.000000
9079 RZ3PI 9090 1.000000
9079 RZPIHalf 9092 1.000000
9079 S 9094 1.000000
9079 X 9099 0.821878
9079 X 9079 0.059374
9079 X 9090 0.059374
9079 X 9100 0.059374
9084 SX 9099 0.821878
9084 SX 9079 0.059374
9084 SX 9090 0.059374
9084 SX 9100 0.059374
9084 RZPI 9084 1.000000
9084 RZ3PI 9087 1.000000
9084 RZPIHalf 9108 1.000000
9084 S 9110 1.000000
9084 X 9085 0.821878
9084 X 9084 0.059374
9084 X 9087 0.059374
9084 X 9086 0.059374
9085 SX 9079 0.821878
9085 SX 9099 0.059374
9085 SX 9100 0.059374
9085 SX 9090 0.059374
9085 RZPI 9085 1.000000
9085 RZ3PI 9086 1.000000
9085 RZPIHalf 9122 1.000000
9085 S 9124 1.000000
9085 X 9084 0.821878
9085 X 9085 0.059374
9085 X 9086 0.059374
9085 X 9087 0.059374
9086 SX 9100 0.821878
9086 SX 9090 0.059374
9086 SX 9079 0.059374
9086 SX 9099 0.059374
9086 RZPI 9086 1.000000
9086 RZ3PI 9085 1.000000
9086 RZPIHalf 9124 1.000000
9086 S 9122 1.000000
9086 X 9087 0.821878
9086 X 9086 0.059374
9086 X 9085 0.059374
9086 X 9084 0.059374
9087 SX 9090 0.821878
9087 SX 9100 0.059374
9087 SX 9099 0.059374
9087 SX 9079 0.059374
9087 RZPI 9087 1.000000
9087 RZ3PI 9084 1.000000
9087 RZPIHalf 9110 1.000000
9087 S 9108 1.000000
9087 X 9086 0.821878
9087 X 9087 0.059374
9087 X 9084 0.059374
9087 X 9085 0.059374
9090 SX 9086 0.821878
9090 SX 9087 0.059374
9090 SX 9084 0.059374
9090 SX 9085 0.059374
9090 RZPI 9090 1.000000
9090 RZ3PI 9079 1.000000
9090 RZPIHalf 9094 1.000000
9090 S 9092 1.000000
9090 X 9100 0.821878
9090 X 9090 0.059374
9090 X 9079 0.059374
9090 X 9099 0.059374
9092 SX 9169 0.821878
9092 SX 9170 0.059374
9092 SX 9171 0.059374
9092 SX 9172 0.059374
9092 RZPI 9092 1.000000
9092 RZ3PI 9094 1.000000
9092 RZPIHalf 9090 1.000000
9092 S 9079 1.000000
9092 X 9181 0.821878
9092 X 9092 0.059374
9092 X 9094 0.059374
9092 X 9182 0.059374
9094 SX 9171 0.821878
9094 SX 9172 0.059374
9094 SX 9169 0.059374
9094 SX 9170 0.059374
9094 RZPI 9094 1.000000
9094 RZ3PI 9092 1.000000
9094 RZPIHalf 9079 1.000000
9094 S 9090 1.000000
9094 X 9182 0.821878
9094 X 9094 0.059374
9094 X 9092 0.059374
9094 X 9181 0.059374
9099 SX 9085 0.821878
9099 SX 9084 0.059374
9099 SX 9087 0.059374
9099 SX 9086 0.059374
9099 RZPI 9099 1.000000
9099 RZ3PI 9100 1.000000
9099 RZPIHalf 9182 1.000000
9099 S 9181 1.000000
9099 X 9079 0.821878
9099 X 9099 0.059374
9099 X 9100 0.059374
9099 X 9090 0.059374
9100 SX 9087 0.821878
9100 SX 9086 0.059374
9100 SX 9085 0.059374
9100 SX 9084 0.059374
9100 RZPI 9100 1.000000
9100 RZ3PI 9099 1.000000
9100 RZPIHalf 9181 1.000000
9100 S 9182 1.000000
9100 X 9090 0.821878
9100 X 9100 0.059374
9100 X 9099 0.059374
9100 X 9079 0.059374
9108 SX 9223 0.821878
9108 SX 9224 0.059374
9108 SX 9225 0.059374
9108 SX 9226 0.059374
9108 RZPI 9108 1.000000
9108 RZ3PI 9110 1.000000
9108 RZPIHalf 9087 1.000000
9108 S 9084 1.000000
9108 X 9124 0.821878
9108 X 9108 0.059374
9108 X 9110 0.059374
9108 X 9122 0.059374
9110 SX 9225 0.821878
9110 SX 9226 0.059374
9110 SX 9223 0.059374
9110 SX 9224 0.059374
9110 RZPI 9110 1.000000
9110 RZ3PI 9108 1.000000
9110 RZPIHalf 9084 1.000000
9110 S 9087 1.000000
9110 X 9122 0.821878
9110 X 9110 0.059374
9110 X 9108 0.059374
9110 X 9124 0.059374
9122 SX 9226 0.821878
9122 SX 9225 0.059374
9122 SX 9224 0.059374
9122 SX 9223 0.059374
9122 RZPI 9122 1.000000
9122 RZ3PI 9124 1.000000
9122 RZPIHalf 9086 1.000000
9122 S 9085 1.000000
9122 X 9110 0.821878
9122 X 9122 0.059374
9122 X 9124 0.059374
9122 X 9108 0.059374
9124 SX 9224 0.821878
9124 SX 9223 0.059374
9124 SX 9226 0.059374
9124 SX 9225 0.059374
9124 RZPI 9124 1.000000
9124 RZ3PI 9122 1.000000
9124 RZPIHalf 9085 1.000000
9124 S 9086 1.000000
9124 X 9108 0.821878
9124 X 9124 0.059374
9124 X 9122 0.059374
9124 X 9110 0.059374
9169 SX 9181 0.821878
9169 SX 9092 0.059374
9169 SX 9094 0.059374
9169 SX 9182 0.059374
9169 RZPI 9169 1.000000
9169 RZ3PI 9172 1.000000
9169 RZPIHalf 9223 1.000000
9169 S 9226 1.000000
9169 X 9170 0.821878
9169 X 9169 0.059374
9169 X 9172 0.059374
9169 X 9171 0.059374
9170 SX 9092 0.821878
9170 SX 9181 0.059374
9170 SX 9182 0.059374
9170 SX 9094 0.059374
9170 RZPI 9170 1.000000
9170 RZ3PI 9171 1.000000
9170 RZPIHalf 9225 1.000000
9170 S 9224 1.000000
9170 X 9169 0.821878
9170 X 9170 0.059374
9170 X 9171 0.059374
9170 X 9172 0.059374
9171 SX 9182 0.821878
9171 SX 9094 0.059374
9171 SX 9092 0.059374
9171 SX 9181 0.059374
9171 RZPI 9171 1.000000
9171 RZ3PI 9170 1.000000
9171 RZPIHalf 9224 1.000000
9171 S 9225 1.000000
9171 X 9172 0.821878
9171 X 9171 0.059374
9171 X 9170 0.059374
9171 X 9169 0.059374
9172 SX 9094 0.821878
9172 SX 9182 0.059374
9172 SX 9181 0.059374
9172 SX 9092 0.059374
9172 RZPI 9172 1.000000
9172 RZ3PI 9169 1.000000
9172 RZPIHalf 9226 1.000000
9172 S 9223 1.000000
9172 X 9171 0.821878
9172 X 9172 0.059374
9172 X 9169 0.059374
9172 X 9170 0.059374
9181 SX 9170 0.821878
9181 SX 9169 0.059374
9181 SX 9172 0.059374
9181 SX 9171 0.059374
9181 RZPI 9181 1.000000
9181 RZ3PI 9182 1.000000
9181 RZPIHalf 9099 1.000000
9181 S 9100 1.000000
9181 X 9092 0.821878
9181 X 9181 0.059374
9181 X 9182 0.059374
9181 X 9094 0.059374
9182 SX 9172 0.821878
9182 SX 9171 0.059374
9182 SX 9170 0.059374
9182 SX 9169 0.059374
9182 RZPI 9182 1.000000
9182 RZ3PI 9181 1.000000
9182 RZPIHalf 9100 1.000000
9182 S 9099 1.000000
9182 X 9094 0.821878
9182 X 9182 0.059374
9182 X 9181 0.059374
9182 X 9092 0.059374
9223 SX 9124 0.821878
9223 SX 9108 0.059374
9223 SX 9110 0.059374
9223 SX 9122 0.059374
9223 RZPI 9223 1.000000
9223 RZ3PI 9226 1.000000
9223 RZPIHalf 9172 1.000000
9223 S 9169 1.000000
9223 X 9224 0.821878
9223 X 9223 0.059374
9223 X 9226 0.059374
9223 X 9225 0.059374
9224 SX 9108 0.821878
9224 SX 9124 0.059374
9224 SX 9122 0.059374
9224 SX 9110 0.059374
9224 RZPI 9224 1.000000
9224 RZ3PI 9225 1.000000
9224 RZPIHalf 9170 1.000000
9224 S 9171 1.000000
9224 X 9223 0.821878
9224 X 9224 0.059374
9224 X 9225 0.059374
9224 X 9226 0.059374
9225 SX 9122 0.821878
9225 SX 9110 0.059374
9225 SX 9108 0.059374
9225 SX 9124 0.059374
9225 RZPI 9225 1.000000
9225 RZ3PI 9224 1.000000
9225 RZPIHalf 9171 1.000000
9225 S 9170 1.000000
9225 X 9226 0.821878
9225 X 9225 0.059374
9225 X 9224 0.059374
9225 X 9223 0.059374
9226 SX 9110 0.821878
9226 SX 9122 0.059374
9226 SX 9124 0.059374
9226 SX 9108 0.059374
9226 RZPI 9226 1.000000
9226 RZ3PI 9223 1.000000
9226 RZPIHalf 9169 1.000000
9226 S 9172 1.000000
9226 X 9225 0.821878
9226 X 9226 0.059374
9226 X 9223 0.059374
9226 X 9224 0.059374
ENDPOMDP
