BEGINPOMDP
INITIALSTATE: 100653
STATES: 101033,101034,100653,100654,100913,100914,100916,100917,100667,100668,101051,100670,100799,100671,100801,100675,100677,100935,100936,100679,100692,100693,100710,101095,100712,101096,101097,101098,101616,101618
REWARDS: 101033:0,101034:0,100653:0,100654:0,100913:0,100914:0,100916:0,100917:0,100667:0,100668:0,101051:0,100670:0,100799:0,100671:0,100801:0,100675:0,100677:0,100935:0,100936:0,100679:0,100692:0,100693:1,100710:0,101095:0,100712:0,101096:0,101097:0,101098:0,101616:0,101618:0
GAMMA: 101033:0,101034:0,100653:0,100654:0,100913:0,100914:0,100916:0,100917:0,100667:0,100668:0,101051:0,100670:0,100799:0,100671:0,100801:0,100675:0,100677:0,100935:0,100936:0,100679:0,100692:0,100693:0,100710:0,101095:0,100712:0,101096:0,101097:0,101098:0,101616:0,101618:0
BEGINACTIONS
SX
RZPI
RZ3PI
RZPIHalf
S
X
ENDACTIONS
100653 INIT_ 100654 1.000000
100653 SX 101033 0.999438
100653 SX 101034 0.000380
100653 SX 100653 0.000182
100653 RZPI 100653 1.000000
100653 RZ3PI 100653 1.000000
100653 RZPIHalf 100653 1.000000
100653 S 100653 1.000000
100653 X 101051 0.999658
100653 X 100653 0.000342
100654 SX 100667 0.999357
100654 SX 100668 0.000300
100654 SX 100670 0.000080
100654 SX 100671 0.000080
100654 RZPI 100654 1.000000
100654 RZ3PI 100675 1.000000
100654 RZPIHalf 100677 1.000000
100654 S 100679 1.000000
100654 X 100692 0.999357
100654 X 100693 0.000300
100654 X 100653 0.000182
100654 X 100654 0.000080
100654 X 100675 0.000080
100667 SX 100692 0.999357
100667 SX 100693 0.000300
100667 SX 100654 0.000080
100667 SX 100675 0.000080
100667 SX 100653 0.000000
100667 RZPI 100667 1.000000
100667 RZ3PI 100668 1.000000
100667 RZPIHalf 100710 1.000000
100667 S 100712 1.000000
100667 X 100670 0.999357
100667 X 100671 0.000300
100667 X 100667 0.000080
100667 X 100668 0.000080
100668 SX 100675 0.999357
100668 SX 100654 0.000300
100668 SX 100653 0.000182
100668 SX 100693 0.000080
100668 SX 100692 0.000080
100668 RZPI 100668 1.000000
100668 RZ3PI 100667 1.000000
100668 RZPIHalf 100712 1.000000
100668 S 100710 1.000000
100668 X 100671 0.999357
100668 X 100670 0.000300
100668 X 100668 0.000080
100668 X 100667 0.000080
100670 SX 100654 0.999357
100670 SX 100675 0.000300
100670 SX 100653 0.000182
100670 SX 100692 0.000080
100670 SX 100693 0.000080
100670 RZPI 100670 1.000000
100670 RZ3PI 100671 1.000000
100670 RZPIHalf 100799 1.000000
100670 S 100801 1.000000
100670 X 100667 0.999357
100670 X 100668 0.000300
100670 X 100670 0.000080
100670 X 100671 0.000080
100671 SX 100693 0.999357
100671 SX 100692 0.000300
100671 SX 100653 0.000182
100671 SX 100675 0.000080
100671 SX 100654 0.000080
100671 RZPI 100671 1.000000
100671 RZ3PI 100670 1.000000
100671 RZPIHalf 100801 1.000000
100671 S 100799 1.000000
100671 X 100668 0.999357
100671 X 100667 0.000300
100671 X 100671 0.000080
100671 X 100670 0.000080
100675 SX 100671 0.999357
100675 SX 100670 0.000300
100675 SX 100668 0.000080
100675 SX 100667 0.000080
100675 RZPI 100675 1.000000
100675 RZ3PI 100654 1.000000
100675 RZPIHalf 100679 1.000000
100675 S 100677 1.000000
100675 X 100693 0.999357
100675 X 100692 0.000300
100675 X 100675 0.000080
100675 X 100654 0.000080
100675 X 100653 0.000000
100677 SX 100913 0.999357
100677 SX 100914 0.000300
100677 SX 100916 0.000080
100677 SX 100917 0.000080
100677 RZPI 100677 1.000000
100677 RZ3PI 100679 1.000000
100677 RZPIHalf 100675 1.000000
100677 S 100654 1.000000
100677 X 100935 0.999357
100677 X 100936 0.000300
100677 X 100677 0.000080
100677 X 100679 0.000080
100679 SX 100917 0.999357
100679 SX 100916 0.000300
100679 SX 100914 0.000080
100679 SX 100913 0.000080
100679 RZPI 100679 1.000000
100679 RZ3PI 100677 1.000000
100679 RZPIHalf 100654 1.000000
100679 S 100675 1.000000
100679 X 100936 0.999357
100679 X 100935 0.000300
100679 X 100679 0.000080
100679 X 100677 0.000080
100692 SX 100670 0.999357
100692 SX 100671 0.000300
100692 SX 100667 0.000080
100692 SX 100668 0.000080
100692 RZPI 100692 1.000000
100692 RZ3PI 100693 1.000000
100692 RZPIHalf 100936 1.000000
100692 S 100935 1.000000
100692 X 100654 0.999357
100692 X 100675 0.000300
100692 X 100692 0.000080
100692 X 100693 0.000080
100692 X 100653 0.000000
100693 SX 100668 0.999357
100693 SX 100667 0.000300
100693 SX 100671 0.000080
100693 SX 100670 0.000080
100693 RZPI 100693 1.000000
100693 RZ3PI 100692 1.000000
100693 RZPIHalf 100935 1.000000
100693 S 100936 1.000000
100693 X 100675 0.999357
100693 X 100654 0.000300
100693 X 100693 0.000080
100693 X 100692 0.000080
100710 SX 101095 0.999357
100710 SX 101096 0.000300
100710 SX 101097 0.000080
100710 SX 101098 0.000080
100710 RZPI 100710 1.000000
100710 RZ3PI 100712 1.000000
100710 RZPIHalf 100668 1.000000
100710 S 100667 1.000000
100710 X 100801 0.999357
100710 X 100799 0.000300
100710 X 100710 0.000080
100710 X 100712 0.000080
100712 SX 101098 0.999357
100712 SX 101097 0.000300
100712 SX 101096 0.000080
100712 SX 101095 0.000080
100712 RZPI 100712 1.000000
100712 RZ3PI 100710 1.000000
100712 RZPIHalf 100667 1.000000
100712 S 100668 1.000000
100712 X 100799 0.999357
100712 X 100801 0.000300
100712 X 100712 0.000080
100712 X 100710 0.000080
100799 SX 101096 0.999357
100799 SX 101095 0.000300
100799 SX 101098 0.000080
100799 SX 101097 0.000080
100799 RZPI 100799 1.000000
100799 RZ3PI 100801 1.000000
100799 RZPIHalf 100671 1.000000
100799 S 100670 1.000000
100799 X 100712 0.999357
100799 X 100710 0.000300
100799 X 100799 0.000080
100799 X 100801 0.000080
100801 SX 101097 0.999357
100801 SX 101098 0.000300
100801 SX 101095 0.000080
100801 SX 101096 0.000080
100801 RZPI 100801 1.000000
100801 RZ3PI 100799 1.000000
100801 RZPIHalf 100670 1.000000
100801 S 100671 1.000000
100801 X 100710 0.999357
100801 X 100712 0.000300
100801 X 100801 0.000080
100801 X 100799 0.000080
100913 SX 100935 0.999357
100913 SX 100936 0.000300
100913 SX 100677 0.000080
100913 SX 100679 0.000080
100913 SX 100653 0.000000
100913 RZPI 100913 1.000000
100913 RZ3PI 100914 1.000000
100913 RZPIHalf 101095 1.000000
100913 S 101096 1.000000
100913 X 100916 0.999357
100913 X 100917 0.000300
100913 X 100913 0.000080
100913 X 100914 0.000080
100914 SX 100679 0.999357
100914 SX 100677 0.000300
100914 SX 100653 0.000182
100914 SX 100936 0.000080
100914 SX 100935 0.000080
100914 RZPI 100914 1.000000
100914 RZ3PI 100913 1.000000
100914 RZPIHalf 101096 1.000000
100914 S 101095 1.000000
100914 X 100917 0.999357
100914 X 100916 0.000300
100914 X 100914 0.000080
100914 X 100913 0.000080
100916 SX 100677 0.999357
100916 SX 100679 0.000300
100916 SX 100935 0.000080
100916 SX 100936 0.000080
100916 SX 100653 0.000000
100916 RZPI 100916 1.000000
100916 RZ3PI 100917 1.000000
100916 RZPIHalf 101098 1.000000
100916 S 101097 1.000000
100916 X 100913 0.999357
100916 X 100914 0.000300
100916 X 100916 0.000080
100916 X 100917 0.000080
100917 SX 100936 0.999357
100917 SX 100935 0.000300
100917 SX 100653 0.000182
100917 SX 100679 0.000080
100917 SX 100677 0.000080
100917 RZPI 100917 1.000000
100917 RZ3PI 100916 1.000000
100917 RZPIHalf 101097 1.000000
100917 S 101098 1.000000
100917 X 100914 0.999357
100917 X 100913 0.000300
100917 X 100917 0.000080
100917 X 100916 0.000080
100935 SX 100916 0.999357
100935 SX 100917 0.000300
100935 SX 100913 0.000080
100935 SX 100914 0.000080
100935 RZPI 100935 1.000000
100935 RZ3PI 100936 1.000000
100935 RZPIHalf 100692 1.000000
100935 S 100693 1.000000
100935 X 100677 0.999357
100935 X 100679 0.000300
100935 X 100935 0.000080
100935 X 100936 0.000080
100936 SX 100914 0.999357
100936 SX 100913 0.000300
100936 SX 100917 0.000080
100936 SX 100916 0.000080
100936 RZPI 100936 1.000000
100936 RZ3PI 100935 1.000000
100936 RZPIHalf 100693 1.000000
100936 S 100692 1.000000
100936 X 100679 0.999357
100936 X 100677 0.000300
100936 X 100653 0.000182
100936 X 100936 0.000080
100936 X 100935 0.000080
101033 SX 101051 0.999658
101033 SX 100653 0.000342
101033 RZPI 101033 1.000000
101033 RZ3PI 101034 1.000000
101033 RZPIHalf 101616 1.000000
101033 S 101618 1.000000
101033 X 101034 0.999438
101033 X 101033 0.000380
101033 X 100653 0.000182
101034 SX 100653 0.999839
101034 SX 101051 0.000160
101034 RZPI 101034 1.000000
101034 RZ3PI 101033 1.000000
101034 RZPIHalf 101618 1.000000
101034 S 101616 1.000000
101034 X 101033 0.999438
101034 X 101034 0.000380
101034 X 100653 0.000182
101051 SX 101034 0.999438
101051 SX 101033 0.000380
101051 SX 100653 0.000182
101051 RZPI 101051 1.000000
101051 RZ3PI 101051 1.000000
101051 RZPIHalf 101051 1.000000
101051 S 101051 1.000000
101051 X 100653 0.999839
101051 X 101051 0.000160
101095 SX 100801 0.999357
101095 SX 100799 0.000300
101095 SX 100710 0.000080
101095 SX 100712 0.000080
101095 RZPI 101095 1.000000
101095 RZ3PI 101096 1.000000
101095 RZPIHalf 100914 1.000000
101095 S 100913 1.000000
101095 X 101097 0.999357
101095 X 101098 0.000300
101095 X 101095 0.000080
101095 X 101096 0.000080
101096 SX 100712 0.999357
101096 SX 100710 0.000300
101096 SX 100799 0.000080
101096 SX 100801 0.000080
101096 RZPI 101096 1.000000
101096 RZ3PI 101095 1.000000
101096 RZPIHalf 100913 1.000000
101096 S 100914 1.000000
101096 X 101098 0.999357
101096 X 101097 0.000300
101096 X 101096 0.000080
101096 X 101095 0.000080
101097 SX 100710 0.999357
101097 SX 100712 0.000300
101097 SX 100801 0.000080
101097 SX 100799 0.000080
101097 RZPI 101097 1.000000
101097 RZ3PI 101098 1.000000
101097 RZPIHalf 100916 1.000000
101097 S 100917 1.000000
101097 X 101095 0.999357
101097 X 101096 0.000300
101097 X 101097 0.000080
101097 X 101098 0.000080
101098 SX 100799 0.999357
101098 SX 100801 0.000300
101098 SX 100712 0.000080
101098 SX 100710 0.000080
101098 RZPI 101098 1.000000
101098 RZ3PI 101097 1.000000
101098 RZPIHalf 100917 1.000000
101098 S 100916 1.000000
101098 X 101096 0.999357
101098 X 101095 0.000300
101098 X 101098 0.000080
101098 X 101097 0.000080
101616 SX 101616 0.999438
101616 SX 101618 0.000380
101616 SX 100653 0.000182
101616 RZPI 101616 1.000000
101616 RZ3PI 101618 1.000000
101616 RZPIHalf 101034 1.000000
101616 S 101033 1.000000
101616 X 101616 0.999438
101616 X 101618 0.000380
101616 X 100653 0.000182
101618 SX 101618 0.999438
101618 SX 101616 0.000380
101618 SX 100653 0.000182
101618 RZPI 101618 1.000000
101618 RZ3PI 101616 1.000000
101618 RZPIHalf 101033 1.000000
101618 S 101034 1.000000
101618 X 101618 0.999438
101618 X 101616 0.000380
101618 X 100653 0.000182
ENDPOMDP
