BEGINPOMDP
INITIALSTATE: 108513
STATES: 108552,108553,108942,108570,108955,108572,108956,108957,108958,108795,108924,109564,108513,108514,108773,108774,108776,108777,108527,108528,108530,108531,108659,108661,108535,108537,109562,108539,108796,108925
REWARDS: 108552:0,108553:1,108942:0,108570:0,108955:0,108572:0,108956:0,108957:0,108958:0,108795:0,108924:0,109564:0,108513:0,108514:0,108773:0,108774:0,108776:0,108777:0,108527:0,108528:0,108530:0,108531:0,108659:0,108661:0,108535:0,108537:0,109562:0,108539:0,108796:0,108925:0
GAMMA: 108552:0,108553:0,108942:0,108570:0,108955:0,108572:0,108956:0,108957:0,108958:0,108795:0,108924:0,109564:0,108513:0,108514:0,108773:0,108774:0,108776:0,108777:0,108527:0,108528:0,108530:0,108531:0,108659:0,108661:0,108535:0,108537:0,109562:0,108539:0,108796:0,108925:0
BEGINACTIONS
SX
RZPI
RZ3PI
RZPIHalf
S
X
ENDACTIONS
108513 INIT_ 108514 1.000000
108513 SX 108924 0.999624
108513 SX 108925 0.000137
108513 SX 108513 0.000239
108513 RZPI 108513 1.000000
108513 RZ3PI 108513 1.000000
108513 RZPIHalf 108513 1.000000
108513 S 108513 1.000000
108513 X 108942 0.999746
108513 X 108513 0.000254
108514 SX 108527 0.999617
108514 SX 108528 0.000129
108514 SX 108530 0.000007
108514 SX 108531 0.000007
108514 RZPI 108514 1.000000
108514 RZ3PI 108535 1.000000
108514 RZPIHalf 108537 1.000000
108514 S 108539 1.000000
108514 X 108552 0.999617
108514 X 108553 0.000129
108514 X 108514 0.000007
108514 X 108535 0.000007
108514 X 108513 0.000000
108527 SX 108552 0.999617
108527 SX 108553 0.000129
108527 SX 108514 0.000007
108527 SX 108535 0.000007
108527 SX 108513 0.000000
108527 RZPI 108527 1.000000
108527 RZ3PI 108528 1.000000
108527 RZPIHalf 108570 1.000000
108527 S 108572 1.000000
108527 X 108530 0.999617
108527 X 108531 0.000129
108527 X 108527 0.000007
108527 X 108528 0.000007
108528 SX 108535 0.999617
108528 SX 108514 0.000129
108528 SX 108513 0.000239
108528 SX 108553 0.000007
108528 SX 108552 0.000007
108528 RZPI 108528 1.000000
108528 RZ3PI 108527 1.000000
108528 RZPIHalf 108572 1.000000
108528 S 108570 1.000000
108528 X 108531 0.999617
108528 X 108530 0.000129
108528 X 108528 0.000007
108528 X 108527 0.000007
108530 SX 108514 0.999617
108530 SX 108535 0.000129
108530 SX 108513 0.000239
108530 SX 108552 0.000007
108530 SX 108553 0.000007
108530 RZPI 108530 1.000000
108530 RZ3PI 108531 1.000000
108530 RZPIHalf 108659 1.000000
108530 S 108661 1.000000
108530 X 108527 0.999617
108530 X 108528 0.000129
108530 X 108530 0.000007
108530 X 108531 0.000007
108531 SX 108553 0.999617
108531 SX 108552 0.000129
108531 SX 108513 0.000239
108531 SX 108535 0.000007
108531 SX 108514 0.000007
108531 RZPI 108531 1.000000
108531 RZ3PI 108530 1.000000
108531 RZPIHalf 108661 1.000000
108531 S 108659 1.000000
108531 X 108528 0.999617
108531 X 108527 0.000129
108531 X 108531 0.000007
108531 X 108530 0.000007
108535 SX 108531 0.999617
108535 SX 108530 0.000129
108535 SX 108528 0.000007
108535 SX 108527 0.000007
108535 RZPI 108535 1.000000
108535 RZ3PI 108514 1.000000
108535 RZPIHalf 108539 1.000000
108535 S 108537 1.000000
108535 X 108553 0.999617
108535 X 108552 0.000129
108535 X 108535 0.000007
108535 X 108514 0.000007
108535 X 108513 0.000000
108537 SX 108773 0.999617
108537 SX 108774 0.000129
108537 SX 108776 0.000007
108537 SX 108777 0.000007
108537 RZPI 108537 1.000000
108537 RZ3PI 108539 1.000000
108537 RZPIHalf 108535 1.000000
108537 S 108514 1.000000
108537 X 108795 0.999617
108537 X 108796 0.000129
108537 X 108537 0.000007
108537 X 108539 0.000007
108537 X 108513 0.000000
108539 SX 108777 0.999617
108539 SX 108776 0.000129
108539 SX 108774 0.000007
108539 SX 108773 0.000007
108539 RZPI 108539 1.000000
108539 RZ3PI 108537 1.000000
108539 RZPIHalf 108514 1.000000
108539 S 108535 1.000000
108539 X 108796 0.999617
108539 X 108795 0.000129
108539 X 108539 0.000007
108539 X 108537 0.000007
108539 X 108513 0.000000
108552 SX 108530 0.999617
108552 SX 108531 0.000129
108552 SX 108527 0.000007
108552 SX 108528 0.000007
108552 RZPI 108552 1.000000
108552 RZ3PI 108553 1.000000
108552 RZPIHalf 108796 1.000000
108552 S 108795 1.000000
108552 X 108514 0.999617
108552 X 108535 0.000129
108552 X 108513 0.000239
108552 X 108552 0.000007
108552 X 108553 0.000007
108553 SX 108528 0.999617
108553 SX 108527 0.000129
108553 SX 108531 0.000007
108553 SX 108530 0.000007
108553 RZPI 108553 1.000000
108553 RZ3PI 108552 1.000000
108553 RZPIHalf 108795 1.000000
108553 S 108796 1.000000
108553 X 108535 0.999617
108553 X 108514 0.000129
108553 X 108513 0.000239
108553 X 108553 0.000007
108553 X 108552 0.000007
108570 SX 108955 0.999617
108570 SX 108956 0.000129
108570 SX 108957 0.000007
108570 SX 108958 0.000007
108570 RZPI 108570 1.000000
108570 RZ3PI 108572 1.000000
108570 RZPIHalf 108528 1.000000
108570 S 108527 1.000000
108570 X 108661 0.999617
108570 X 108659 0.000129
108570 X 108570 0.000007
108570 X 108572 0.000007
108572 SX 108958 0.999617
108572 SX 108957 0.000129
108572 SX 108956 0.000007
108572 SX 108955 0.000007
108572 RZPI 108572 1.000000
108572 RZ3PI 108570 1.000000
108572 RZPIHalf 108527 1.000000
108572 S 108528 1.000000
108572 X 108659 0.999617
108572 X 108661 0.000129
108572 X 108572 0.000007
108572 X 108570 0.000007
108659 SX 108956 0.999617
108659 SX 108955 0.000129
108659 SX 108958 0.000007
108659 SX 108957 0.000007
108659 RZPI 108659 1.000000
108659 RZ3PI 108661 1.000000
108659 RZPIHalf 108531 1.000000
108659 S 108530 1.000000
108659 X 108572 0.999617
108659 X 108570 0.000129
108659 X 108659 0.000007
108659 X 108661 0.000007
108661 SX 108957 0.999617
108661 SX 108958 0.000129
108661 SX 108955 0.000007
108661 SX 108956 0.000007
108661 RZPI 108661 1.000000
108661 RZ3PI 108659 1.000000
108661 RZPIHalf 108530 1.000000
108661 S 108531 1.000000
108661 X 108570 0.999617
108661 X 108572 0.000129
108661 X 108661 0.000007
108661 X 108659 0.000007
108773 SX 108795 0.999617
108773 SX 108796 0.000129
108773 SX 108513 0.000239
108773 SX 108537 0.000007
108773 SX 108539 0.000007
108773 RZPI 108773 1.000000
108773 RZ3PI 108774 1.000000
108773 RZPIHalf 108955 1.000000
108773 S 108956 1.000000
108773 X 108776 0.999617
108773 X 108777 0.000129
108773 X 108773 0.000007
108773 X 108774 0.000007
108774 SX 108539 0.999617
108774 SX 108537 0.000129
108774 SX 108513 0.000239
108774 SX 108796 0.000007
108774 SX 108795 0.000007
108774 RZPI 108774 1.000000
108774 RZ3PI 108773 1.000000
108774 RZPIHalf 108956 1.000000
108774 S 108955 1.000000
108774 X 108777 0.999617
108774 X 108776 0.000129
108774 X 108774 0.000007
108774 X 108773 0.000007
108776 SX 108537 0.999617
108776 SX 108539 0.000129
108776 SX 108795 0.000007
108776 SX 108796 0.000007
108776 SX 108513 0.000000
108776 RZPI 108776 1.000000
108776 RZ3PI 108777 1.000000
108776 RZPIHalf 108958 1.000000
108776 S 108957 1.000000
108776 X 108773 0.999617
108776 X 108774 0.000129
108776 X 108776 0.000007
108776 X 108777 0.000007
108777 SX 108796 0.999617
108777 SX 108795 0.000129
108777 SX 108539 0.000007
108777 SX 108537 0.000007
108777 RZPI 108777 1.000000
108777 RZ3PI 108776 1.000000
108777 RZPIHalf 108957 1.000000
108777 S 108958 1.000000
108777 X 108774 0.999617
108777 X 108773 0.000129
108777 X 108777 0.000007
108777 X 108776 0.000007
108795 SX 108776 0.999617
108795 SX 108777 0.000129
108795 SX 108773 0.000007
108795 SX 108774 0.000007
108795 RZPI 108795 1.000000
108795 RZ3PI 108796 1.000000
108795 RZPIHalf 108552 1.000000
108795 S 108553 1.000000
108795 X 108537 0.999617
108795 X 108539 0.000129
108795 X 108795 0.000007
108795 X 108796 0.000007
108795 X 108513 0.000000
108796 SX 108774 0.999617
108796 SX 108773 0.000129
108796 SX 108777 0.000007
108796 SX 108776 0.000007
108796 RZPI 108796 1.000000
108796 RZ3PI 108795 1.000000
108796 RZPIHalf 108553 1.000000
108796 S 108552 1.000000
108796 X 108539 0.999617
108796 X 108537 0.000129
108796 X 108513 0.000239
108796 X 108796 0.000007
108796 X 108795 0.000007
108924 SX 108942 0.999746
108924 SX 108513 0.000254
108924 RZPI 108924 1.000000
108924 RZ3PI 108925 1.000000
108924 RZPIHalf 109562 1.000000
108924 S 109564 1.000000
108924 X 108925 0.999624
108924 X 108924 0.000137
108924 X 108513 0.000239
108925 SX 108513 0.999985
108925 SX 108942 0.000015
108925 RZPI 108925 1.000000
108925 RZ3PI 108924 1.000000
108925 RZPIHalf 109564 1.000000
108925 S 109562 1.000000
108925 X 108924 0.999624
108925 X 108925 0.000137
108925 X 108513 0.000239
108942 SX 108925 0.999624
108942 SX 108924 0.000137
108942 SX 108513 0.000239
108942 RZPI 108942 1.000000
108942 RZ3PI 108942 1.000000
108942 RZPIHalf 108942 1.000000
108942 S 108942 1.000000
108942 X 108513 0.999985
108942 X 108942 0.000015
108955 SX 108661 0.999617
108955 SX 108659 0.000129
108955 SX 108570 0.000007
108955 SX 108572 0.000007
108955 RZPI 108955 1.000000
108955 RZ3PI 108956 1.000000
108955 RZPIHalf 108774 1.000000
108955 S 108773 1.000000
108955 X 108957 0.999617
108955 X 108958 0.000129
108955 X 108955 0.000007
108955 X 108956 0.000007
108956 SX 108572 0.999617
108956 SX 108570 0.000129
108956 SX 108659 0.000007
108956 SX 108661 0.000007
108956 RZPI 108956 1.000000
108956 RZ3PI 108955 1.000000
108956 RZPIHalf 108773 1.000000
108956 S 108774 1.000000
108956 X 108958 0.999617
108956 X 108957 0.000129
108956 X 108956 0.000007
108956 X 108955 0.000007
108957 SX 108570 0.999617
108957 SX 108572 0.000129
108957 SX 108661 0.000007
108957 SX 108659 0.000007
108957 RZPI 108957 1.000000
108957 RZ3PI 108958 1.000000
108957 RZPIHalf 108776 1.000000
108957 S 108777 1.000000
108957 X 108955 0.999617
108957 X 108956 0.000129
108957 X 108957 0.000007
108957 X 108958 0.000007
108958 SX 108659 0.999617
108958 SX 108661 0.000129
108958 SX 108572 0.000007
108958 SX 108570 0.000007
108958 RZPI 108958 1.000000
108958 RZ3PI 108957 1.000000
108958 RZPIHalf 108777 1.000000
108958 S 108776 1.000000
108958 X 108956 0.999617
108958 X 108955 0.000129
108958 X 108958 0.000007
108958 X 108957 0.000007
109562 SX 109562 0.999624
109562 SX 109564 0.000137
109562 SX 108513 0.000239
109562 RZPI 109562 1.000000
109562 RZ3PI 109564 1.000000
109562 RZPIHalf 108925 1.000000
109562 S 108924 1.000000
109562 X 109562 0.999624
109562 X 109564 0.000137
109562 X 108513 0.000239
109564 SX 109564 0.999624
109564 SX 109562 0.000137
109564 SX 108513 0.000239
109564 RZPI 109564 1.000000
109564 RZ3PI 109562 1.000000
109564 RZPIHalf 108924 1.000000
109564 S 108925 1.000000
109564 X 109564 0.999624
109564 X 109562 0.000137
109564 X 108513 0.000239
ENDPOMDP
