BEGINPOMDP
INITIALSTATE: 103053
STATES: 103555,103557,103053,103054,103058,103059,103187,103186,103063,103065,103195,103067,103196,103071,103072,103201,103330,103331,103200,103080,103082,103339,103086,103087,103125,103126,103135,103136,103140,103141
REWARDS: 103555:0,103557:0,103053:0,103054:0,103058:0,103059:0,103187:0,103186:0,103063:0,103065:0,103195:0,103067:0,103196:0,103071:0,103072:1,103201:0,103330:0,103331:0,103200:0,103080:0,103082:0,103339:0,103086:0,103087:0,103125:0,103126:0,103135:0,103136:0,103140:0,103141:0
GAMMA: 103555:0,103557:0,103053:0,103054:0,103058:0,103059:0,103187:0,103186:0,103063:0,103065:0,103195:0,103067:0,103196:0,103071:0,103072:0,103201:0,103330:0,103331:0,103200:0,103080:0,103082:0,103339:0,103086:0,103087:0,103125:0,103126:0,103135:0,103136:0,103140:0,103141:0
BEGINACTIONS
SX
RZPI
RZ3PI
RZPIHalf
S
X
ENDACTIONS
103053 INIT_ 103054 1.000000
103053 SX 103330 0.999096
103053 SX 103331 0.000549
103053 SX 103053 0.000355
103053 RZPI 103053 1.000000
103053 RZ3PI 103053 1.000000
103053 RZPIHalf 103053 1.000000
103053 S 103053 1.000000
103053 X 103339 0.999645
103053 X 103053 0.000355
103054 SX 103058 0.999096
103054 SX 103059 0.000549
103054 RZPI 103054 1.000000
103054 RZ3PI 103063 1.000000
103054 RZPIHalf 103065 1.000000
103054 S 103067 1.000000
103054 X 103071 0.999096
103054 X 103072 0.000549
103058 SX 103071 0.999096
103058 SX 103072 0.000549
103058 RZPI 103058 1.000000
103058 RZ3PI 103059 1.000000
103058 RZPIHalf 103080 1.000000
103058 S 103082 1.000000
103058 X 103086 0.999096
103058 X 103087 0.000549
103059 SX 103063 0.999096
103059 SX 103054 0.000549
103059 RZPI 103059 1.000000
103059 RZ3PI 103058 1.000000
103059 RZPIHalf 103082 1.000000
103059 S 103080 1.000000
103059 X 103087 0.999096
103059 X 103086 0.000549
103063 SX 103087 0.999096
103063 SX 103086 0.000549
103063 RZPI 103063 1.000000
103063 RZ3PI 103054 1.000000
103063 RZPIHalf 103067 1.000000
103063 S 103065 1.000000
103063 X 103072 0.999096
103063 X 103071 0.000549
103065 SX 103125 0.999096
103065 SX 103126 0.000549
103065 RZPI 103065 1.000000
103065 RZ3PI 103067 1.000000
103065 RZPIHalf 103063 1.000000
103065 S 103054 1.000000
103065 X 103135 0.999096
103065 X 103136 0.000549
103065 X 103053 0.000355
103067 SX 103140 0.999096
103067 SX 103141 0.000549
103067 RZPI 103067 1.000000
103067 RZ3PI 103065 1.000000
103067 RZPIHalf 103054 1.000000
103067 S 103063 1.000000
103067 X 103136 0.999096
103067 X 103135 0.000549
103071 SX 103086 0.999096
103071 SX 103087 0.000549
103071 RZPI 103071 1.000000
103071 RZ3PI 103072 1.000000
103071 RZPIHalf 103136 1.000000
103071 S 103135 1.000000
103071 X 103054 0.999096
103071 X 103063 0.000549
103072 SX 103059 0.999096
103072 SX 103058 0.000549
103072 RZPI 103072 1.000000
103072 RZ3PI 103071 1.000000
103072 RZPIHalf 103135 1.000000
103072 S 103136 1.000000
103072 X 103063 0.999096
103072 X 103054 0.000549
103072 X 103053 0.000355
103080 SX 103186 0.999096
103080 SX 103187 0.000549
103080 RZPI 103080 1.000000
103080 RZ3PI 103082 1.000000
103080 RZPIHalf 103059 1.000000
103080 S 103058 1.000000
103080 X 103195 0.999096
103080 X 103196 0.000549
103082 SX 103200 0.999096
103082 SX 103201 0.000549
103082 RZPI 103082 1.000000
103082 RZ3PI 103080 1.000000
103082 RZPIHalf 103058 1.000000
103082 S 103059 1.000000
103082 X 103196 0.999096
103082 X 103195 0.000549
103086 SX 103054 0.999096
103086 SX 103063 0.000549
103086 SX 103053 0.000355
103086 RZPI 103086 1.000000
103086 RZ3PI 103087 1.000000
103086 RZPIHalf 103196 1.000000
103086 S 103195 1.000000
103086 X 103058 0.999096
103086 X 103059 0.000549
103087 SX 103072 0.999096
103087 SX 103071 0.000549
103087 SX 103053 0.000355
103087 RZPI 103087 1.000000
103087 RZ3PI 103086 1.000000
103087 RZPIHalf 103195 1.000000
103087 S 103196 1.000000
103087 X 103059 0.999096
103087 X 103058 0.000549
103125 SX 103135 0.999096
103125 SX 103136 0.000549
103125 RZPI 103125 1.000000
103125 RZ3PI 103126 1.000000
103125 RZPIHalf 103186 1.000000
103125 S 103187 1.000000
103125 X 103141 0.999096
103125 X 103140 0.000549
103126 SX 103067 0.999096
103126 SX 103065 0.000549
103126 SX 103053 0.000355
103126 RZPI 103126 1.000000
103126 RZ3PI 103125 1.000000
103126 RZPIHalf 103187 1.000000
103126 S 103186 1.000000
103126 X 103140 0.999096
103126 X 103141 0.000549
103135 SX 103141 0.999096
103135 SX 103140 0.000549
103135 RZPI 103135 1.000000
103135 RZ3PI 103136 1.000000
103135 RZPIHalf 103071 1.000000
103135 S 103072 1.000000
103135 X 103065 0.999096
103135 X 103067 0.000549
103135 X 103053 0.000355
103136 SX 103126 0.999096
103136 SX 103125 0.000549
103136 RZPI 103136 1.000000
103136 RZ3PI 103135 1.000000
103136 RZPIHalf 103072 1.000000
103136 S 103071 1.000000
103136 X 103067 0.999096
103136 X 103065 0.000549
103140 SX 103136 0.999096
103140 SX 103135 0.000549
103140 SX 103053 0.000355
103140 RZPI 103140 1.000000
103140 RZ3PI 103141 1.000000
103140 RZPIHalf 103201 1.000000
103140 S 103200 1.000000
103140 X 103126 0.999096
103140 X 103125 0.000549
103141 SX 103065 0.999096
103141 SX 103067 0.000549
103141 SX 103053 0.000355
103141 RZPI 103141 1.000000
103141 RZ3PI 103140 1.000000
103141 RZPIHalf 103200 1.000000
103141 S 103201 1.000000
103141 X 103125 0.999096
103141 X 103126 0.000549
103186 SX 103195 0.999096
103186 SX 103196 0.000549
103186 RZPI 103186 1.000000
103186 RZ3PI 103187 1.000000
103186 RZPIHalf 103126 1.000000
103186 S 103125 1.000000
103186 X 103201 0.999096
103186 X 103200 0.000549
103187 SX 103082 0.999096
103187 SX 103080 0.000549
103187 RZPI 103187 1.000000
103187 RZ3PI 103186 1.000000
103187 RZPIHalf 103125 1.000000
103187 S 103126 1.000000
103187 X 103200 0.999096
103187 X 103201 0.000549
103195 SX 103201 0.999096
103195 SX 103200 0.000549
103195 RZPI 103195 1.000000
103195 RZ3PI 103196 1.000000
103195 RZPIHalf 103086 1.000000
103195 S 103087 1.000000
103195 X 103080 0.999096
103195 X 103082 0.000549
103196 SX 103187 0.999096
103196 SX 103186 0.000549
103196 RZPI 103196 1.000000
103196 RZ3PI 103195 1.000000
103196 RZPIHalf 103087 1.000000
103196 S 103086 1.000000
103196 X 103082 0.999096
103196 X 103080 0.000549
103200 SX 103196 0.999096
103200 SX 103195 0.000549
103200 RZPI 103200 1.000000
103200 RZ3PI 103201 1.000000
103200 RZPIHalf 103140 1.000000
103200 S 103141 1.000000
103200 X 103187 0.999096
103200 X 103186 0.000549
103201 SX 103080 0.999096
103201 SX 103082 0.000549
103201 RZPI 103201 1.000000
103201 RZ3PI 103200 1.000000
103201 RZPIHalf 103141 1.000000
103201 S 103140 1.000000
103201 X 103186 0.999096
103201 X 103187 0.000549
103330 SX 103339 0.999645
103330 SX 103053 0.000355
103330 RZPI 103330 1.000000
103330 RZ3PI 103331 1.000000
103330 RZPIHalf 103555 1.000000
103330 S 103557 1.000000
103330 X 103331 0.999096
103330 X 103330 0.000549
103330 X 103053 0.000355
103331 SX 103053 1.000000
103331 RZPI 103331 1.000000
103331 RZ3PI 103330 1.000000
103331 RZPIHalf 103557 1.000000
103331 S 103555 1.000000
103331 X 103330 0.999096
103331 X 103331 0.000549
103331 X 103053 0.000355
103339 SX 103331 0.999096
103339 SX 103330 0.000549
103339 SX 103053 0.000355
103339 RZPI 103339 1.000000
103339 RZ3PI 103339 1.000000
103339 RZPIHalf 103339 1.000000
103339 S 103339 1.000000
103339 X 103053 1.000000
103555 SX 103555 0.999096
103555 SX 103557 0.000549
103555 SX 103053 0.000355
103555 RZPI 103555 1.000000
103555 RZ3PI 103557 1.000000
103555 RZPIHalf 103331 1.000000
103555 S 103330 1.000000
103555 X 103555 0.999096
103555 X 103557 0.000549
103555 X 103053 0.000355
103557 SX 103557 0.999096
103557 SX 103555 0.000549
103557 SX 103053 0.000355
103557 RZPI 103557 1.000000
103557 RZ3PI 103555 1.000000
103557 RZPIHalf 103330 1.000000
103557 S 103331 1.000000
103557 X 103557 0.999096
103557 X 103555 0.000549
103557 X 103053 0.000355
ENDPOMDP
