BEGINPOMDP
INITIALSTATE: 34062
STATES: 34307,34308,34309,34310,34062,34063,34194,34068,34069,34070,34075,34076,34077,34078,34080,34213,34099,34231,34232,34233,34234,34118,34137,34156,34175
REWARDS: 34307:0,34308:0,34309:0,34310:0,34062:0,34063:0,34194:0,34068:1,34069:0,34070:0,34075:0,34076:0,34077:0,34078:0,34080:0,34213:0,34099:0,34231:0,34232:0,34233:0,34234:0,34118:0,34137:0,34156:0,34175:0
GAMMA: 34307:0,34308:0,34309:0,34310:0,34062:0,34063:0,34194:0,34068:0,34069:0,34070:0,34075:0,34076:0,34077:0,34078:0,34080:0,34213:0,34099:0,34231:0,34232:0,34233:0,34234:0,34118:0,34137:0,34156:0,34175:0
BEGINACTIONS
U3
H
S
Z
X
RY
ENDACTIONS
34062 INIT_ 34063 1.000000
34063 U3 34068 0.993504
34063 U3 34069 0.002165
34063 U3 34063 0.002165
34063 U3 34070 0.002165
34063 H 34075 0.996748
34063 H 34076 0.001084
34063 H 34077 0.001084
34063 H 34078 0.001084
34063 S 34080 1.000000
34063 Z 34069 1.000000
34063 X 34070 0.993504
34063 X 34063 0.002165
34063 X 34069 0.002165
34063 X 34068 0.002165
34063 RY 34068 0.993504
34063 RY 34069 0.002165
34063 RY 34063 0.002165
34063 RY 34070 0.002165
34068 U3 34063 0.993504
34068 U3 34070 0.002165
34068 U3 34068 0.002165
34068 U3 34069 0.002165
34068 H 34077 0.996748
34068 H 34078 0.001084
34068 H 34075 0.001084
34068 H 34076 0.001084
34068 S 34099 1.000000
34068 Z 34070 1.000000
34068 X 34069 0.993504
34068 X 34068 0.002165
34068 X 34070 0.002165
34068 X 34063 0.002165
34068 RY 34063 0.993504
34068 RY 34070 0.002165
34068 RY 34068 0.002165
34068 RY 34069 0.002165
34069 U3 34070 0.993504
34069 U3 34063 0.002165
34069 U3 34069 0.002165
34069 U3 34068 0.002165
34069 H 34076 0.996748
34069 H 34075 0.001084
34069 H 34078 0.001084
34069 H 34077 0.001084
34069 S 34118 1.000000
34069 Z 34063 1.000000
34069 X 34068 0.993504
34069 X 34069 0.002165
34069 X 34063 0.002165
34069 X 34070 0.002165
34069 RY 34070 0.993504
34069 RY 34063 0.002165
34069 RY 34069 0.002165
34069 RY 34068 0.002165
34070 U3 34069 0.993504
34070 U3 34068 0.002165
34070 U3 34070 0.002165
34070 U3 34063 0.002165
34070 H 34078 0.996748
34070 H 34077 0.001084
34070 H 34076 0.001084
34070 H 34075 0.001084
34070 S 34137 1.000000
34070 Z 34068 1.000000
34070 X 34063 0.993504
34070 X 34070 0.002165
34070 X 34068 0.002165
34070 X 34069 0.002165
34070 RY 34069 0.993504
34070 RY 34068 0.002165
34070 RY 34070 0.002165
34070 RY 34063 0.002165
34075 U3 34077 0.993504
34075 U3 34078 0.002165
34075 U3 34075 0.002165
34075 U3 34076 0.002165
34075 H 34063 0.996748
34075 H 34070 0.001084
34075 H 34068 0.001084
34075 H 34069 0.001084
34075 S 34156 1.000000
34075 Z 34078 1.000000
34075 X 34076 0.993504
34075 X 34075 0.002165
34075 X 34078 0.002165
34075 X 34077 0.002165
34075 RY 34077 0.993504
34075 RY 34078 0.002165
34075 RY 34075 0.002165
34075 RY 34076 0.002165
34076 U3 34078 0.993504
34076 U3 34077 0.002165
34076 U3 34076 0.002165
34076 U3 34075 0.002165
34076 H 34069 0.996748
34076 H 34068 0.001084
34076 H 34070 0.001084
34076 H 34063 0.001084
34076 S 34175 1.000000
34076 Z 34077 1.000000
34076 X 34075 0.993504
34076 X 34076 0.002165
34076 X 34077 0.002165
34076 X 34078 0.002165
34076 RY 34078 0.993504
34076 RY 34077 0.002165
34076 RY 34076 0.002165
34076 RY 34075 0.002165
34077 U3 34075 0.993504
34077 U3 34076 0.002165
34077 U3 34077 0.002165
34077 U3 34078 0.002165
34077 H 34068 0.996748
34077 H 34069 0.001084
34077 H 34063 0.001084
34077 H 34070 0.001084
34077 S 34194 1.000000
34077 Z 34076 1.000000
34077 X 34078 0.993504
34077 X 34077 0.002165
34077 X 34076 0.002165
34077 X 34075 0.002165
34077 RY 34075 0.993504
34077 RY 34076 0.002165
34077 RY 34077 0.002165
34077 RY 34078 0.002165
34078 U3 34076 0.993504
34078 U3 34075 0.002165
34078 U3 34078 0.002165
34078 U3 34077 0.002165
34078 H 34070 0.996748
34078 H 34063 0.001084
34078 H 34069 0.001084
34078 H 34068 0.001084
34078 S 34213 1.000000
34078 Z 34075 1.000000
34078 X 34077 0.993504
34078 X 34078 0.002165
34078 X 34075 0.002165
34078 X 34076 0.002165
34078 RY 34076 0.993504
34078 RY 34075 0.002165
34078 RY 34078 0.002165
34078 RY 34077 0.002165
34080 U3 34137 0.993504
34080 U3 34118 0.002165
34080 U3 34080 0.002165
34080 U3 34099 0.002165
34080 H 34231 0.996748
34080 H 34232 0.001084
34080 H 34233 0.001084
34080 H 34234 0.001084
34080 S 34069 1.000000
34080 Z 34118 1.000000
34080 X 34099 0.993504
34080 X 34080 0.002165
34080 X 34118 0.002165
34080 X 34137 0.002165
34080 RY 34137 0.993504
34080 RY 34118 0.002165
34080 RY 34080 0.002165
34080 RY 34099 0.002165
34099 U3 34118 0.993504
34099 U3 34137 0.002165
34099 U3 34099 0.002165
34099 U3 34080 0.002165
34099 H 34234 0.996748
34099 H 34233 0.001084
34099 H 34232 0.001084
34099 H 34231 0.001084
34099 S 34070 1.000000
34099 Z 34137 1.000000
34099 X 34080 0.993504
34099 X 34099 0.002165
34099 X 34137 0.002165
34099 X 34118 0.002165
34099 RY 34118 0.993504
34099 RY 34137 0.002165
34099 RY 34099 0.002165
34099 RY 34080 0.002165
34118 U3 34099 0.993504
34118 U3 34080 0.002165
34118 U3 34118 0.002165
34118 U3 34137 0.002165
34118 H 34232 0.996748
34118 H 34231 0.001084
34118 H 34234 0.001084
34118 H 34233 0.001084
34118 S 34063 1.000000
34118 Z 34080 1.000000
34118 X 34137 0.993504
34118 X 34118 0.002165
34118 X 34080 0.002165
34118 X 34099 0.002165
34118 RY 34099 0.993504
34118 RY 34080 0.002165
34118 RY 34118 0.002165
34118 RY 34137 0.002165
34137 U3 34080 0.993504
34137 U3 34099 0.002165
34137 U3 34137 0.002165
34137 U3 34118 0.002165
34137 H 34233 0.996748
34137 H 34234 0.001084
34137 H 34231 0.001084
34137 H 34232 0.001084
34137 S 34068 1.000000
34137 Z 34099 1.000000
34137 X 34118 0.993504
34137 X 34137 0.002165
34137 X 34099 0.002165
34137 X 34080 0.002165
34137 RY 34080 0.993504
34137 RY 34099 0.002165
34137 RY 34137 0.002165
34137 RY 34118 0.002165
34156 U3 34175 0.993504
34156 U3 34213 0.002165
34156 U3 34156 0.002165
34156 U3 34194 0.002165
34156 H 34307 0.996748
34156 H 34308 0.001084
34156 H 34309 0.001084
34156 H 34310 0.001084
34156 S 34078 1.000000
34156 Z 34213 1.000000
34156 X 34194 0.993504
34156 X 34156 0.002165
34156 X 34213 0.002165
34156 X 34175 0.002165
34156 RY 34175 0.993504
34156 RY 34213 0.002165
34156 RY 34156 0.002165
34156 RY 34194 0.002165
34175 U3 34156 0.993504
34175 U3 34194 0.002165
34175 U3 34175 0.002165
34175 U3 34213 0.002165
34175 H 34309 0.996748
34175 H 34310 0.001084
34175 H 34307 0.001084
34175 H 34308 0.001084
34175 S 34077 1.000000
34175 Z 34194 1.000000
34175 X 34213 0.993504
34175 X 34175 0.002165
34175 X 34194 0.002165
34175 X 34156 0.002165
34175 RY 34156 0.993504
34175 RY 34194 0.002165
34175 RY 34175 0.002165
34175 RY 34213 0.002165
34194 U3 34213 0.993504
34194 U3 34175 0.002165
34194 U3 34194 0.002165
34194 U3 34156 0.002165
34194 H 34310 0.996748
34194 H 34309 0.001084
34194 H 34308 0.001084
34194 H 34307 0.001084
34194 S 34076 1.000000
34194 Z 34175 1.000000
34194 X 34156 0.993504
34194 X 34194 0.002165
34194 X 34175 0.002165
34194 X 34213 0.002165
34194 RY 34213 0.993504
34194 RY 34175 0.002165
34194 RY 34194 0.002165
34194 RY 34156 0.002165
34213 U3 34194 0.993504
34213 U3 34156 0.002165
34213 U3 34213 0.002165
34213 U3 34175 0.002165
34213 H 34308 0.996748
34213 H 34307 0.001084
34213 H 34310 0.001084
34213 H 34309 0.001084
34213 S 34075 1.000000
34213 Z 34156 1.000000
34213 X 34175 0.993504
34213 X 34213 0.002165
34213 X 34156 0.002165
34213 X 34194 0.002165
34213 RY 34194 0.993504
34213 RY 34156 0.002165
34213 RY 34213 0.002165
34213 RY 34175 0.002165
34231 U3 34233 0.993504
34231 U3 34234 0.002165
34231 U3 34231 0.002165
34231 U3 34232 0.002165
34231 H 34080 0.996748
34231 H 34099 0.001084
34231 H 34137 0.001084
34231 H 34118 0.001084
34231 S 34308 1.000000
34231 Z 34234 1.000000
34231 X 34232 0.993504
34231 X 34231 0.002165
34231 X 34234 0.002165
34231 X 34233 0.002165
34231 RY 34233 0.993504
34231 RY 34234 0.002165
34231 RY 34231 0.002165
34231 RY 34232 0.002165
34232 U3 34234 0.993504
34232 U3 34233 0.002165
34232 U3 34232 0.002165
34232 U3 34231 0.002165
34232 H 34118 0.996748
34232 H 34137 0.001084
34232 H 34099 0.001084
34232 H 34080 0.001084
34232 S 34310 1.000000
34232 Z 34233 1.000000
34232 X 34231 0.993504
34232 X 34232 0.002165
34232 X 34233 0.002165
34232 X 34234 0.002165
34232 RY 34234 0.993504
34232 RY 34233 0.002165
34232 RY 34232 0.002165
34232 RY 34231 0.002165
34233 U3 34231 0.993504
34233 U3 34232 0.002165
34233 U3 34233 0.002165
34233 U3 34234 0.002165
34233 H 34137 0.996748
34233 H 34118 0.001084
34233 H 34080 0.001084
34233 H 34099 0.001084
34233 S 34307 1.000000
34233 Z 34232 1.000000
34233 X 34234 0.993504
34233 X 34233 0.002165
34233 X 34232 0.002165
34233 X 34231 0.002165
34233 RY 34231 0.993504
34233 RY 34232 0.002165
34233 RY 34233 0.002165
34233 RY 34234 0.002165
34234 U3 34232 0.993504
34234 U3 34231 0.002165
34234 U3 34234 0.002165
34234 U3 34233 0.002165
34234 H 34099 0.996748
34234 H 34080 0.001084
34234 H 34118 0.001084
34234 H 34137 0.001084
34234 S 34309 1.000000
34234 Z 34231 1.000000
34234 X 34233 0.993504
34234 X 34234 0.002165
34234 X 34231 0.002165
34234 X 34232 0.002165
34234 RY 34232 0.993504
34234 RY 34231 0.002165
34234 RY 34234 0.002165
34234 RY 34233 0.002165
34307 U3 34309 0.993504
34307 U3 34310 0.002165
34307 U3 34307 0.002165
34307 U3 34308 0.002165
34307 H 34156 0.996748
34307 H 34194 0.001084
34307 H 34175 0.001084
34307 H 34213 0.001084
34307 S 34232 1.000000
34307 Z 34310 1.000000
34307 X 34308 0.993504
34307 X 34307 0.002165
34307 X 34310 0.002165
34307 X 34309 0.002165
34307 RY 34309 0.993504
34307 RY 34310 0.002165
34307 RY 34307 0.002165
34307 RY 34308 0.002165
34308 U3 34310 0.993504
34308 U3 34309 0.002165
34308 U3 34308 0.002165
34308 U3 34307 0.002165
34308 H 34213 0.996748
34308 H 34175 0.001084
34308 H 34194 0.001084
34308 H 34156 0.001084
34308 S 34234 1.000000
34308 Z 34309 1.000000
34308 X 34307 0.993504
34308 X 34308 0.002165
34308 X 34309 0.002165
34308 X 34310 0.002165
34308 RY 34310 0.993504
34308 RY 34309 0.002165
34308 RY 34308 0.002165
34308 RY 34307 0.002165
34309 U3 34307 0.993504
34309 U3 34308 0.002165
34309 U3 34309 0.002165
34309 U3 34310 0.002165
34309 H 34175 0.996748
34309 H 34213 0.001084
34309 H 34156 0.001084
34309 H 34194 0.001084
34309 S 34231 1.000000
34309 Z 34308 1.000000
34309 X 34310 0.993504
34309 X 34309 0.002165
34309 X 34308 0.002165
34309 X 34307 0.002165
34309 RY 34307 0.993504
34309 RY 34308 0.002165
34309 RY 34309 0.002165
34309 RY 34310 0.002165
34310 U3 34308 0.993504
34310 U3 34307 0.002165
34310 U3 34310 0.002165
34310 U3 34309 0.002165
34310 H 34194 0.996748
34310 H 34156 0.001084
34310 H 34213 0.001084
34310 H 34175 0.001084
34310 S 34233 1.000000
34310 Z 34307 1.000000
34310 X 34309 0.993504
34310 X 34310 0.002165
34310 X 34307 0.002165
34310 X 34308 0.002165
34310 RY 34308 0.993504
34310 RY 34307 0.002165
34310 RY 34310 0.002165
34310 RY 34309 0.002165
ENDPOMDP
