BEGINPOMDP
INITIALSTATE: 1
STATES: 1,2,15,16,18,19,147,149,22,24,26,412,413,414,415,39,40,57,59,350,351,230,231,233,234,878,368,880,252,253
REWARDS: 1:0,2:0,15:0,16:0,18:0,19:0,147:0,149:0,22:0,24:0,26:0,412:0,413:0,414:0,415:0,39:0,40:1,57:0,59:0,350:0,351:0,230:0,231:0,233:0,234:0,878:0,368:0,880:0,252:0,253:0
GAMMA: 1:0,2:0,15:0,16:0,18:0,19:0,147:0,149:0,22:0,24:0,26:0,412:0,413:0,414:0,415:0,39:0,40:0,57:0,59:0,350:0,351:0,230:0,231:0,233:0,234:0,878:0,368:0,880:0,252:0,253:0
BEGINACTIONS
SX
RZPI
RZ3PI
RZPIHalf
S
X
ENDACTIONS
1 INIT_ 2 1.000000
1 SX 350 0.999618
1 SX 351 0.000204
1 SX 1 0.000178
1 RZPI 1 1.000000
1 RZ3PI 1 1.000000
1 RZPIHalf 1 1.000000
1 S 1 1.000000
1 X 368 0.999736
1 X 1 0.000264
2 SX 15 0.999575
2 SX 16 0.000161
2 SX 18 0.000043
2 SX 19 0.000043
2 RZPI 2 1.000000
2 RZ3PI 22 1.000000
2 RZPIHalf 24 1.000000
2 S 26 1.000000
2 X 39 0.999575
2 X 40 0.000161
2 X 1 0.000178
2 X 2 0.000043
2 X 22 0.000043
15 SX 39 0.999575
15 SX 40 0.000161
15 SX 2 0.000043
15 SX 22 0.000043
15 SX 1 0.000000
15 RZPI 15 1.000000
15 RZ3PI 16 1.000000
15 RZPIHalf 57 1.000000
15 S 59 1.000000
15 X 18 0.999575
15 X 19 0.000161
15 X 15 0.000043
15 X 16 0.000043
16 SX 22 0.999575
16 SX 2 0.000161
16 SX 40 0.000043
16 SX 39 0.000043
16 SX 1 0.000000
16 RZPI 16 1.000000
16 RZ3PI 15 1.000000
16 RZPIHalf 59 1.000000
16 S 57 1.000000
16 X 19 0.999575
16 X 18 0.000161
16 X 16 0.000043
16 X 15 0.000043
18 SX 2 0.999575
18 SX 22 0.000161
18 SX 1 0.000178
18 SX 39 0.000043
18 SX 40 0.000043
18 RZPI 18 1.000000
18 RZ3PI 19 1.000000
18 RZPIHalf 147 1.000000
18 S 149 1.000000
18 X 15 0.999575
18 X 16 0.000161
18 X 18 0.000043
18 X 19 0.000043
19 SX 40 0.999575
19 SX 39 0.000161
19 SX 22 0.000043
19 SX 2 0.000043
19 SX 1 0.000000
19 RZPI 19 1.000000
19 RZ3PI 18 1.000000
19 RZPIHalf 149 1.000000
19 S 147 1.000000
19 X 16 0.999575
19 X 15 0.000161
19 X 19 0.000043
19 X 18 0.000043
22 SX 19 0.999575
22 SX 18 0.000161
22 SX 16 0.000043
22 SX 15 0.000043
22 RZPI 22 1.000000
22 RZ3PI 2 1.000000
22 RZPIHalf 26 1.000000
22 S 24 1.000000
22 X 40 0.999575
22 X 39 0.000161
22 X 1 0.000178
22 X 22 0.000043
22 X 2 0.000043
24 SX 230 0.999575
24 SX 231 0.000161
24 SX 233 0.000043
24 SX 234 0.000043
24 RZPI 24 1.000000
24 RZ3PI 26 1.000000
24 RZPIHalf 22 1.000000
24 S 2 1.000000
24 X 252 0.999575
24 X 253 0.000161
24 X 24 0.000043
24 X 26 0.000043
24 X 1 0.000000
26 SX 234 0.999575
26 SX 233 0.000161
26 SX 231 0.000043
26 SX 230 0.000043
26 RZPI 26 1.000000
26 RZ3PI 24 1.000000
26 RZPIHalf 2 1.000000
26 S 22 1.000000
26 X 253 0.999575
26 X 252 0.000161
26 X 1 0.000178
26 X 26 0.000043
26 X 24 0.000043
39 SX 18 0.999575
39 SX 19 0.000161
39 SX 15 0.000043
39 SX 16 0.000043
39 RZPI 39 1.000000
39 RZ3PI 40 1.000000
39 RZPIHalf 253 1.000000
39 S 252 1.000000
39 X 2 0.999575
39 X 22 0.000161
39 X 39 0.000043
39 X 40 0.000043
39 X 1 0.000000
40 SX 16 0.999575
40 SX 15 0.000161
40 SX 19 0.000043
40 SX 18 0.000043
40 RZPI 40 1.000000
40 RZ3PI 39 1.000000
40 RZPIHalf 252 1.000000
40 S 253 1.000000
40 X 22 0.999575
40 X 2 0.000161
40 X 40 0.000043
40 X 39 0.000043
40 X 1 0.000000
57 SX 412 0.999575
57 SX 413 0.000161
57 SX 414 0.000043
57 SX 415 0.000043
57 RZPI 57 1.000000
57 RZ3PI 59 1.000000
57 RZPIHalf 16 1.000000
57 S 15 1.000000
57 X 149 0.999575
57 X 147 0.000161
57 X 57 0.000043
57 X 59 0.000043
59 SX 415 0.999575
59 SX 414 0.000161
59 SX 413 0.000043
59 SX 412 0.000043
59 RZPI 59 1.000000
59 RZ3PI 57 1.000000
59 RZPIHalf 15 1.000000
59 S 16 1.000000
59 X 147 0.999575
59 X 149 0.000161
59 X 59 0.000043
59 X 57 0.000043
147 SX 413 0.999575
147 SX 412 0.000161
147 SX 415 0.000043
147 SX 414 0.000043
147 RZPI 147 1.000000
147 RZ3PI 149 1.000000
147 RZPIHalf 19 1.000000
147 S 18 1.000000
147 X 59 0.999575
147 X 57 0.000161
147 X 147 0.000043
147 X 149 0.000043
149 SX 414 0.999575
149 SX 415 0.000161
149 SX 412 0.000043
149 SX 413 0.000043
149 RZPI 149 1.000000
149 RZ3PI 147 1.000000
149 RZPIHalf 18 1.000000
149 S 19 1.000000
149 X 57 0.999575
149 X 59 0.000161
149 X 149 0.000043
149 X 147 0.000043
230 SX 252 0.999575
230 SX 253 0.000161
230 SX 1 0.000178
230 SX 24 0.000043
230 SX 26 0.000043
230 RZPI 230 1.000000
230 RZ3PI 231 1.000000
230 RZPIHalf 412 1.000000
230 S 413 1.000000
230 X 233 0.999575
230 X 234 0.000161
230 X 230 0.000043
230 X 231 0.000043
231 SX 26 0.999575
231 SX 24 0.000161
231 SX 253 0.000043
231 SX 252 0.000043
231 SX 1 0.000000
231 RZPI 231 1.000000
231 RZ3PI 230 1.000000
231 RZPIHalf 413 1.000000
231 S 412 1.000000
231 X 234 0.999575
231 X 233 0.000161
231 X 231 0.000043
231 X 230 0.000043
233 SX 24 0.999575
233 SX 26 0.000161
233 SX 1 0.000178
233 SX 252 0.000043
233 SX 253 0.000043
233 RZPI 233 1.000000
233 RZ3PI 234 1.000000
233 RZPIHalf 415 1.000000
233 S 414 1.000000
233 X 230 0.999575
233 X 231 0.000161
233 X 233 0.000043
233 X 234 0.000043
234 SX 253 0.999575
234 SX 252 0.000161
234 SX 1 0.000178
234 SX 26 0.000043
234 SX 24 0.000043
234 RZPI 234 1.000000
234 RZ3PI 233 1.000000
234 RZPIHalf 414 1.000000
234 S 415 1.000000
234 X 231 0.999575
234 X 230 0.000161
234 X 234 0.000043
234 X 233 0.000043
252 SX 233 0.999575
252 SX 234 0.000161
252 SX 230 0.000043
252 SX 231 0.000043
252 RZPI 252 1.000000
252 RZ3PI 253 1.000000
252 RZPIHalf 39 1.000000
252 S 40 1.000000
252 X 24 0.999575
252 X 26 0.000161
252 X 1 0.000178
252 X 252 0.000043
252 X 253 0.000043
253 SX 231 0.999575
253 SX 230 0.000161
253 SX 234 0.000043
253 SX 233 0.000043
253 RZPI 253 1.000000
253 RZ3PI 252 1.000000
253 RZPIHalf 40 1.000000
253 S 39 1.000000
253 X 26 0.999575
253 X 24 0.000161
253 X 1 0.000178
253 X 253 0.000043
253 X 252 0.000043
350 SX 368 0.999736
350 SX 1 0.000264
350 RZPI 350 1.000000
350 RZ3PI 351 1.000000
350 RZPIHalf 878 1.000000
350 S 880 1.000000
350 X 351 0.999618
350 X 350 0.000204
350 X 1 0.000178
351 SX 1 0.999914
351 SX 368 0.000086
351 RZPI 351 1.000000
351 RZ3PI 350 1.000000
351 RZPIHalf 880 1.000000
351 S 878 1.000000
351 X 350 0.999618
351 X 351 0.000204
351 X 1 0.000178
368 SX 351 0.999618
368 SX 350 0.000204
368 SX 1 0.000178
368 RZPI 368 1.000000
368 RZ3PI 368 1.000000
368 RZPIHalf 368 1.000000
368 S 368 1.000000
368 X 1 0.999914
368 X 368 0.000086
412 SX 149 0.999575
412 SX 147 0.000161
412 SX 57 0.000043
412 SX 59 0.000043
412 RZPI 412 1.000000
412 RZ3PI 413 1.000000
412 RZPIHalf 231 1.000000
412 S 230 1.000000
412 X 414 0.999575
412 X 415 0.000161
412 X 412 0.000043
412 X 413 0.000043
413 SX 59 0.999575
413 SX 57 0.000161
413 SX 147 0.000043
413 SX 149 0.000043
413 RZPI 413 1.000000
413 RZ3PI 412 1.000000
413 RZPIHalf 230 1.000000
413 S 231 1.000000
413 X 415 0.999575
413 X 414 0.000161
413 X 413 0.000043
413 X 412 0.000043
414 SX 57 0.999575
414 SX 59 0.000161
414 SX 149 0.000043
414 SX 147 0.000043
414 RZPI 414 1.000000
414 RZ3PI 415 1.000000
414 RZPIHalf 233 1.000000
414 S 234 1.000000
414 X 412 0.999575
414 X 413 0.000161
414 X 414 0.000043
414 X 415 0.000043
415 SX 147 0.999575
415 SX 149 0.000161
415 SX 59 0.000043
415 SX 57 0.000043
415 RZPI 415 1.000000
415 RZ3PI 414 1.000000
415 RZPIHalf 234 1.000000
415 S 233 1.000000
415 X 413 0.999575
415 X 412 0.000161
415 X 415 0.000043
415 X 414 0.000043
878 SX 878 0.999618
878 SX 880 0.000204
878 SX 1 0.000178
878 RZPI 878 1.000000
878 RZ3PI 880 1.000000
878 RZPIHalf 351 1.000000
878 S 350 1.000000
878 X 878 0.999618
878 X 880 0.000204
878 X 1 0.000178
880 SX 880 0.999618
880 SX 878 0.000204
880 SX 1 0.000178
880 RZPI 880 1.000000
880 RZ3PI 878 1.000000
880 RZPIHalf 350 1.000000
880 S 351 1.000000
880 X 880 0.999618
880 X 878 0.000204
880 X 1 0.000178
ENDPOMDP
