BEGINPOMDP
INITIALSTATE: 8452
STATES: 8452,8453,8458,8459,8460,8461,8464,8466,8468,8597,8598,8599,8600,8473,8474,8482,8484,8496,8498,8543,8544,8545,8546,8555,8556
REWARDS: 8452:0,8453:0,8458:0,8459:0,8460:0,8461:0,8464:0,8466:0,8468:0,8597:0,8598:0,8599:0,8600:0,8473:0,8474:1,8482:0,8484:0,8496:0,8498:0,8543:0,8544:0,8545:0,8546:0,8555:0,8556:0
GAMMA: 8452:0,8453:0,8458:0,8459:0,8460:0,8461:0,8464:0,8466:0,8468:0,8597:0,8598:0,8599:0,8600:0,8473:0,8474:0,8482:0,8484:0,8496:0,8498:0,8543:0,8544:0,8545:0,8546:0,8555:0,8556:0
BEGINACTIONS
SX
RZPI
RZ3PI
RZPIHalf
S
X
ENDACTIONS
8452 INIT_ 8453 1.000000
8453 SX 8458 0.994605
8453 SX 8459 0.001798
8453 SX 8460 0.001798
8453 SX 8461 0.001798
8453 RZPI 8453 1.000000
8453 RZ3PI 8464 1.000000
8453 RZPIHalf 8466 1.000000
8453 S 8468 1.000000
8453 X 8473 0.994605
8453 X 8453 0.001798
8453 X 8464 0.001798
8453 X 8474 0.001798
8458 SX 8473 0.994605
8458 SX 8453 0.001798
8458 SX 8464 0.001798
8458 SX 8474 0.001798
8458 RZPI 8458 1.000000
8458 RZ3PI 8461 1.000000
8458 RZPIHalf 8482 1.000000
8458 S 8484 1.000000
8458 X 8459 0.994605
8458 X 8458 0.001798
8458 X 8461 0.001798
8458 X 8460 0.001798
8459 SX 8453 0.994605
8459 SX 8473 0.001798
8459 SX 8474 0.001798
8459 SX 8464 0.001798
8459 RZPI 8459 1.000000
8459 RZ3PI 8460 1.000000
8459 RZPIHalf 8496 1.000000
8459 S 8498 1.000000
8459 X 8458 0.994605
8459 X 8459 0.001798
8459 X 8460 0.001798
8459 X 8461 0.001798
8460 SX 8474 0.994605
8460 SX 8464 0.001798
8460 SX 8453 0.001798
8460 SX 8473 0.001798
8460 RZPI 8460 1.000000
8460 RZ3PI 8459 1.000000
8460 RZPIHalf 8498 1.000000
8460 S 8496 1.000000
8460 X 8461 0.994605
8460 X 8460 0.001798
8460 X 8459 0.001798
8460 X 8458 0.001798
8461 SX 8464 0.994605
8461 SX 8474 0.001798
8461 SX 8473 0.001798
8461 SX 8453 0.001798
8461 RZPI 8461 1.000000
8461 RZ3PI 8458 1.000000
8461 RZPIHalf 8484 1.000000
8461 S 8482 1.000000
8461 X 8460 0.994605
8461 X 8461 0.001798
8461 X 8458 0.001798
8461 X 8459 0.001798
8464 SX 8460 0.994605
8464 SX 8461 0.001798
8464 SX 8458 0.001798
8464 SX 8459 0.001798
8464 RZPI 8464 1.000000
8464 RZ3PI 8453 1.000000
8464 RZPIHalf 8468 1.000000
8464 S 8466 1.000000
8464 X 8474 0.994605
8464 X 8464 0.001798
8464 X 8453 0.001798
8464 X 8473 0.001798
8466 SX 8543 0.994605
8466 SX 8544 0.001798
8466 SX 8545 0.001798
8466 SX 8546 0.001798
8466 RZPI 8466 1.000000
8466 RZ3PI 8468 1.000000
8466 RZPIHalf 8464 1.000000
8466 S 8453 1.000000
8466 X 8555 0.994605
8466 X 8466 0.001798
8466 X 8468 0.001798
8466 X 8556 0.001798
8468 SX 8545 0.994605
8468 SX 8546 0.001798
8468 SX 8543 0.001798
8468 SX 8544 0.001798
8468 RZPI 8468 1.000000
8468 RZ3PI 8466 1.000000
8468 RZPIHalf 8453 1.000000
8468 S 8464 1.000000
8468 X 8556 0.994605
8468 X 8468 0.001798
8468 X 8466 0.001798
8468 X 8555 0.001798
8473 SX 8459 0.994605
8473 SX 8458 0.001798
8473 SX 8461 0.001798
8473 SX 8460 0.001798
8473 RZPI 8473 1.000000
8473 RZ3PI 8474 1.000000
8473 RZPIHalf 8556 1.000000
8473 S 8555 1.000000
8473 X 8453 0.994605
8473 X 8473 0.001798
8473 X 8474 0.001798
8473 X 8464 0.001798
8474 SX 8461 0.994605
8474 SX 8460 0.001798
8474 SX 8459 0.001798
8474 SX 8458 0.001798
8474 RZPI 8474 1.000000
8474 RZ3PI 8473 1.000000
8474 RZPIHalf 8555 1.000000
8474 S 8556 1.000000
8474 X 8464 0.994605
8474 X 8474 0.001798
8474 X 8473 0.001798
8474 X 8453 0.001798
8482 SX 8597 0.994605
8482 SX 8598 0.001798
8482 SX 8599 0.001798
8482 SX 8600 0.001798
8482 RZPI 8482 1.000000
8482 RZ3PI 8484 1.000000
8482 RZPIHalf 8461 1.000000
8482 S 8458 1.000000
8482 X 8498 0.994605
8482 X 8482 0.001798
8482 X 8484 0.001798
8482 X 8496 0.001798
8484 SX 8599 0.994605
8484 SX 8600 0.001798
8484 SX 8597 0.001798
8484 SX 8598 0.001798
8484 RZPI 8484 1.000000
8484 RZ3PI 8482 1.000000
8484 RZPIHalf 8458 1.000000
8484 S 8461 1.000000
8484 X 8496 0.994605
8484 X 8484 0.001798
8484 X 8482 0.001798
8484 X 8498 0.001798
8496 SX 8600 0.994605
8496 SX 8599 0.001798
8496 SX 8598 0.001798
8496 SX 8597 0.001798
8496 RZPI 8496 1.000000
8496 RZ3PI 8498 1.000000
8496 RZPIHalf 8460 1.000000
8496 S 8459 1.000000
8496 X 8484 0.994605
8496 X 8496 0.001798
8496 X 8498 0.001798
8496 X 8482 0.001798
8498 SX 8598 0.994605
8498 SX 8597 0.001798
8498 SX 8600 0.001798
8498 SX 8599 0.001798
8498 RZPI 8498 1.000000
8498 RZ3PI 8496 1.000000
8498 RZPIHalf 8459 1.000000
8498 S 8460 1.000000
8498 X 8482 0.994605
8498 X 8498 0.001798
8498 X 8496 0.001798
8498 X 8484 0.001798
8543 SX 8555 0.994605
8543 SX 8466 0.001798
8543 SX 8468 0.001798
8543 SX 8556 0.001798
8543 RZPI 8543 1.000000
8543 RZ3PI 8546 1.000000
8543 RZPIHalf 8597 1.000000
8543 S 8600 1.000000
8543 X 8544 0.994605
8543 X 8543 0.001798
8543 X 8546 0.001798
8543 X 8545 0.001798
8544 SX 8466 0.994605
8544 SX 8555 0.001798
8544 SX 8556 0.001798
8544 SX 8468 0.001798
8544 RZPI 8544 1.000000
8544 RZ3PI 8545 1.000000
8544 RZPIHalf 8599 1.000000
8544 S 8598 1.000000
8544 X 8543 0.994605
8544 X 8544 0.001798
8544 X 8545 0.001798
8544 X 8546 0.001798
8545 SX 8556 0.994605
8545 SX 8468 0.001798
8545 SX 8466 0.001798
8545 SX 8555 0.001798
8545 RZPI 8545 1.000000
8545 RZ3PI 8544 1.000000
8545 RZPIHalf 8598 1.000000
8545 S 8599 1.000000
8545 X 8546 0.994605
8545 X 8545 0.001798
8545 X 8544 0.001798
8545 X 8543 0.001798
8546 SX 8468 0.994605
8546 SX 8556 0.001798
8546 SX 8555 0.001798
8546 SX 8466 0.001798
8546 RZPI 8546 1.000000
8546 RZ3PI 8543 1.000000
8546 RZPIHalf 8600 1.000000
8546 S 8597 1.000000
8546 X 8545 0.994605
8546 X 8546 0.001798
8546 X 8543 0.001798
8546 X 8544 0.001798
8555 SX 8544 0.994605
8555 SX 8543 0.001798
8555 SX 8546 0.001798
8555 SX 8545 0.001798
8555 RZPI 8555 1.000000
8555 RZ3PI 8556 1.000000
8555 RZPIHalf 8473 1.000000
8555 S 8474 1.000000
8555 X 8466 0.994605
8555 X 8555 0.001798
8555 X 8556 0.001798
8555 X 8468 0.001798
8556 SX 8546 0.994605
8556 SX 8545 0.001798
8556 SX 8544 0.001798
8556 SX 8543 0.001798
8556 RZPI 8556 1.000000
8556 RZ3PI 8555 1.000000
8556 RZPIHalf 8474 1.000000
8556 S 8473 1.000000
8556 X 8468 0.994605
8556 X 8556 0.001798
8556 X 8555 0.001798
8556 X 8466 0.001798
8597 SX 8498 0.994605
8597 SX 8482 0.001798
8597 SX 8484 0.001798
8597 SX 8496 0.001798
8597 RZPI 8597 1.000000
8597 RZ3PI 8600 1.000000
8597 RZPIHalf 8546 1.000000
8597 S 8543 1.000000
8597 X 8598 0.994605
8597 X 8597 0.001798
8597 X 8600 0.001798
8597 X 8599 0.001798
8598 SX 8482 0.994605
8598 SX 8498 0.001798
8598 SX 8496 0.001798
8598 SX 8484 0.001798
8598 RZPI 8598 1.000000
8598 RZ3PI 8599 1.000000
8598 RZPIHalf 8544 1.000000
8598 S 8545 1.000000
8598 X 8597 0.994605
8598 X 8598 0.001798
8598 X 8599 0.001798
8598 X 8600 0.001798
8599 SX 8496 0.994605
8599 SX 8484 0.001798
8599 SX 8482 0.001798
8599 SX 8498 0.001798
8599 RZPI 8599 1.000000
8599 RZ3PI 8598 1.000000
8599 RZPIHalf 8545 1.000000
8599 S 8544 1.000000
8599 X 8600 0.994605
8599 X 8599 0.001798
8599 X 8598 0.001798
8599 X 8597 0.001798
8600 SX 8484 0.994605
8600 SX 8496 0.001798
8600 SX 8498 0.001798
8600 SX 8482 0.001798
8600 RZPI 8600 1.000000
8600 RZ3PI 8597 1.000000
8600 RZPIHalf 8543 1.000000
8600 S 8546 1.000000
8600 X 8599 0.994605
8600 X 8600 0.001798
8600 X 8597 0.001798
8600 X 8598 0.001798
ENDPOMDP
