BEGINPOMDP
INITIALSTATE: 7826
STATES: 7826,7827,7832,7833,7834,7835,7838,7840,7842,7971,7972,7973,7974,7847,7848,7856,7858,7870,7872,7917,7918,7919,7920,7929,7930
REWARDS: 7826:0,7827:0,7832:0,7833:0,7834:0,7835:0,7838:0,7840:0,7842:0,7971:0,7972:0,7973:0,7974:0,7847:0,7848:1,7856:0,7858:0,7870:0,7872:0,7917:0,7918:0,7919:0,7920:0,7929:0,7930:0
GAMMA: 7826:0,7827:0,7832:0,7833:0,7834:0,7835:0,7838:0,7840:0,7842:0,7971:0,7972:0,7973:0,7974:0,7847:0,7848:0,7856:0,7858:0,7870:0,7872:0,7917:0,7918:0,7919:0,7920:0,7929:0,7930:0
BEGINACTIONS
SX
RZPI
RZ3PI
RZPIHalf
S
X
ENDACTIONS
7826 INIT_ 7827 1.000000
7827 SX 7832 0.999199
7827 SX 7833 0.000267
7827 SX 7834 0.000267
7827 SX 7835 0.000267
7827 RZPI 7827 1.000000
7827 RZ3PI 7838 1.000000
7827 RZPIHalf 7840 1.000000
7827 S 7842 1.000000
7827 X 7847 0.999199
7827 X 7827 0.000267
7827 X 7838 0.000267
7827 X 7848 0.000267
7832 SX 7847 0.999199
7832 SX 7827 0.000267
7832 SX 7838 0.000267
7832 SX 7848 0.000267
7832 RZPI 7832 1.000000
7832 RZ3PI 7835 1.000000
7832 RZPIHalf 7856 1.000000
7832 S 7858 1.000000
7832 X 7833 0.999199
7832 X 7832 0.000267
7832 X 7835 0.000267
7832 X 7834 0.000267
7833 SX 7827 0.999199
7833 SX 7847 0.000267
7833 SX 7848 0.000267
7833 SX 7838 0.000267
7833 RZPI 7833 1.000000
7833 RZ3PI 7834 1.000000
7833 RZPIHalf 7870 1.000000
7833 S 7872 1.000000
7833 X 7832 0.999199
7833 X 7833 0.000267
7833 X 7834 0.000267
7833 X 7835 0.000267
7834 SX 7848 0.999199
7834 SX 7838 0.000267
7834 SX 7827 0.000267
7834 SX 7847 0.000267
7834 RZPI 7834 1.000000
7834 RZ3PI 7833 1.000000
7834 RZPIHalf 7872 1.000000
7834 S 7870 1.000000
7834 X 7835 0.999199
7834 X 7834 0.000267
7834 X 7833 0.000267
7834 X 7832 0.000267
7835 SX 7838 0.999199
7835 SX 7848 0.000267
7835 SX 7847 0.000267
7835 SX 7827 0.000267
7835 RZPI 7835 1.000000
7835 RZ3PI 7832 1.000000
7835 RZPIHalf 7858 1.000000
7835 S 7856 1.000000
7835 X 7834 0.999199
7835 X 7835 0.000267
7835 X 7832 0.000267
7835 X 7833 0.000267
7838 SX 7834 0.999199
7838 SX 7835 0.000267
7838 SX 7832 0.000267
7838 SX 7833 0.000267
7838 RZPI 7838 1.000000
7838 RZ3PI 7827 1.000000
7838 RZPIHalf 7842 1.000000
7838 S 7840 1.000000
7838 X 7848 0.999199
7838 X 7838 0.000267
7838 X 7827 0.000267
7838 X 7847 0.000267
7840 SX 7917 0.999199
7840 SX 7918 0.000267
7840 SX 7919 0.000267
7840 SX 7920 0.000267
7840 RZPI 7840 1.000000
7840 RZ3PI 7842 1.000000
7840 RZPIHalf 7838 1.000000
7840 S 7827 1.000000
7840 X 7929 0.999199
7840 X 7840 0.000267
7840 X 7842 0.000267
7840 X 7930 0.000267
7842 SX 7919 0.999199
7842 SX 7920 0.000267
7842 SX 7917 0.000267
7842 SX 7918 0.000267
7842 RZPI 7842 1.000000
7842 RZ3PI 7840 1.000000
7842 RZPIHalf 7827 1.000000
7842 S 7838 1.000000
7842 X 7930 0.999199
7842 X 7842 0.000267
7842 X 7840 0.000267
7842 X 7929 0.000267
7847 SX 7833 0.999199
7847 SX 7832 0.000267
7847 SX 7835 0.000267
7847 SX 7834 0.000267
7847 RZPI 7847 1.000000
7847 RZ3PI 7848 1.000000
7847 RZPIHalf 7930 1.000000
7847 S 7929 1.000000
7847 X 7827 0.999199
7847 X 7847 0.000267
7847 X 7848 0.000267
7847 X 7838 0.000267
7848 SX 7835 0.999199
7848 SX 7834 0.000267
7848 SX 7833 0.000267
7848 SX 7832 0.000267
7848 RZPI 7848 1.000000
7848 RZ3PI 7847 1.000000
7848 RZPIHalf 7929 1.000000
7848 S 7930 1.000000
7848 X 7838 0.999199
7848 X 7848 0.000267
7848 X 7847 0.000267
7848 X 7827 0.000267
7856 SX 7971 0.999199
7856 SX 7972 0.000267
7856 SX 7973 0.000267
7856 SX 7974 0.000267
7856 RZPI 7856 1.000000
7856 RZ3PI 7858 1.000000
7856 RZPIHalf 7835 1.000000
7856 S 7832 1.000000
7856 X 7872 0.999199
7856 X 7856 0.000267
7856 X 7858 0.000267
7856 X 7870 0.000267
7858 SX 7973 0.999199
7858 SX 7974 0.000267
7858 SX 7971 0.000267
7858 SX 7972 0.000267
7858 RZPI 7858 1.000000
7858 RZ3PI 7856 1.000000
7858 RZPIHalf 7832 1.000000
7858 S 7835 1.000000
7858 X 7870 0.999199
7858 X 7858 0.000267
7858 X 7856 0.000267
7858 X 7872 0.000267
7870 SX 7974 0.999199
7870 SX 7973 0.000267
7870 SX 7972 0.000267
7870 SX 7971 0.000267
7870 RZPI 7870 1.000000
7870 RZ3PI 7872 1.000000
7870 RZPIHalf 7834 1.000000
7870 S 7833 1.000000
7870 X 7858 0.999199
7870 X 7870 0.000267
7870 X 7872 0.000267
7870 X 7856 0.000267
7872 SX 7972 0.999199
7872 SX 7971 0.000267
7872 SX 7974 0.000267
7872 SX 7973 0.000267
7872 RZPI 7872 1.000000
7872 RZ3PI 7870 1.000000
7872 RZPIHalf 7833 1.000000
7872 S 7834 1.000000
7872 X 7856 0.999199
7872 X 7872 0.000267
7872 X 7870 0.000267
7872 X 7858 0.000267
7917 SX 7929 0.999199
7917 SX 7840 0.000267
7917 SX 7842 0.000267
7917 SX 7930 0.000267
7917 RZPI 7917 1.000000
7917 RZ3PI 7920 1.000000
7917 RZPIHalf 7971 1.000000
7917 S 7974 1.000000
7917 X 7918 0.999199
7917 X 7917 0.000267
7917 X 7920 0.000267
7917 X 7919 0.000267
7918 SX 7840 0.999199
7918 SX 7929 0.000267
7918 SX 7930 0.000267
7918 SX 7842 0.000267
7918 RZPI 7918 1.000000
7918 RZ3PI 7919 1.000000
7918 RZPIHalf 7973 1.000000
7918 S 7972 1.000000
7918 X 7917 0.999199
7918 X 7918 0.000267
7918 X 7919 0.000267
7918 X 7920 0.000267
7919 SX 7930 0.999199
7919 SX 7842 0.000267
7919 SX 7840 0.000267
7919 SX 7929 0.000267
7919 RZPI 7919 1.000000
7919 RZ3PI 7918 1.000000
7919 RZPIHalf 7972 1.000000
7919 S 7973 1.000000
7919 X 7920 0.999199
7919 X 7919 0.000267
7919 X 7918 0.000267
7919 X 7917 0.000267
7920 SX 7842 0.999199
7920 SX 7930 0.000267
7920 SX 7929 0.000267
7920 SX 7840 0.000267
7920 RZPI 7920 1.000000
7920 RZ3PI 7917 1.000000
7920 RZPIHalf 7974 1.000000
7920 S 7971 1.000000
7920 X 7919 0.999199
7920 X 7920 0.000267
7920 X 7917 0.000267
7920 X 7918 0.000267
7929 SX 7918 0.999199
7929 SX 7917 0.000267
7929 SX 7920 0.000267
7929 SX 7919 0.000267
7929 RZPI 7929 1.000000
7929 RZ3PI 7930 1.000000
7929 RZPIHalf 7847 1.000000
7929 S 7848 1.000000
7929 X 7840 0.999199
7929 X 7929 0.000267
7929 X 7930 0.000267
7929 X 7842 0.000267
7930 SX 7920 0.999199
7930 SX 7919 0.000267
7930 SX 7918 0.000267
7930 SX 7917 0.000267
7930 RZPI 7930 1.000000
7930 RZ3PI 7929 1.000000
7930 RZPIHalf 7848 1.000000
7930 S 7847 1.000000
7930 X 7842 0.999199
7930 X 7930 0.000267
7930 X 7929 0.000267
7930 X 7840 0.000267
7971 SX 7872 0.999199
7971 SX 7856 0.000267
7971 SX 7858 0.000267
7971 SX 7870 0.000267
7971 RZPI 7971 1.000000
7971 RZ3PI 7974 1.000000
7971 RZPIHalf 7920 1.000000
7971 S 7917 1.000000
7971 X 7972 0.999199
7971 X 7971 0.000267
7971 X 7974 0.000267
7971 X 7973 0.000267
7972 SX 7856 0.999199
7972 SX 7872 0.000267
7972 SX 7870 0.000267
7972 SX 7858 0.000267
7972 RZPI 7972 1.000000
7972 RZ3PI 7973 1.000000
7972 RZPIHalf 7918 1.000000
7972 S 7919 1.000000
7972 X 7971 0.999199
7972 X 7972 0.000267
7972 X 7973 0.000267
7972 X 7974 0.000267
7973 SX 7870 0.999199
7973 SX 7858 0.000267
7973 SX 7856 0.000267
7973 SX 7872 0.000267
7973 RZPI 7973 1.000000
7973 RZ3PI 7972 1.000000
7973 RZPIHalf 7919 1.000000
7973 S 7918 1.000000
7973 X 7974 0.999199
7973 X 7973 0.000267
7973 X 7972 0.000267
7973 X 7971 0.000267
7974 SX 7858 0.999199
7974 SX 7870 0.000267
7974 SX 7872 0.000267
7974 SX 7856 0.000267
7974 RZPI 7974 1.000000
7974 RZ3PI 7971 1.000000
7974 RZPIHalf 7917 1.000000
7974 S 7920 1.000000
7974 X 7973 0.999199
7974 X 7974 0.000267
7974 X 7971 0.000267
7974 X 7972 0.000267
ENDPOMDP
