BEGINPOMDP
INITIALSTATE: 9391
STATES: 9482,9483,9484,9485,9494,9495,9391,9392,9397,9398,9399,9400,9403,9405,9407,9536,9537,9538,9539,9412,9413,9421,9423,9435,9437
REWARDS: 9482:0,9483:0,9484:0,9485:0,9494:0,9495:0,9391:0,9392:0,9397:0,9398:0,9399:0,9400:0,9403:0,9405:0,9407:0,9536:0,9537:0,9538:0,9539:0,9412:0,9413:1,9421:0,9423:0,9435:0,9437:0
GAMMA: 9482:0,9483:0,9484:0,9485:0,9494:0,9495:0,9391:0,9392:0,9397:0,9398:0,9399:0,9400:0,9403:0,9405:0,9407:0,9536:0,9537:0,9538:0,9539:0,9412:0,9413:0,9421:0,9423:0,9435:0,9437:0
BEGINACTIONS
SX
RZPI
RZ3PI
RZPIHalf
S
X
ENDACTIONS
9391 INIT_ 9392 1.000000
9392 SX 9397 0.998814
9392 SX 9398 0.000395
9392 SX 9399 0.000395
9392 SX 9400 0.000395
9392 RZPI 9392 1.000000
9392 RZ3PI 9403 1.000000
9392 RZPIHalf 9405 1.000000
9392 S 9407 1.000000
9392 X 9412 0.998814
9392 X 9392 0.000395
9392 X 9403 0.000395
9392 X 9413 0.000395
9397 SX 9412 0.998814
9397 SX 9392 0.000395
9397 SX 9403 0.000395
9397 SX 9413 0.000395
9397 RZPI 9397 1.000000
9397 RZ3PI 9400 1.000000
9397 RZPIHalf 9421 1.000000
9397 S 9423 1.000000
9397 X 9398 0.998814
9397 X 9397 0.000395
9397 X 9400 0.000395
9397 X 9399 0.000395
9398 SX 9392 0.998814
9398 SX 9412 0.000395
9398 SX 9413 0.000395
9398 SX 9403 0.000395
9398 RZPI 9398 1.000000
9398 RZ3PI 9399 1.000000
9398 RZPIHalf 9435 1.000000
9398 S 9437 1.000000
9398 X 9397 0.998814
9398 X 9398 0.000395
9398 X 9399 0.000395
9398 X 9400 0.000395
9399 SX 9413 0.998814
9399 SX 9403 0.000395
9399 SX 9392 0.000395
9399 SX 9412 0.000395
9399 RZPI 9399 1.000000
9399 RZ3PI 9398 1.000000
9399 RZPIHalf 9437 1.000000
9399 S 9435 1.000000
9399 X 9400 0.998814
9399 X 9399 0.000395
9399 X 9398 0.000395
9399 X 9397 0.000395
9400 SX 9403 0.998814
9400 SX 9413 0.000395
9400 SX 9412 0.000395
9400 SX 9392 0.000395
9400 RZPI 9400 1.000000
9400 RZ3PI 9397 1.000000
9400 RZPIHalf 9423 1.000000
9400 S 9421 1.000000
9400 X 9399 0.998814
9400 X 9400 0.000395
9400 X 9397 0.000395
9400 X 9398 0.000395
9403 SX 9399 0.998814
9403 SX 9400 0.000395
9403 SX 9397 0.000395
9403 SX 9398 0.000395
9403 RZPI 9403 1.000000
9403 RZ3PI 9392 1.000000
9403 RZPIHalf 9407 1.000000
9403 S 9405 1.000000
9403 X 9413 0.998814
9403 X 9403 0.000395
9403 X 9392 0.000395
9403 X 9412 0.000395
9405 SX 9482 0.998814
9405 SX 9483 0.000395
9405 SX 9484 0.000395
9405 SX 9485 0.000395
9405 RZPI 9405 1.000000
9405 RZ3PI 9407 1.000000
9405 RZPIHalf 9403 1.000000
9405 S 9392 1.000000
9405 X 9494 0.998814
9405 X 9405 0.000395
9405 X 9407 0.000395
9405 X 9495 0.000395
9407 SX 9484 0.998814
9407 SX 9485 0.000395
9407 SX 9482 0.000395
9407 SX 9483 0.000395
9407 RZPI 9407 1.000000
9407 RZ3PI 9405 1.000000
9407 RZPIHalf 9392 1.000000
9407 S 9403 1.000000
9407 X 9495 0.998814
9407 X 9407 0.000395
9407 X 9405 0.000395
9407 X 9494 0.000395
9412 SX 9398 0.998814
9412 SX 9397 0.000395
9412 SX 9400 0.000395
9412 SX 9399 0.000395
9412 RZPI 9412 1.000000
9412 RZ3PI 9413 1.000000
9412 RZPIHalf 9495 1.000000
9412 S 9494 1.000000
9412 X 9392 0.998814
9412 X 9412 0.000395
9412 X 9413 0.000395
9412 X 9403 0.000395
9413 SX 9400 0.998814
9413 SX 9399 0.000395
9413 SX 9398 0.000395
9413 SX 9397 0.000395
9413 RZPI 9413 1.000000
9413 RZ3PI 9412 1.000000
9413 RZPIHalf 9494 1.000000
9413 S 9495 1.000000
9413 X 9403 0.998814
9413 X 9413 0.000395
9413 X 9412 0.000395
9413 X 9392 0.000395
9421 SX 9536 0.998814
9421 SX 9537 0.000395
9421 SX 9538 0.000395
9421 SX 9539 0.000395
9421 RZPI 9421 1.000000
9421 RZ3PI 9423 1.000000
9421 RZPIHalf 9400 1.000000
9421 S 9397 1.000000
9421 X 9437 0.998814
9421 X 9421 0.000395
9421 X 9423 0.000395
9421 X 9435 0.000395
9423 SX 9538 0.998814
9423 SX 9539 0.000395
9423 SX 9536 0.000395
9423 SX 9537 0.000395
9423 RZPI 9423 1.000000
9423 RZ3PI 9421 1.000000
9423 RZPIHalf 9397 1.000000
9423 S 9400 1.000000
9423 X 9435 0.998814
9423 X 9423 0.000395
9423 X 9421 0.000395
9423 X 9437 0.000395
9435 SX 9539 0.998814
9435 SX 9538 0.000395
9435 SX 9537 0.000395
9435 SX 9536 0.000395
9435 RZPI 9435 1.000000
9435 RZ3PI 9437 1.000000
9435 RZPIHalf 9399 1.000000
9435 S 9398 1.000000
9435 X 9423 0.998814
9435 X 9435 0.000395
9435 X 9437 0.000395
9435 X 9421 0.000395
9437 SX 9537 0.998814
9437 SX 9536 0.000395
9437 SX 9539 0.000395
9437 SX 9538 0.000395
9437 RZPI 9437 1.000000
9437 RZ3PI 9435 1.000000
9437 RZPIHalf 9398 1.000000
9437 S 9399 1.000000
9437 X 9421 0.998814
9437 X 9437 0.000395
9437 X 9435 0.000395
9437 X 9423 0.000395
9482 SX 9494 0.998814
9482 SX 9405 0.000395
9482 SX 9407 0.000395
9482 SX 9495 0.000395
9482 RZPI 9482 1.000000
9482 RZ3PI 9485 1.000000
9482 RZPIHalf 9536 1.000000
9482 S 9539 1.000000
9482 X 9483 0.998814
9482 X 9482 0.000395
9482 X 9485 0.000395
9482 X 9484 0.000395
9483 SX 9405 0.998814
9483 SX 9494 0.000395
9483 SX 9495 0.000395
9483 SX 9407 0.000395
9483 RZPI 9483 1.000000
9483 RZ3PI 9484 1.000000
9483 RZPIHalf 9538 1.000000
9483 S 9537 1.000000
9483 X 9482 0.998814
9483 X 9483 0.000395
9483 X 9484 0.000395
9483 X 9485 0.000395
9484 SX 9495 0.998814
9484 SX 9407 0.000395
9484 SX 9405 0.000395
9484 SX 9494 0.000395
9484 RZPI 9484 1.000000
9484 RZ3PI 9483 1.000000
9484 RZPIHalf 9537 1.000000
9484 S 9538 1.000000
9484 X 9485 0.998814
9484 X 9484 0.000395
9484 X 9483 0.000395
9484 X 9482 0.000395
9485 SX 9407 0.998814
9485 SX 9495 0.000395
9485 SX 9494 0.000395
9485 SX 9405 0.000395
9485 RZPI 9485 1.000000
9485 RZ3PI 9482 1.000000
9485 RZPIHalf 9539 1.000000
9485 S 9536 1.000000
9485 X 9484 0.998814
9485 X 9485 0.000395
9485 X 9482 0.000395
9485 X 9483 0.000395
9494 SX 9483 0.998814
9494 SX 9482 0.000395
9494 SX 9485 0.000395
9494 SX 9484 0.000395
9494 RZPI 9494 1.000000
9494 RZ3PI 9495 1.000000
9494 RZPIHalf 9412 1.000000
9494 S 9413 1.000000
9494 X 9405 0.998814
9494 X 9494 0.000395
9494 X 9495 0.000395
9494 X 9407 0.000395
9495 SX 9485 0.998814
9495 SX 9484 0.000395
9495 SX 9483 0.000395
9495 SX 9482 0.000395
9495 RZPI 9495 1.000000
9495 RZ3PI 9494 1.000000
9495 RZPIHalf 9413 1.000000
9495 S 9412 1.000000
9495 X 9407 0.998814
9495 X 9495 0.000395
9495 X 9494 0.000395
9495 X 9405 0.000395
9536 SX 9437 0.998814
9536 SX 9421 0.000395
9536 SX 9423 0.000395
9536 SX 9435 0.000395
9536 RZPI 9536 1.000000
9536 RZ3PI 9539 1.000000
9536 RZPIHalf 9485 1.000000
9536 S 9482 1.000000
9536 X 9537 0.998814
9536 X 9536 0.000395
9536 X 9539 0.000395
9536 X 9538 0.000395
9537 SX 9421 0.998814
9537 SX 9437 0.000395
9537 SX 9435 0.000395
9537 SX 9423 0.000395
9537 RZPI 9537 1.000000
9537 RZ3PI 9538 1.000000
9537 RZPIHalf 9483 1.000000
9537 S 9484 1.000000
9537 X 9536 0.998814
9537 X 9537 0.000395
9537 X 9538 0.000395
9537 X 9539 0.000395
9538 SX 9435 0.998814
9538 SX 9423 0.000395
9538 SX 9421 0.000395
9538 SX 9437 0.000395
9538 RZPI 9538 1.000000
9538 RZ3PI 9537 1.000000
9538 RZPIHalf 9484 1.000000
9538 S 9483 1.000000
9538 X 9539 0.998814
9538 X 9538 0.000395
9538 X 9537 0.000395
9538 X 9536 0.000395
9539 SX 9423 0.998814
9539 SX 9435 0.000395
9539 SX 9437 0.000395
9539 SX 9421 0.000395
9539 RZPI 9539 1.000000
9539 RZ3PI 9536 1.000000
9539 RZPIHalf 9482 1.000000
9539 S 9485 1.000000
9539 X 9538 0.998814
9539 X 9539 0.000395
9539 X 9536 0.000395
9539 X 9537 0.000395
ENDPOMDP
