BEGINPOMDP
INITIALSTATE: 8139
STATES: 8230,8231,8232,8233,8242,8243,8139,8140,8145,8146,8147,8148,8151,8153,8155,8284,8285,8286,8287,8160,8161,8169,8171,8183,8185
REWARDS: 8230:0,8231:0,8232:0,8233:0,8242:0,8243:0,8139:0,8140:0,8145:0,8146:0,8147:0,8148:0,8151:0,8153:0,8155:0,8284:0,8285:0,8286:0,8287:0,8160:0,8161:1,8169:0,8171:0,8183:0,8185:0
GAMMA: 8230:0,8231:0,8232:0,8233:0,8242:0,8243:0,8139:0,8140:0,8145:0,8146:0,8147:0,8148:0,8151:0,8153:0,8155:0,8284:0,8285:0,8286:0,8287:0,8160:0,8161:0,8169:0,8171:0,8183:0,8185:0
BEGINACTIONS
SX
RZPI
RZ3PI
RZPIHalf
S
X
ENDACTIONS
8139 INIT_ 8140 1.000000
8140 SX 8145 0.999641
8140 SX 8146 0.000120
8140 SX 8147 0.000120
8140 SX 8148 0.000120
8140 RZPI 8140 1.000000
8140 RZ3PI 8151 1.000000
8140 RZPIHalf 8153 1.000000
8140 S 8155 1.000000
8140 X 8160 0.999641
8140 X 8140 0.000120
8140 X 8151 0.000120
8140 X 8161 0.000120
8145 SX 8160 0.999641
8145 SX 8140 0.000120
8145 SX 8151 0.000120
8145 SX 8161 0.000120
8145 RZPI 8145 1.000000
8145 RZ3PI 8148 1.000000
8145 RZPIHalf 8169 1.000000
8145 S 8171 1.000000
8145 X 8146 0.999641
8145 X 8145 0.000120
8145 X 8148 0.000120
8145 X 8147 0.000120
8146 SX 8140 0.999641
8146 SX 8160 0.000120
8146 SX 8161 0.000120
8146 SX 8151 0.000120
8146 RZPI 8146 1.000000
8146 RZ3PI 8147 1.000000
8146 RZPIHalf 8183 1.000000
8146 S 8185 1.000000
8146 X 8145 0.999641
8146 X 8146 0.000120
8146 X 8147 0.000120
8146 X 8148 0.000120
8147 SX 8161 0.999641
8147 SX 8151 0.000120
8147 SX 8140 0.000120
8147 SX 8160 0.000120
8147 RZPI 8147 1.000000
8147 RZ3PI 8146 1.000000
8147 RZPIHalf 8185 1.000000
8147 S 8183 1.000000
8147 X 8148 0.999641
8147 X 8147 0.000120
8147 X 8146 0.000120
8147 X 8145 0.000120
8148 SX 8151 0.999641
8148 SX 8161 0.000120
8148 SX 8160 0.000120
8148 SX 8140 0.000120
8148 RZPI 8148 1.000000
8148 RZ3PI 8145 1.000000
8148 RZPIHalf 8171 1.000000
8148 S 8169 1.000000
8148 X 8147 0.999641
8148 X 8148 0.000120
8148 X 8145 0.000120
8148 X 8146 0.000120
8151 SX 8147 0.999641
8151 SX 8148 0.000120
8151 SX 8145 0.000120
8151 SX 8146 0.000120
8151 RZPI 8151 1.000000
8151 RZ3PI 8140 1.000000
8151 RZPIHalf 8155 1.000000
8151 S 8153 1.000000
8151 X 8161 0.999641
8151 X 8151 0.000120
8151 X 8140 0.000120
8151 X 8160 0.000120
8153 SX 8230 0.999641
8153 SX 8231 0.000120
8153 SX 8232 0.000120
8153 SX 8233 0.000120
8153 RZPI 8153 1.000000
8153 RZ3PI 8155 1.000000
8153 RZPIHalf 8151 1.000000
8153 S 8140 1.000000
8153 X 8242 0.999641
8153 X 8153 0.000120
8153 X 8155 0.000120
8153 X 8243 0.000120
8155 SX 8232 0.999641
8155 SX 8233 0.000120
8155 SX 8230 0.000120
8155 SX 8231 0.000120
8155 RZPI 8155 1.000000
8155 RZ3PI 8153 1.000000
8155 RZPIHalf 8140 1.000000
8155 S 8151 1.000000
8155 X 8243 0.999641
8155 X 8155 0.000120
8155 X 8153 0.000120
8155 X 8242 0.000120
8160 SX 8146 0.999641
8160 SX 8145 0.000120
8160 SX 8148 0.000120
8160 SX 8147 0.000120
8160 RZPI 8160 1.000000
8160 RZ3PI 8161 1.000000
8160 RZPIHalf 8243 1.000000
8160 S 8242 1.000000
8160 X 8140 0.999641
8160 X 8160 0.000120
8160 X 8161 0.000120
8160 X 8151 0.000120
8161 SX 8148 0.999641
8161 SX 8147 0.000120
8161 SX 8146 0.000120
8161 SX 8145 0.000120
8161 RZPI 8161 1.000000
8161 RZ3PI 8160 1.000000
8161 RZPIHalf 8242 1.000000
8161 S 8243 1.000000
8161 X 8151 0.999641
8161 X 8161 0.000120
8161 X 8160 0.000120
8161 X 8140 0.000120
8169 SX 8284 0.999641
8169 SX 8285 0.000120
8169 SX 8286 0.000120
8169 SX 8287 0.000120
8169 RZPI 8169 1.000000
8169 RZ3PI 8171 1.000000
8169 RZPIHalf 8148 1.000000
8169 S 8145 1.000000
8169 X 8185 0.999641
8169 X 8169 0.000120
8169 X 8171 0.000120
8169 X 8183 0.000120
8171 SX 8286 0.999641
8171 SX 8287 0.000120
8171 SX 8284 0.000120
8171 SX 8285 0.000120
8171 RZPI 8171 1.000000
8171 RZ3PI 8169 1.000000
8171 RZPIHalf 8145 1.000000
8171 S 8148 1.000000
8171 X 8183 0.999641
8171 X 8171 0.000120
8171 X 8169 0.000120
8171 X 8185 0.000120
8183 SX 8287 0.999641
8183 SX 8286 0.000120
8183 SX 8285 0.000120
8183 SX 8284 0.000120
8183 RZPI 8183 1.000000
8183 RZ3PI 8185 1.000000
8183 RZPIHalf 8147 1.000000
8183 S 8146 1.000000
8183 X 8171 0.999641
8183 X 8183 0.000120
8183 X 8185 0.000120
8183 X 8169 0.000120
8185 SX 8285 0.999641
8185 SX 8284 0.000120
8185 SX 8287 0.000120
8185 SX 8286 0.000120
8185 RZPI 8185 1.000000
8185 RZ3PI 8183 1.000000
8185 RZPIHalf 8146 1.000000
8185 S 8147 1.000000
8185 X 8169 0.999641
8185 X 8185 0.000120
8185 X 8183 0.000120
8185 X 8171 0.000120
8230 SX 8242 0.999641
8230 SX 8153 0.000120
8230 SX 8155 0.000120
8230 SX 8243 0.000120
8230 RZPI 8230 1.000000
8230 RZ3PI 8233 1.000000
8230 RZPIHalf 8284 1.000000
8230 S 8287 1.000000
8230 X 8231 0.999641
8230 X 8230 0.000120
8230 X 8233 0.000120
8230 X 8232 0.000120
8231 SX 8153 0.999641
8231 SX 8242 0.000120
8231 SX 8243 0.000120
8231 SX 8155 0.000120
8231 RZPI 8231 1.000000
8231 RZ3PI 8232 1.000000
8231 RZPIHalf 8286 1.000000
8231 S 8285 1.000000
8231 X 8230 0.999641
8231 X 8231 0.000120
8231 X 8232 0.000120
8231 X 8233 0.000120
8232 SX 8243 0.999641
8232 SX 8155 0.000120
8232 SX 8153 0.000120
8232 SX 8242 0.000120
8232 RZPI 8232 1.000000
8232 RZ3PI 8231 1.000000
8232 RZPIHalf 8285 1.000000
8232 S 8286 1.000000
8232 X 8233 0.999641
8232 X 8232 0.000120
8232 X 8231 0.000120
8232 X 8230 0.000120
8233 SX 8155 0.999641
8233 SX 8243 0.000120
8233 SX 8242 0.000120
8233 SX 8153 0.000120
8233 RZPI 8233 1.000000
8233 RZ3PI 8230 1.000000
8233 RZPIHalf 8287 1.000000
8233 S 8284 1.000000
8233 X 8232 0.999641
8233 X 8233 0.000120
8233 X 8230 0.000120
8233 X 8231 0.000120
8242 SX 8231 0.999641
8242 SX 8230 0.000120
8242 SX 8233 0.000120
8242 SX 8232 0.000120
8242 RZPI 8242 1.000000
8242 RZ3PI 8243 1.000000
8242 RZPIHalf 8160 1.000000
8242 S 8161 1.000000
8242 X 8153 0.999641
8242 X 8242 0.000120
8242 X 8243 0.000120
8242 X 8155 0.000120
8243 SX 8233 0.999641
8243 SX 8232 0.000120
8243 SX 8231 0.000120
8243 SX 8230 0.000120
8243 RZPI 8243 1.000000
8243 RZ3PI 8242 1.000000
8243 RZPIHalf 8161 1.000000
8243 S 8160 1.000000
8243 X 8155 0.999641
8243 X 8243 0.000120
8243 X 8242 0.000120
8243 X 8153 0.000120
8284 SX 8185 0.999641
8284 SX 8169 0.000120
8284 SX 8171 0.000120
8284 SX 8183 0.000120
8284 RZPI 8284 1.000000
8284 RZ3PI 8287 1.000000
8284 RZPIHalf 8233 1.000000
8284 S 8230 1.000000
8284 X 8285 0.999641
8284 X 8284 0.000120
8284 X 8287 0.000120
8284 X 8286 0.000120
8285 SX 8169 0.999641
8285 SX 8185 0.000120
8285 SX 8183 0.000120
8285 SX 8171 0.000120
8285 RZPI 8285 1.000000
8285 RZ3PI 8286 1.000000
8285 RZPIHalf 8231 1.000000
8285 S 8232 1.000000
8285 X 8284 0.999641
8285 X 8285 0.000120
8285 X 8286 0.000120
8285 X 8287 0.000120
8286 SX 8183 0.999641
8286 SX 8171 0.000120
8286 SX 8169 0.000120
8286 SX 8185 0.000120
8286 RZPI 8286 1.000000
8286 RZ3PI 8285 1.000000
8286 RZPIHalf 8232 1.000000
8286 S 8231 1.000000
8286 X 8287 0.999641
8286 X 8286 0.000120
8286 X 8285 0.000120
8286 X 8284 0.000120
8287 SX 8171 0.999641
8287 SX 8183 0.000120
8287 SX 8185 0.000120
8287 SX 8169 0.000120
8287 RZPI 8287 1.000000
8287 RZ3PI 8284 1.000000
8287 RZPIHalf 8230 1.000000
8287 S 8233 1.000000
8287 X 8286 0.999641
8287 X 8287 0.000120
8287 X 8284 0.000120
8287 X 8285 0.000120
ENDPOMDP
