BEGINPOMDP
INITIALSTATE: 26600
STATES: 26637,26769,26770,26771,26772,26656,26675,26694,26713,26845,26846,26847,26848,26600,26601,26732,26606,26607,26608,26613,26614,26615,26616,26618,26751
REWARDS: 26637:0,26769:0,26770:0,26771:0,26772:0,26656:0,26675:0,26694:0,26713:0,26845:0,26846:0,26847:0,26848:0,26600:0,26601:0,26732:0,26606:1,26607:0,26608:0,26613:0,26614:0,26615:0,26616:0,26618:0,26751:0
GAMMA: 26637:0,26769:0,26770:0,26771:0,26772:0,26656:0,26675:0,26694:0,26713:0,26845:0,26846:0,26847:0,26848:0,26600:0,26601:0,26732:0,26606:0,26607:0,26608:0,26613:0,26614:0,26615:0,26616:0,26618:0,26751:0
BEGINACTIONS
U3
H
S
Z
X
RY
ENDACTIONS
26600 INIT_ 26601 1.000000
26601 U3 26606 0.978003
26601 U3 26607 0.007332
26601 U3 26601 0.007332
26601 U3 26608 0.007332
26601 H 26613 0.989002
26601 H 26614 0.003666
26601 H 26615 0.003666
26601 H 26616 0.003666
26601 S 26618 1.000000
26601 Z 26607 1.000000
26601 X 26608 0.978003
26601 X 26601 0.007332
26601 X 26607 0.007332
26601 X 26606 0.007332
26601 RY 26606 0.978003
26601 RY 26607 0.007332
26601 RY 26601 0.007332
26601 RY 26608 0.007332
26606 U3 26601 0.978003
26606 U3 26608 0.007332
26606 U3 26606 0.007332
26606 U3 26607 0.007332
26606 H 26615 0.989002
26606 H 26616 0.003666
26606 H 26613 0.003666
26606 H 26614 0.003666
26606 S 26637 1.000000
26606 Z 26608 1.000000
26606 X 26607 0.978003
26606 X 26606 0.007332
26606 X 26608 0.007332
26606 X 26601 0.007332
26606 RY 26601 0.978003
26606 RY 26608 0.007332
26606 RY 26606 0.007332
26606 RY 26607 0.007332
26607 U3 26608 0.978003
26607 U3 26601 0.007332
26607 U3 26607 0.007332
26607 U3 26606 0.007332
26607 H 26614 0.989002
26607 H 26613 0.003666
26607 H 26616 0.003666
26607 H 26615 0.003666
26607 S 26656 1.000000
26607 Z 26601 1.000000
26607 X 26606 0.978003
26607 X 26607 0.007332
26607 X 26601 0.007332
26607 X 26608 0.007332
26607 RY 26608 0.978003
26607 RY 26601 0.007332
26607 RY 26607 0.007332
26607 RY 26606 0.007332
26608 U3 26607 0.978003
26608 U3 26606 0.007332
26608 U3 26608 0.007332
26608 U3 26601 0.007332
26608 H 26616 0.989002
26608 H 26615 0.003666
26608 H 26614 0.003666
26608 H 26613 0.003666
26608 S 26675 1.000000
26608 Z 26606 1.000000
26608 X 26601 0.978003
26608 X 26608 0.007332
26608 X 26606 0.007332
26608 X 26607 0.007332
26608 RY 26607 0.978003
26608 RY 26606 0.007332
26608 RY 26608 0.007332
26608 RY 26601 0.007332
26613 U3 26615 0.978003
26613 U3 26616 0.007332
26613 U3 26613 0.007332
26613 U3 26614 0.007332
26613 H 26601 0.989002
26613 H 26608 0.003666
26613 H 26606 0.003666
26613 H 26607 0.003666
26613 S 26694 1.000000
26613 Z 26616 1.000000
26613 X 26614 0.978003
26613 X 26613 0.007332
26613 X 26616 0.007332
26613 X 26615 0.007332
26613 RY 26615 0.978003
26613 RY 26616 0.007332
26613 RY 26613 0.007332
26613 RY 26614 0.007332
26614 U3 26616 0.978003
26614 U3 26615 0.007332
26614 U3 26614 0.007332
26614 U3 26613 0.007332
26614 H 26607 0.989002
26614 H 26606 0.003666
26614 H 26608 0.003666
26614 H 26601 0.003666
26614 S 26713 1.000000
26614 Z 26615 1.000000
26614 X 26613 0.978003
26614 X 26614 0.007332
26614 X 26615 0.007332
26614 X 26616 0.007332
26614 RY 26616 0.978003
26614 RY 26615 0.007332
26614 RY 26614 0.007332
26614 RY 26613 0.007332
26615 U3 26613 0.978003
26615 U3 26614 0.007332
26615 U3 26615 0.007332
26615 U3 26616 0.007332
26615 H 26606 0.989002
26615 H 26607 0.003666
26615 H 26601 0.003666
26615 H 26608 0.003666
26615 S 26732 1.000000
26615 Z 26614 1.000000
26615 X 26616 0.978003
26615 X 26615 0.007332
26615 X 26614 0.007332
26615 X 26613 0.007332
26615 RY 26613 0.978003
26615 RY 26614 0.007332
26615 RY 26615 0.007332
26615 RY 26616 0.007332
26616 U3 26614 0.978003
26616 U3 26613 0.007332
26616 U3 26616 0.007332
26616 U3 26615 0.007332
26616 H 26608 0.989002
26616 H 26601 0.003666
26616 H 26607 0.003666
26616 H 26606 0.003666
26616 S 26751 1.000000
26616 Z 26613 1.000000
26616 X 26615 0.978003
26616 X 26616 0.007332
26616 X 26613 0.007332
26616 X 26614 0.007332
26616 RY 26614 0.978003
26616 RY 26613 0.007332
26616 RY 26616 0.007332
26616 RY 26615 0.007332
26618 U3 26675 0.978003
26618 U3 26656 0.007332
26618 U3 26618 0.007332
26618 U3 26637 0.007332
26618 H 26769 0.989002
26618 H 26770 0.003666
26618 H 26771 0.003666
26618 H 26772 0.003666
26618 S 26607 1.000000
26618 Z 26656 1.000000
26618 X 26637 0.978003
26618 X 26618 0.007332
26618 X 26656 0.007332
26618 X 26675 0.007332
26618 RY 26675 0.978003
26618 RY 26656 0.007332
26618 RY 26618 0.007332
26618 RY 26637 0.007332
26637 U3 26656 0.978003
26637 U3 26675 0.007332
26637 U3 26637 0.007332
26637 U3 26618 0.007332
26637 H 26772 0.989002
26637 H 26771 0.003666
26637 H 26770 0.003666
26637 H 26769 0.003666
26637 S 26608 1.000000
26637 Z 26675 1.000000
26637 X 26618 0.978003
26637 X 26637 0.007332
26637 X 26675 0.007332
26637 X 26656 0.007332
26637 RY 26656 0.978003
26637 RY 26675 0.007332
26637 RY 26637 0.007332
26637 RY 26618 0.007332
26656 U3 26637 0.978003
26656 U3 26618 0.007332
26656 U3 26656 0.007332
26656 U3 26675 0.007332
26656 H 26770 0.989002
26656 H 26769 0.003666
26656 H 26772 0.003666
26656 H 26771 0.003666
26656 S 26601 1.000000
26656 Z 26618 1.000000
26656 X 26675 0.978003
26656 X 26656 0.007332
26656 X 26618 0.007332
26656 X 26637 0.007332
26656 RY 26637 0.978003
26656 RY 26618 0.007332
26656 RY 26656 0.007332
26656 RY 26675 0.007332
26675 U3 26618 0.978003
26675 U3 26637 0.007332
26675 U3 26675 0.007332
26675 U3 26656 0.007332
26675 H 26771 0.989002
26675 H 26772 0.003666
26675 H 26769 0.003666
26675 H 26770 0.003666
26675 S 26606 1.000000
26675 Z 26637 1.000000
26675 X 26656 0.978003
26675 X 26675 0.007332
26675 X 26637 0.007332
26675 X 26618 0.007332
26675 RY 26618 0.978003
26675 RY 26637 0.007332
26675 RY 26675 0.007332
26675 RY 26656 0.007332
26694 U3 26713 0.978003
26694 U3 26751 0.007332
26694 U3 26694 0.007332
26694 U3 26732 0.007332
26694 H 26845 0.989002
26694 H 26846 0.003666
26694 H 26847 0.003666
26694 H 26848 0.003666
26694 S 26616 1.000000
26694 Z 26751 1.000000
26694 X 26732 0.978003
26694 X 26694 0.007332
26694 X 26751 0.007332
26694 X 26713 0.007332
26694 RY 26713 0.978003
26694 RY 26751 0.007332
26694 RY 26694 0.007332
26694 RY 26732 0.007332
26713 U3 26694 0.978003
26713 U3 26732 0.007332
26713 U3 26713 0.007332
26713 U3 26751 0.007332
26713 H 26847 0.989002
26713 H 26848 0.003666
26713 H 26845 0.003666
26713 H 26846 0.003666
26713 S 26615 1.000000
26713 Z 26732 1.000000
26713 X 26751 0.978003
26713 X 26713 0.007332
26713 X 26732 0.007332
26713 X 26694 0.007332
26713 RY 26694 0.978003
26713 RY 26732 0.007332
26713 RY 26713 0.007332
26713 RY 26751 0.007332
26732 U3 26751 0.978003
26732 U3 26713 0.007332
26732 U3 26732 0.007332
26732 U3 26694 0.007332
26732 H 26848 0.989002
26732 H 26847 0.003666
26732 H 26846 0.003666
26732 H 26845 0.003666
26732 S 26614 1.000000
26732 Z 26713 1.000000
26732 X 26694 0.978003
26732 X 26732 0.007332
26732 X 26713 0.007332
26732 X 26751 0.007332
26732 RY 26751 0.978003
26732 RY 26713 0.007332
26732 RY 26732 0.007332
26732 RY 26694 0.007332
26751 U3 26732 0.978003
26751 U3 26694 0.007332
26751 U3 26751 0.007332
26751 U3 26713 0.007332
26751 H 26846 0.989002
26751 H 26845 0.003666
26751 H 26848 0.003666
26751 H 26847 0.003666
26751 S 26613 1.000000
26751 Z 26694 1.000000
26751 X 26713 0.978003
26751 X 26751 0.007332
26751 X 26694 0.007332
26751 X 26732 0.007332
26751 RY 26732 0.978003
26751 RY 26694 0.007332
26751 RY 26751 0.007332
26751 RY 26713 0.007332
26769 U3 26771 0.978003
26769 U3 26772 0.007332
26769 U3 26769 0.007332
26769 U3 26770 0.007332
26769 H 26618 0.989002
26769 H 26637 0.003666
26769 H 26675 0.003666
26769 H 26656 0.003666
26769 S 26846 1.000000
26769 Z 26772 1.000000
26769 X 26770 0.978003
26769 X 26769 0.007332
26769 X 26772 0.007332
26769 X 26771 0.007332
26769 RY 26771 0.978003
26769 RY 26772 0.007332
26769 RY 26769 0.007332
26769 RY 26770 0.007332
26770 U3 26772 0.978003
26770 U3 26771 0.007332
26770 U3 26770 0.007332
26770 U3 26769 0.007332
26770 H 26656 0.989002
26770 H 26675 0.003666
26770 H 26637 0.003666
26770 H 26618 0.003666
26770 S 26848 1.000000
26770 Z 26771 1.000000
26770 X 26769 0.978003
26770 X 26770 0.007332
26770 X 26771 0.007332
26770 X 26772 0.007332
26770 RY 26772 0.978003
26770 RY 26771 0.007332
26770 RY 26770 0.007332
26770 RY 26769 0.007332
26771 U3 26769 0.978003
26771 U3 26770 0.007332
26771 U3 26771 0.007332
26771 U3 26772 0.007332
26771 H 26675 0.989002
26771 H 26656 0.003666
26771 H 26618 0.003666
26771 H 26637 0.003666
26771 S 26845 1.000000
26771 Z 26770 1.000000
26771 X 26772 0.978003
26771 X 26771 0.007332
26771 X 26770 0.007332
26771 X 26769 0.007332
26771 RY 26769 0.978003
26771 RY 26770 0.007332
26771 RY 26771 0.007332
26771 RY 26772 0.007332
26772 U3 26770 0.978003
26772 U3 26769 0.007332
26772 U3 26772 0.007332
26772 U3 26771 0.007332
26772 H 26637 0.989002
26772 H 26618 0.003666
26772 H 26656 0.003666
26772 H 26675 0.003666
26772 S 26847 1.000000
26772 Z 26769 1.000000
26772 X 26771 0.978003
26772 X 26772 0.007332
26772 X 26769 0.007332
26772 X 26770 0.007332
26772 RY 26770 0.978003
26772 RY 26769 0.007332
26772 RY 26772 0.007332
26772 RY 26771 0.007332
26845 U3 26847 0.978003
26845 U3 26848 0.007332
26845 U3 26845 0.007332
26845 U3 26846 0.007332
26845 H 26694 0.989002
26845 H 26732 0.003666
26845 H 26713 0.003666
26845 H 26751 0.003666
26845 S 26770 1.000000
26845 Z 26848 1.000000
26845 X 26846 0.978003
26845 X 26845 0.007332
26845 X 26848 0.007332
26845 X 26847 0.007332
26845 RY 26847 0.978003
26845 RY 26848 0.007332
26845 RY 26845 0.007332
26845 RY 26846 0.007332
26846 U3 26848 0.978003
26846 U3 26847 0.007332
26846 U3 26846 0.007332
26846 U3 26845 0.007332
26846 H 26751 0.989002
26846 H 26713 0.003666
26846 H 26732 0.003666
26846 H 26694 0.003666
26846 S 26772 1.000000
26846 Z 26847 1.000000
26846 X 26845 0.978003
26846 X 26846 0.007332
26846 X 26847 0.007332
26846 X 26848 0.007332
26846 RY 26848 0.978003
26846 RY 26847 0.007332
26846 RY 26846 0.007332
26846 RY 26845 0.007332
26847 U3 26845 0.978003
26847 U3 26846 0.007332
26847 U3 26847 0.007332
26847 U3 26848 0.007332
26847 H 26713 0.989002
26847 H 26751 0.003666
26847 H 26694 0.003666
26847 H 26732 0.003666
26847 S 26769 1.000000
26847 Z 26846 1.000000
26847 X 26848 0.978003
26847 X 26847 0.007332
26847 X 26846 0.007332
26847 X 26845 0.007332
26847 RY 26845 0.978003
26847 RY 26846 0.007332
26847 RY 26847 0.007332
26847 RY 26848 0.007332
26848 U3 26846 0.978003
26848 U3 26845 0.007332
26848 U3 26848 0.007332
26848 U3 26847 0.007332
26848 H 26732 0.989002
26848 H 26694 0.003666
26848 H 26751 0.003666
26848 H 26713 0.003666
26848 S 26771 1.000000
26848 Z 26845 1.000000
26848 X 26847 0.978003
26848 X 26848 0.007332
26848 X 26845 0.007332
26848 X 26846 0.007332
26848 RY 26846 0.978003
26848 RY 26845 0.007332
26848 RY 26848 0.007332
26848 RY 26847 0.007332
ENDPOMDP
