BEGINPOMDP
INITIALSTATE: 23401
STATES: 23552,23438,23570,23571,23572,23573,23457,23476,23495,23514,23646,23647,23648,23649,23401,23402,23533,23407,23408,23409,23414,23415,23416,23417,23419
REWARDS: 23552:0,23438:0,23570:0,23571:0,23572:0,23573:0,23457:0,23476:0,23495:0,23514:0,23646:0,23647:0,23648:0,23649:0,23401:0,23402:0,23533:0,23407:1,23408:0,23409:0,23414:0,23415:0,23416:0,23417:0,23419:0
GAMMA: 23552:0,23438:0,23570:0,23571:0,23572:0,23573:0,23457:0,23476:0,23495:0,23514:0,23646:0,23647:0,23648:0,23649:0,23401:0,23402:0,23533:0,23407:0,23408:0,23409:0,23414:0,23415:0,23416:0,23417:0,23419:0
BEGINACTIONS
U3
H
S
Z
X
RY
ENDACTIONS
23401 INIT_ 23402 1.000000
23402 U3 23407 0.994457
23402 U3 23408 0.001848
23402 U3 23402 0.001848
23402 U3 23409 0.001848
23402 H 23414 0.997226
23402 H 23415 0.000925
23402 H 23416 0.000925
23402 H 23417 0.000925
23402 S 23419 1.000000
23402 Z 23408 1.000000
23402 X 23409 0.994457
23402 X 23402 0.001848
23402 X 23408 0.001848
23402 X 23407 0.001848
23402 RY 23407 0.994457
23402 RY 23408 0.001848
23402 RY 23402 0.001848
23402 RY 23409 0.001848
23407 U3 23402 0.994457
23407 U3 23409 0.001848
23407 U3 23407 0.001848
23407 U3 23408 0.001848
23407 H 23416 0.997226
23407 H 23417 0.000925
23407 H 23414 0.000925
23407 H 23415 0.000925
23407 S 23438 1.000000
23407 Z 23409 1.000000
23407 X 23408 0.994457
23407 X 23407 0.001848
23407 X 23409 0.001848
23407 X 23402 0.001848
23407 RY 23402 0.994457
23407 RY 23409 0.001848
23407 RY 23407 0.001848
23407 RY 23408 0.001848
23408 U3 23409 0.994457
23408 U3 23402 0.001848
23408 U3 23408 0.001848
23408 U3 23407 0.001848
23408 H 23415 0.997226
23408 H 23414 0.000925
23408 H 23417 0.000925
23408 H 23416 0.000925
23408 S 23457 1.000000
23408 Z 23402 1.000000
23408 X 23407 0.994457
23408 X 23408 0.001848
23408 X 23402 0.001848
23408 X 23409 0.001848
23408 RY 23409 0.994457
23408 RY 23402 0.001848
23408 RY 23408 0.001848
23408 RY 23407 0.001848
23409 U3 23408 0.994457
23409 U3 23407 0.001848
23409 U3 23409 0.001848
23409 U3 23402 0.001848
23409 H 23417 0.997226
23409 H 23416 0.000925
23409 H 23415 0.000925
23409 H 23414 0.000925
23409 S 23476 1.000000
23409 Z 23407 1.000000
23409 X 23402 0.994457
23409 X 23409 0.001848
23409 X 23407 0.001848
23409 X 23408 0.001848
23409 RY 23408 0.994457
23409 RY 23407 0.001848
23409 RY 23409 0.001848
23409 RY 23402 0.001848
23414 U3 23416 0.994457
23414 U3 23417 0.001848
23414 U3 23414 0.001848
23414 U3 23415 0.001848
23414 H 23402 0.997226
23414 H 23409 0.000925
23414 H 23407 0.000925
23414 H 23408 0.000925
23414 S 23495 1.000000
23414 Z 23417 1.000000
23414 X 23415 0.994457
23414 X 23414 0.001848
23414 X 23417 0.001848
23414 X 23416 0.001848
23414 RY 23416 0.994457
23414 RY 23417 0.001848
23414 RY 23414 0.001848
23414 RY 23415 0.001848
23415 U3 23417 0.994457
23415 U3 23416 0.001848
23415 U3 23415 0.001848
23415 U3 23414 0.001848
23415 H 23408 0.997226
23415 H 23407 0.000925
23415 H 23409 0.000925
23415 H 23402 0.000925
23415 S 23514 1.000000
23415 Z 23416 1.000000
23415 X 23414 0.994457
23415 X 23415 0.001848
23415 X 23416 0.001848
23415 X 23417 0.001848
23415 RY 23417 0.994457
23415 RY 23416 0.001848
23415 RY 23415 0.001848
23415 RY 23414 0.001848
23416 U3 23414 0.994457
23416 U3 23415 0.001848
23416 U3 23416 0.001848
23416 U3 23417 0.001848
23416 H 23407 0.997226
23416 H 23408 0.000925
23416 H 23402 0.000925
23416 H 23409 0.000925
23416 S 23533 1.000000
23416 Z 23415 1.000000
23416 X 23417 0.994457
23416 X 23416 0.001848
23416 X 23415 0.001848
23416 X 23414 0.001848
23416 RY 23414 0.994457
23416 RY 23415 0.001848
23416 RY 23416 0.001848
23416 RY 23417 0.001848
23417 U3 23415 0.994457
23417 U3 23414 0.001848
23417 U3 23417 0.001848
23417 U3 23416 0.001848
23417 H 23409 0.997226
23417 H 23402 0.000925
23417 H 23408 0.000925
23417 H 23407 0.000925
23417 S 23552 1.000000
23417 Z 23414 1.000000
23417 X 23416 0.994457
23417 X 23417 0.001848
23417 X 23414 0.001848
23417 X 23415 0.001848
23417 RY 23415 0.994457
23417 RY 23414 0.001848
23417 RY 23417 0.001848
23417 RY 23416 0.001848
23419 U3 23476 0.994457
23419 U3 23457 0.001848
23419 U3 23419 0.001848
23419 U3 23438 0.001848
23419 H 23570 0.997226
23419 H 23571 0.000925
23419 H 23572 0.000925
23419 H 23573 0.000925
23419 S 23408 1.000000
23419 Z 23457 1.000000
23419 X 23438 0.994457
23419 X 23419 0.001848
23419 X 23457 0.001848
23419 X 23476 0.001848
23419 RY 23476 0.994457
23419 RY 23457 0.001848
23419 RY 23419 0.001848
23419 RY 23438 0.001848
23438 U3 23457 0.994457
23438 U3 23476 0.001848
23438 U3 23438 0.001848
23438 U3 23419 0.001848
23438 H 23573 0.997226
23438 H 23572 0.000925
23438 H 23571 0.000925
23438 H 23570 0.000925
23438 S 23409 1.000000
23438 Z 23476 1.000000
23438 X 23419 0.994457
23438 X 23438 0.001848
23438 X 23476 0.001848
23438 X 23457 0.001848
23438 RY 23457 0.994457
23438 RY 23476 0.001848
23438 RY 23438 0.001848
23438 RY 23419 0.001848
23457 U3 23438 0.994457
23457 U3 23419 0.001848
23457 U3 23457 0.001848
23457 U3 23476 0.001848
23457 H 23571 0.997226
23457 H 23570 0.000925
23457 H 23573 0.000925
23457 H 23572 0.000925
23457 S 23402 1.000000
23457 Z 23419 1.000000
23457 X 23476 0.994457
23457 X 23457 0.001848
23457 X 23419 0.001848
23457 X 23438 0.001848
23457 RY 23438 0.994457
23457 RY 23419 0.001848
23457 RY 23457 0.001848
23457 RY 23476 0.001848
23476 U3 23419 0.994457
23476 U3 23438 0.001848
23476 U3 23476 0.001848
23476 U3 23457 0.001848
23476 H 23572 0.997226
23476 H 23573 0.000925
23476 H 23570 0.000925
23476 H 23571 0.000925
23476 S 23407 1.000000
23476 Z 23438 1.000000
23476 X 23457 0.994457
23476 X 23476 0.001848
23476 X 23438 0.001848
23476 X 23419 0.001848
23476 RY 23419 0.994457
23476 RY 23438 0.001848
23476 RY 23476 0.001848
23476 RY 23457 0.001848
23495 U3 23514 0.994457
23495 U3 23552 0.001848
23495 U3 23495 0.001848
23495 U3 23533 0.001848
23495 H 23646 0.997226
23495 H 23647 0.000925
23495 H 23648 0.000925
23495 H 23649 0.000925
23495 S 23417 1.000000
23495 Z 23552 1.000000
23495 X 23533 0.994457
23495 X 23495 0.001848
23495 X 23552 0.001848
23495 X 23514 0.001848
23495 RY 23514 0.994457
23495 RY 23552 0.001848
23495 RY 23495 0.001848
23495 RY 23533 0.001848
23514 U3 23495 0.994457
23514 U3 23533 0.001848
23514 U3 23514 0.001848
23514 U3 23552 0.001848
23514 H 23648 0.997226
23514 H 23649 0.000925
23514 H 23646 0.000925
23514 H 23647 0.000925
23514 S 23416 1.000000
23514 Z 23533 1.000000
23514 X 23552 0.994457
23514 X 23514 0.001848
23514 X 23533 0.001848
23514 X 23495 0.001848
23514 RY 23495 0.994457
23514 RY 23533 0.001848
23514 RY 23514 0.001848
23514 RY 23552 0.001848
23533 U3 23552 0.994457
23533 U3 23514 0.001848
23533 U3 23533 0.001848
23533 U3 23495 0.001848
23533 H 23649 0.997226
23533 H 23648 0.000925
23533 H 23647 0.000925
23533 H 23646 0.000925
23533 S 23415 1.000000
23533 Z 23514 1.000000
23533 X 23495 0.994457
23533 X 23533 0.001848
23533 X 23514 0.001848
23533 X 23552 0.001848
23533 RY 23552 0.994457
23533 RY 23514 0.001848
23533 RY 23533 0.001848
23533 RY 23495 0.001848
23552 U3 23533 0.994457
23552 U3 23495 0.001848
23552 U3 23552 0.001848
23552 U3 23514 0.001848
23552 H 23647 0.997226
23552 H 23646 0.000925
23552 H 23649 0.000925
23552 H 23648 0.000925
23552 S 23414 1.000000
23552 Z 23495 1.000000
23552 X 23514 0.994457
23552 X 23552 0.001848
23552 X 23495 0.001848
23552 X 23533 0.001848
23552 RY 23533 0.994457
23552 RY 23495 0.001848
23552 RY 23552 0.001848
23552 RY 23514 0.001848
23570 U3 23572 0.994457
23570 U3 23573 0.001848
23570 U3 23570 0.001848
23570 U3 23571 0.001848
23570 H 23419 0.997226
23570 H 23438 0.000925
23570 H 23476 0.000925
23570 H 23457 0.000925
23570 S 23647 1.000000
23570 Z 23573 1.000000
23570 X 23571 0.994457
23570 X 23570 0.001848
23570 X 23573 0.001848
23570 X 23572 0.001848
23570 RY 23572 0.994457
23570 RY 23573 0.001848
23570 RY 23570 0.001848
23570 RY 23571 0.001848
23571 U3 23573 0.994457
23571 U3 23572 0.001848
23571 U3 23571 0.001848
23571 U3 23570 0.001848
23571 H 23457 0.997226
23571 H 23476 0.000925
23571 H 23438 0.000925
23571 H 23419 0.000925
23571 S 23649 1.000000
23571 Z 23572 1.000000
23571 X 23570 0.994457
23571 X 23571 0.001848
23571 X 23572 0.001848
23571 X 23573 0.001848
23571 RY 23573 0.994457
23571 RY 23572 0.001848
23571 RY 23571 0.001848
23571 RY 23570 0.001848
23572 U3 23570 0.994457
23572 U3 23571 0.001848
23572 U3 23572 0.001848
23572 U3 23573 0.001848
23572 H 23476 0.997226
23572 H 23457 0.000925
23572 H 23419 0.000925
23572 H 23438 0.000925
23572 S 23646 1.000000
23572 Z 23571 1.000000
23572 X 23573 0.994457
23572 X 23572 0.001848
23572 X 23571 0.001848
23572 X 23570 0.001848
23572 RY 23570 0.994457
23572 RY 23571 0.001848
23572 RY 23572 0.001848
23572 RY 23573 0.001848
23573 U3 23571 0.994457
23573 U3 23570 0.001848
23573 U3 23573 0.001848
23573 U3 23572 0.001848
23573 H 23438 0.997226
23573 H 23419 0.000925
23573 H 23457 0.000925
23573 H 23476 0.000925
23573 S 23648 1.000000
23573 Z 23570 1.000000
23573 X 23572 0.994457
23573 X 23573 0.001848
23573 X 23570 0.001848
23573 X 23571 0.001848
23573 RY 23571 0.994457
23573 RY 23570 0.001848
23573 RY 23573 0.001848
23573 RY 23572 0.001848
23646 U3 23648 0.994457
23646 U3 23649 0.001848
23646 U3 23646 0.001848
23646 U3 23647 0.001848
23646 H 23495 0.997226
23646 H 23533 0.000925
23646 H 23514 0.000925
23646 H 23552 0.000925
23646 S 23571 1.000000
23646 Z 23649 1.000000
23646 X 23647 0.994457
23646 X 23646 0.001848
23646 X 23649 0.001848
23646 X 23648 0.001848
23646 RY 23648 0.994457
23646 RY 23649 0.001848
23646 RY 23646 0.001848
23646 RY 23647 0.001848
23647 U3 23649 0.994457
23647 U3 23648 0.001848
23647 U3 23647 0.001848
23647 U3 23646 0.001848
23647 H 23552 0.997226
23647 H 23514 0.000925
23647 H 23533 0.000925
23647 H 23495 0.000925
23647 S 23573 1.000000
23647 Z 23648 1.000000
23647 X 23646 0.994457
23647 X 23647 0.001848
23647 X 23648 0.001848
23647 X 23649 0.001848
23647 RY 23649 0.994457
23647 RY 23648 0.001848
23647 RY 23647 0.001848
23647 RY 23646 0.001848
23648 U3 23646 0.994457
23648 U3 23647 0.001848
23648 U3 23648 0.001848
23648 U3 23649 0.001848
23648 H 23514 0.997226
23648 H 23552 0.000925
23648 H 23495 0.000925
23648 H 23533 0.000925
23648 S 23570 1.000000
23648 Z 23647 1.000000
23648 X 23649 0.994457
23648 X 23648 0.001848
23648 X 23647 0.001848
23648 X 23646 0.001848
23648 RY 23646 0.994457
23648 RY 23647 0.001848
23648 RY 23648 0.001848
23648 RY 23649 0.001848
23649 U3 23647 0.994457
23649 U3 23646 0.001848
23649 U3 23649 0.001848
23649 U3 23648 0.001848
23649 H 23533 0.997226
23649 H 23495 0.000925
23649 H 23552 0.000925
23649 H 23514 0.000925
23649 S 23572 1.000000
23649 Z 23646 1.000000
23649 X 23648 0.994457
23649 X 23649 0.001848
23649 X 23646 0.001848
23649 X 23647 0.001848
23649 RY 23647 0.994457
23649 RY 23646 0.001848
23649 RY 23649 0.001848
23649 RY 23648 0.001848
ENDPOMDP
