BEGINPOMDP
INITIALSTATE: 24772
STATES: 24847,24866,24885,25017,25018,25019,25020,24772,24773,24904,24778,24779,24780,24785,24786,24787,24788,24790,24923,24809,24941,24942,24943,24944,24828
REWARDS: 24847:0,24866:0,24885:0,25017:0,25018:0,25019:0,25020:0,24772:0,24773:0,24904:0,24778:1,24779:0,24780:0,24785:0,24786:0,24787:0,24788:0,24790:0,24923:0,24809:0,24941:0,24942:0,24943:0,24944:0,24828:0
GAMMA: 24847:0,24866:0,24885:0,25017:0,25018:0,25019:0,25020:0,24772:0,24773:0,24904:0,24778:0,24779:0,24780:0,24785:0,24786:0,24787:0,24788:0,24790:0,24923:0,24809:0,24941:0,24942:0,24943:0,24944:0,24828:0
BEGINACTIONS
U3
H
S
Z
X
RY
ENDACTIONS
24772 INIT_ 24773 1.000000
24773 U3 24778 0.986560
24773 U3 24779 0.004480
24773 U3 24773 0.004480
24773 U3 24780 0.004480
24773 H 24785 0.993265
24773 H 24786 0.002245
24773 H 24787 0.002245
24773 H 24788 0.002245
24773 S 24790 1.000000
24773 Z 24779 1.000000
24773 X 24780 0.986560
24773 X 24773 0.004480
24773 X 24779 0.004480
24773 X 24778 0.004480
24773 RY 24778 0.986560
24773 RY 24779 0.004480
24773 RY 24773 0.004480
24773 RY 24780 0.004480
24778 U3 24773 0.986560
24778 U3 24780 0.004480
24778 U3 24778 0.004480
24778 U3 24779 0.004480
24778 H 24787 0.993265
24778 H 24788 0.002245
24778 H 24785 0.002245
24778 H 24786 0.002245
24778 S 24809 1.000000
24778 Z 24780 1.000000
24778 X 24779 0.986560
24778 X 24778 0.004480
24778 X 24780 0.004480
24778 X 24773 0.004480
24778 RY 24773 0.986560
24778 RY 24780 0.004480
24778 RY 24778 0.004480
24778 RY 24779 0.004480
24779 U3 24780 0.986560
24779 U3 24773 0.004480
24779 U3 24779 0.004480
24779 U3 24778 0.004480
24779 H 24786 0.993265
24779 H 24785 0.002245
24779 H 24788 0.002245
24779 H 24787 0.002245
24779 S 24828 1.000000
24779 Z 24773 1.000000
24779 X 24778 0.986560
24779 X 24779 0.004480
24779 X 24773 0.004480
24779 X 24780 0.004480
24779 RY 24780 0.986560
24779 RY 24773 0.004480
24779 RY 24779 0.004480
24779 RY 24778 0.004480
24780 U3 24779 0.986560
24780 U3 24778 0.004480
24780 U3 24780 0.004480
24780 U3 24773 0.004480
24780 H 24788 0.993265
24780 H 24787 0.002245
24780 H 24786 0.002245
24780 H 24785 0.002245
24780 S 24847 1.000000
24780 Z 24778 1.000000
24780 X 24773 0.986560
24780 X 24780 0.004480
24780 X 24778 0.004480
24780 X 24779 0.004480
24780 RY 24779 0.986560
24780 RY 24778 0.004480
24780 RY 24780 0.004480
24780 RY 24773 0.004480
24785 U3 24787 0.986560
24785 U3 24788 0.004480
24785 U3 24785 0.004480
24785 U3 24786 0.004480
24785 H 24773 0.993265
24785 H 24780 0.002245
24785 H 24778 0.002245
24785 H 24779 0.002245
24785 S 24866 1.000000
24785 Z 24788 1.000000
24785 X 24786 0.986560
24785 X 24785 0.004480
24785 X 24788 0.004480
24785 X 24787 0.004480
24785 RY 24787 0.986560
24785 RY 24788 0.004480
24785 RY 24785 0.004480
24785 RY 24786 0.004480
24786 U3 24788 0.986560
24786 U3 24787 0.004480
24786 U3 24786 0.004480
24786 U3 24785 0.004480
24786 H 24779 0.993265
24786 H 24778 0.002245
24786 H 24780 0.002245
24786 H 24773 0.002245
24786 S 24885 1.000000
24786 Z 24787 1.000000
24786 X 24785 0.986560
24786 X 24786 0.004480
24786 X 24787 0.004480
24786 X 24788 0.004480
24786 RY 24788 0.986560
24786 RY 24787 0.004480
24786 RY 24786 0.004480
24786 RY 24785 0.004480
24787 U3 24785 0.986560
24787 U3 24786 0.004480
24787 U3 24787 0.004480
24787 U3 24788 0.004480
24787 H 24778 0.993265
24787 H 24779 0.002245
24787 H 24773 0.002245
24787 H 24780 0.002245
24787 S 24904 1.000000
24787 Z 24786 1.000000
24787 X 24788 0.986560
24787 X 24787 0.004480
24787 X 24786 0.004480
24787 X 24785 0.004480
24787 RY 24785 0.986560
24787 RY 24786 0.004480
24787 RY 24787 0.004480
24787 RY 24788 0.004480
24788 U3 24786 0.986560
24788 U3 24785 0.004480
24788 U3 24788 0.004480
24788 U3 24787 0.004480
24788 H 24780 0.993265
24788 H 24773 0.002245
24788 H 24779 0.002245
24788 H 24778 0.002245
24788 S 24923 1.000000
24788 Z 24785 1.000000
24788 X 24787 0.986560
24788 X 24788 0.004480
24788 X 24785 0.004480
24788 X 24786 0.004480
24788 RY 24786 0.986560
24788 RY 24785 0.004480
24788 RY 24788 0.004480
24788 RY 24787 0.004480
24790 U3 24847 0.986560
24790 U3 24828 0.004480
24790 U3 24790 0.004480
24790 U3 24809 0.004480
24790 H 24941 0.993265
24790 H 24942 0.002245
24790 H 24943 0.002245
24790 H 24944 0.002245
24790 S 24779 1.000000
24790 Z 24828 1.000000
24790 X 24809 0.986560
24790 X 24790 0.004480
24790 X 24828 0.004480
24790 X 24847 0.004480
24790 RY 24847 0.986560
24790 RY 24828 0.004480
24790 RY 24790 0.004480
24790 RY 24809 0.004480
24809 U3 24828 0.986560
24809 U3 24847 0.004480
24809 U3 24809 0.004480
24809 U3 24790 0.004480
24809 H 24944 0.993265
24809 H 24943 0.002245
24809 H 24942 0.002245
24809 H 24941 0.002245
24809 S 24780 1.000000
24809 Z 24847 1.000000
24809 X 24790 0.986560
24809 X 24809 0.004480
24809 X 24847 0.004480
24809 X 24828 0.004480
24809 RY 24828 0.986560
24809 RY 24847 0.004480
24809 RY 24809 0.004480
24809 RY 24790 0.004480
24828 U3 24809 0.986560
24828 U3 24790 0.004480
24828 U3 24828 0.004480
24828 U3 24847 0.004480
24828 H 24942 0.993265
24828 H 24941 0.002245
24828 H 24944 0.002245
24828 H 24943 0.002245
24828 S 24773 1.000000
24828 Z 24790 1.000000
24828 X 24847 0.986560
24828 X 24828 0.004480
24828 X 24790 0.004480
24828 X 24809 0.004480
24828 RY 24809 0.986560
24828 RY 24790 0.004480
24828 RY 24828 0.004480
24828 RY 24847 0.004480
24847 U3 24790 0.986560
24847 U3 24809 0.004480
24847 U3 24847 0.004480
24847 U3 24828 0.004480
24847 H 24943 0.993265
24847 H 24944 0.002245
24847 H 24941 0.002245
24847 H 24942 0.002245
24847 S 24778 1.000000
24847 Z 24809 1.000000
24847 X 24828 0.986560
24847 X 24847 0.004480
24847 X 24809 0.004480
24847 X 24790 0.004480
24847 RY 24790 0.986560
24847 RY 24809 0.004480
24847 RY 24847 0.004480
24847 RY 24828 0.004480
24866 U3 24885 0.986560
24866 U3 24923 0.004480
24866 U3 24866 0.004480
24866 U3 24904 0.004480
24866 H 25017 0.993265
24866 H 25018 0.002245
24866 H 25019 0.002245
24866 H 25020 0.002245
24866 S 24788 1.000000
24866 Z 24923 1.000000
24866 X 24904 0.986560
24866 X 24866 0.004480
24866 X 24923 0.004480
24866 X 24885 0.004480
24866 RY 24885 0.986560
24866 RY 24923 0.004480
24866 RY 24866 0.004480
24866 RY 24904 0.004480
24885 U3 24866 0.986560
24885 U3 24904 0.004480
24885 U3 24885 0.004480
24885 U3 24923 0.004480
24885 H 25019 0.993265
24885 H 25020 0.002245
24885 H 25017 0.002245
24885 H 25018 0.002245
24885 S 24787 1.000000
24885 Z 24904 1.000000
24885 X 24923 0.986560
24885 X 24885 0.004480
24885 X 24904 0.004480
24885 X 24866 0.004480
24885 RY 24866 0.986560
24885 RY 24904 0.004480
24885 RY 24885 0.004480
24885 RY 24923 0.004480
24904 U3 24923 0.986560
24904 U3 24885 0.004480
24904 U3 24904 0.004480
24904 U3 24866 0.004480
24904 H 25020 0.993265
24904 H 25019 0.002245
24904 H 25018 0.002245
24904 H 25017 0.002245
24904 S 24786 1.000000
24904 Z 24885 1.000000
24904 X 24866 0.986560
24904 X 24904 0.004480
24904 X 24885 0.004480
24904 X 24923 0.004480
24904 RY 24923 0.986560
24904 RY 24885 0.004480
24904 RY 24904 0.004480
24904 RY 24866 0.004480
24923 U3 24904 0.986560
24923 U3 24866 0.004480
24923 U3 24923 0.004480
24923 U3 24885 0.004480
24923 H 25018 0.993265
24923 H 25017 0.002245
24923 H 25020 0.002245
24923 H 25019 0.002245
24923 S 24785 1.000000
24923 Z 24866 1.000000
24923 X 24885 0.986560
24923 X 24923 0.004480
24923 X 24866 0.004480
24923 X 24904 0.004480
24923 RY 24904 0.986560
24923 RY 24866 0.004480
24923 RY 24923 0.004480
24923 RY 24885 0.004480
24941 U3 24943 0.986560
24941 U3 24944 0.004480
24941 U3 24941 0.004480
24941 U3 24942 0.004480
24941 H 24790 0.993265
24941 H 24809 0.002245
24941 H 24847 0.002245
24941 H 24828 0.002245
24941 S 25018 1.000000
24941 Z 24944 1.000000
24941 X 24942 0.986560
24941 X 24941 0.004480
24941 X 24944 0.004480
24941 X 24943 0.004480
24941 RY 24943 0.986560
24941 RY 24944 0.004480
24941 RY 24941 0.004480
24941 RY 24942 0.004480
24942 U3 24944 0.986560
24942 U3 24943 0.004480
24942 U3 24942 0.004480
24942 U3 24941 0.004480
24942 H 24828 0.993265
24942 H 24847 0.002245
24942 H 24809 0.002245
24942 H 24790 0.002245
24942 S 25020 1.000000
24942 Z 24943 1.000000
24942 X 24941 0.986560
24942 X 24942 0.004480
24942 X 24943 0.004480
24942 X 24944 0.004480
24942 RY 24944 0.986560
24942 RY 24943 0.004480
24942 RY 24942 0.004480
24942 RY 24941 0.004480
24943 U3 24941 0.986560
24943 U3 24942 0.004480
24943 U3 24943 0.004480
24943 U3 24944 0.004480
24943 H 24847 0.993265
24943 H 24828 0.002245
24943 H 24790 0.002245
24943 H 24809 0.002245
24943 S 25017 1.000000
24943 Z 24942 1.000000
24943 X 24944 0.986560
24943 X 24943 0.004480
24943 X 24942 0.004480
24943 X 24941 0.004480
24943 RY 24941 0.986560
24943 RY 24942 0.004480
24943 RY 24943 0.004480
24943 RY 24944 0.004480
24944 U3 24942 0.986560
24944 U3 24941 0.004480
24944 U3 24944 0.004480
24944 U3 24943 0.004480
24944 H 24809 0.993265
24944 H 24790 0.002245
24944 H 24828 0.002245
24944 H 24847 0.002245
24944 S 25019 1.000000
24944 Z 24941 1.000000
24944 X 24943 0.986560
24944 X 24944 0.004480
24944 X 24941 0.004480
24944 X 24942 0.004480
24944 RY 24942 0.986560
24944 RY 24941 0.004480
24944 RY 24944 0.004480
24944 RY 24943 0.004480
25017 U3 25019 0.986560
25017 U3 25020 0.004480
25017 U3 25017 0.004480
25017 U3 25018 0.004480
25017 H 24866 0.993265
25017 H 24904 0.002245
25017 H 24885 0.002245
25017 H 24923 0.002245
25017 S 24942 1.000000
25017 Z 25020 1.000000
25017 X 25018 0.986560
25017 X 25017 0.004480
25017 X 25020 0.004480
25017 X 25019 0.004480
25017 RY 25019 0.986560
25017 RY 25020 0.004480
25017 RY 25017 0.004480
25017 RY 25018 0.004480
25018 U3 25020 0.986560
25018 U3 25019 0.004480
25018 U3 25018 0.004480
25018 U3 25017 0.004480
25018 H 24923 0.993265
25018 H 24885 0.002245
25018 H 24904 0.002245
25018 H 24866 0.002245
25018 S 24944 1.000000
25018 Z 25019 1.000000
25018 X 25017 0.986560
25018 X 25018 0.004480
25018 X 25019 0.004480
25018 X 25020 0.004480
25018 RY 25020 0.986560
25018 RY 25019 0.004480
25018 RY 25018 0.004480
25018 RY 25017 0.004480
25019 U3 25017 0.986560
25019 U3 25018 0.004480
25019 U3 25019 0.004480
25019 U3 25020 0.004480
25019 H 24885 0.993265
25019 H 24923 0.002245
25019 H 24866 0.002245
25019 H 24904 0.002245
25019 S 24941 1.000000
25019 Z 25018 1.000000
25019 X 25020 0.986560
25019 X 25019 0.004480
25019 X 25018 0.004480
25019 X 25017 0.004480
25019 RY 25017 0.986560
25019 RY 25018 0.004480
25019 RY 25019 0.004480
25019 RY 25020 0.004480
25020 U3 25018 0.986560
25020 U3 25017 0.004480
25020 U3 25020 0.004480
25020 U3 25019 0.004480
25020 H 24904 0.993265
25020 H 24866 0.002245
25020 H 24923 0.002245
25020 H 24885 0.002245
25020 S 24943 1.000000
25020 Z 25017 1.000000
25020 X 25019 0.986560
25020 X 25020 0.004480
25020 X 25017 0.004480
25020 X 25018 0.004480
25020 RY 25018 0.986560
25020 RY 25017 0.004480
25020 RY 25020 0.004480
25020 RY 25019 0.004480
ENDPOMDP
