BEGINPOMDP
INITIALSTATE: 34832
STATES: 34832,34833,34838,34839,34840,34841,34844,34846,34848,34977,34978,34979,34980,34853,34854,34862,34864,34876,34878,34923,34924,34925,34926,34935,34936
REWARDS: 34832:0,34833:0,34838:0,34839:0,34840:0,34841:0,34844:0,34846:0,34848:0,34977:0,34978:0,34979:0,34980:0,34853:0,34854:1,34862:0,34864:0,34876:0,34878:0,34923:0,34924:0,34925:0,34926:0,34935:0,34936:0
GAMMA: 34832:0,34833:0,34838:0,34839:0,34840:0,34841:0,34844:0,34846:0,34848:0,34977:0,34978:0,34979:0,34980:0,34853:0,34854:0,34862:0,34864:0,34876:0,34878:0,34923:0,34924:0,34925:0,34926:0,34935:0,34936:0
BEGINACTIONS
SX
RZPI
RZ3PI
RZPIHalf
S
X
ENDACTIONS
34832 INIT_ 34833 1.000000
34833 SX 34838 0.997374
34833 SX 34839 0.000875
34833 SX 34840 0.000875
34833 SX 34841 0.000875
34833 RZPI 34833 1.000000
34833 RZ3PI 34844 1.000000
34833 RZPIHalf 34846 1.000000
34833 S 34848 1.000000
34833 X 34853 0.997374
34833 X 34833 0.000875
34833 X 34844 0.000875
34833 X 34854 0.000875
34838 SX 34853 0.997374
34838 SX 34833 0.000875
34838 SX 34844 0.000875
34838 SX 34854 0.000875
34838 RZPI 34838 1.000000
34838 RZ3PI 34841 1.000000
34838 RZPIHalf 34862 1.000000
34838 S 34864 1.000000
34838 X 34839 0.997374
34838 X 34838 0.000875
34838 X 34841 0.000875
34838 X 34840 0.000875
34839 SX 34833 0.997374
34839 SX 34853 0.000875
34839 SX 34854 0.000875
34839 SX 34844 0.000875
34839 RZPI 34839 1.000000
34839 RZ3PI 34840 1.000000
34839 RZPIHalf 34876 1.000000
34839 S 34878 1.000000
34839 X 34838 0.997374
34839 X 34839 0.000875
34839 X 34840 0.000875
34839 X 34841 0.000875
34840 SX 34854 0.997374
34840 SX 34844 0.000875
34840 SX 34833 0.000875
34840 SX 34853 0.000875
34840 RZPI 34840 1.000000
34840 RZ3PI 34839 1.000000
34840 RZPIHalf 34878 1.000000
34840 S 34876 1.000000
34840 X 34841 0.997374
34840 X 34840 0.000875
34840 X 34839 0.000875
34840 X 34838 0.000875
34841 SX 34844 0.997374
34841 SX 34854 0.000875
34841 SX 34853 0.000875
34841 SX 34833 0.000875
34841 RZPI 34841 1.000000
34841 RZ3PI 34838 1.000000
34841 RZPIHalf 34864 1.000000
34841 S 34862 1.000000
34841 X 34840 0.997374
34841 X 34841 0.000875
34841 X 34838 0.000875
34841 X 34839 0.000875
34844 SX 34840 0.997374
34844 SX 34841 0.000875
34844 SX 34838 0.000875
34844 SX 34839 0.000875
34844 RZPI 34844 1.000000
34844 RZ3PI 34833 1.000000
34844 RZPIHalf 34848 1.000000
34844 S 34846 1.000000
34844 X 34854 0.997374
34844 X 34844 0.000875
34844 X 34833 0.000875
34844 X 34853 0.000875
34846 SX 34923 0.997374
34846 SX 34924 0.000875
34846 SX 34925 0.000875
34846 SX 34926 0.000875
34846 RZPI 34846 1.000000
34846 RZ3PI 34848 1.000000
34846 RZPIHalf 34844 1.000000
34846 S 34833 1.000000
34846 X 34935 0.997374
34846 X 34846 0.000875
34846 X 34848 0.000875
34846 X 34936 0.000875
34848 SX 34925 0.997374
34848 SX 34926 0.000875
34848 SX 34923 0.000875
34848 SX 34924 0.000875
34848 RZPI 34848 1.000000
34848 RZ3PI 34846 1.000000
34848 RZPIHalf 34833 1.000000
34848 S 34844 1.000000
34848 X 34936 0.997374
34848 X 34848 0.000875
34848 X 34846 0.000875
34848 X 34935 0.000875
34853 SX 34839 0.997374
34853 SX 34838 0.000875
34853 SX 34841 0.000875
34853 SX 34840 0.000875
34853 RZPI 34853 1.000000
34853 RZ3PI 34854 1.000000
34853 RZPIHalf 34936 1.000000
34853 S 34935 1.000000
34853 X 34833 0.997374
34853 X 34853 0.000875
34853 X 34854 0.000875
34853 X 34844 0.000875
34854 SX 34841 0.997374
34854 SX 34840 0.000875
34854 SX 34839 0.000875
34854 SX 34838 0.000875
34854 RZPI 34854 1.000000
34854 RZ3PI 34853 1.000000
34854 RZPIHalf 34935 1.000000
34854 S 34936 1.000000
34854 X 34844 0.997374
34854 X 34854 0.000875
34854 X 34853 0.000875
34854 X 34833 0.000875
34862 SX 34977 0.997374
34862 SX 34978 0.000875
34862 SX 34979 0.000875
34862 SX 34980 0.000875
34862 RZPI 34862 1.000000
34862 RZ3PI 34864 1.000000
34862 RZPIHalf 34841 1.000000
34862 S 34838 1.000000
34862 X 34878 0.997374
34862 X 34862 0.000875
34862 X 34864 0.000875
34862 X 34876 0.000875
34864 SX 34979 0.997374
34864 SX 34980 0.000875
34864 SX 34977 0.000875
34864 SX 34978 0.000875
34864 RZPI 34864 1.000000
34864 RZ3PI 34862 1.000000
34864 RZPIHalf 34838 1.000000
34864 S 34841 1.000000
34864 X 34876 0.997374
34864 X 34864 0.000875
34864 X 34862 0.000875
34864 X 34878 0.000875
34876 SX 34980 0.997374
34876 SX 34979 0.000875
34876 SX 34978 0.000875
34876 SX 34977 0.000875
34876 RZPI 34876 1.000000
34876 RZ3PI 34878 1.000000
34876 RZPIHalf 34840 1.000000
34876 S 34839 1.000000
34876 X 34864 0.997374
34876 X 34876 0.000875
34876 X 34878 0.000875
34876 X 34862 0.000875
34878 SX 34978 0.997374
34878 SX 34977 0.000875
34878 SX 34980 0.000875
34878 SX 34979 0.000875
34878 RZPI 34878 1.000000
34878 RZ3PI 34876 1.000000
34878 RZPIHalf 34839 1.000000
34878 S 34840 1.000000
34878 X 34862 0.997374
34878 X 34878 0.000875
34878 X 34876 0.000875
34878 X 34864 0.000875
34923 SX 34935 0.997374
34923 SX 34846 0.000875
34923 SX 34848 0.000875
34923 SX 34936 0.000875
34923 RZPI 34923 1.000000
34923 RZ3PI 34926 1.000000
34923 RZPIHalf 34977 1.000000
34923 S 34980 1.000000
34923 X 34924 0.997374
34923 X 34923 0.000875
34923 X 34926 0.000875
34923 X 34925 0.000875
34924 SX 34846 0.997374
34924 SX 34935 0.000875
34924 SX 34936 0.000875
34924 SX 34848 0.000875
34924 RZPI 34924 1.000000
34924 RZ3PI 34925 1.000000
34924 RZPIHalf 34979 1.000000
34924 S 34978 1.000000
34924 X 34923 0.997374
34924 X 34924 0.000875
34924 X 34925 0.000875
34924 X 34926 0.000875
34925 SX 34936 0.997374
34925 SX 34848 0.000875
34925 SX 34846 0.000875
34925 SX 34935 0.000875
34925 RZPI 34925 1.000000
34925 RZ3PI 34924 1.000000
34925 RZPIHalf 34978 1.000000
34925 S 34979 1.000000
34925 X 34926 0.997374
34925 X 34925 0.000875
34925 X 34924 0.000875
34925 X 34923 0.000875
34926 SX 34848 0.997374
34926 SX 34936 0.000875
34926 SX 34935 0.000875
34926 SX 34846 0.000875
34926 RZPI 34926 1.000000
34926 RZ3PI 34923 1.000000
34926 RZPIHalf 34980 1.000000
34926 S 34977 1.000000
34926 X 34925 0.997374
34926 X 34926 0.000875
34926 X 34923 0.000875
34926 X 34924 0.000875
34935 SX 34924 0.997374
34935 SX 34923 0.000875
34935 SX 34926 0.000875
34935 SX 34925 0.000875
34935 RZPI 34935 1.000000
34935 RZ3PI 34936 1.000000
34935 RZPIHalf 34853 1.000000
34935 S 34854 1.000000
34935 X 34846 0.997374
34935 X 34935 0.000875
34935 X 34936 0.000875
34935 X 34848 0.000875
34936 SX 34926 0.997374
34936 SX 34925 0.000875
34936 SX 34924 0.000875
34936 SX 34923 0.000875
34936 RZPI 34936 1.000000
34936 RZ3PI 34935 1.000000
34936 RZPIHalf 34854 1.000000
34936 S 34853 1.000000
34936 X 34848 0.997374
34936 X 34936 0.000875
34936 X 34935 0.000875
34936 X 34846 0.000875
34977 SX 34878 0.997374
34977 SX 34862 0.000875
34977 SX 34864 0.000875
34977 SX 34876 0.000875
34977 RZPI 34977 1.000000
34977 RZ3PI 34980 1.000000
34977 RZPIHalf 34926 1.000000
34977 S 34923 1.000000
34977 X 34978 0.997374
34977 X 34977 0.000875
34977 X 34980 0.000875
34977 X 34979 0.000875
34978 SX 34862 0.997374
34978 SX 34878 0.000875
34978 SX 34876 0.000875
34978 SX 34864 0.000875
34978 RZPI 34978 1.000000
34978 RZ3PI 34979 1.000000
34978 RZPIHalf 34924 1.000000
34978 S 34925 1.000000
34978 X 34977 0.997374
34978 X 34978 0.000875
34978 X 34979 0.000875
34978 X 34980 0.000875
34979 SX 34876 0.997374
34979 SX 34864 0.000875
34979 SX 34862 0.000875
34979 SX 34878 0.000875
34979 RZPI 34979 1.000000
34979 RZ3PI 34978 1.000000
34979 RZPIHalf 34925 1.000000
34979 S 34924 1.000000
34979 X 34980 0.997374
34979 X 34979 0.000875
34979 X 34978 0.000875
34979 X 34977 0.000875
34980 SX 34864 0.997374
34980 SX 34876 0.000875
34980 SX 34878 0.000875
34980 SX 34862 0.000875
34980 RZPI 34980 1.000000
34980 RZ3PI 34977 1.000000
34980 RZPIHalf 34923 1.000000
34980 S 34926 1.000000
34980 X 34979 0.997374
34980 X 34980 0.000875
34980 X 34977 0.000875
34980 X 34978 0.000875
ENDPOMDP
