BEGINPOMDP
INITIALSTATE: 31727
STATES: 31872,31873,31874,31875,31748,31749,31757,31759,31771,31773,31818,31819,31820,31821,31830,31831,31727,31728,31733,31734,31735,31736,31739,31741,31743
REWARDS: 31872:0,31873:0,31874:0,31875:0,31748:0,31749:1,31757:0,31759:0,31771:0,31773:0,31818:0,31819:0,31820:0,31821:0,31830:0,31831:0,31727:0,31728:0,31733:0,31734:0,31735:0,31736:0,31739:0,31741:0,31743:0
GAMMA: 31872:0,31873:0,31874:0,31875:0,31748:0,31749:0,31757:0,31759:0,31771:0,31773:0,31818:0,31819:0,31820:0,31821:0,31830:0,31831:0,31727:0,31728:0,31733:0,31734:0,31735:0,31736:0,31739:0,31741:0,31743:0
BEGINACTIONS
SX
RZPI
RZ3PI
RZPIHalf
S
X
ENDACTIONS
31727 INIT_ 31728 1.000000
31728 SX 31733 0.997905
31728 SX 31734 0.000698
31728 SX 31735 0.000698
31728 SX 31736 0.000698
31728 RZPI 31728 1.000000
31728 RZ3PI 31739 1.000000
31728 RZPIHalf 31741 1.000000
31728 S 31743 1.000000
31728 X 31748 0.997905
31728 X 31728 0.000698
31728 X 31739 0.000698
31728 X 31749 0.000698
31733 SX 31748 0.997905
31733 SX 31728 0.000698
31733 SX 31739 0.000698
31733 SX 31749 0.000698
31733 RZPI 31733 1.000000
31733 RZ3PI 31736 1.000000
31733 RZPIHalf 31757 1.000000
31733 S 31759 1.000000
31733 X 31734 0.997905
31733 X 31733 0.000698
31733 X 31736 0.000698
31733 X 31735 0.000698
31734 SX 31728 0.997905
31734 SX 31748 0.000698
31734 SX 31749 0.000698
31734 SX 31739 0.000698
31734 RZPI 31734 1.000000
31734 RZ3PI 31735 1.000000
31734 RZPIHalf 31771 1.000000
31734 S 31773 1.000000
31734 X 31733 0.997905
31734 X 31734 0.000698
31734 X 31735 0.000698
31734 X 31736 0.000698
31735 SX 31749 0.997905
31735 SX 31739 0.000698
31735 SX 31728 0.000698
31735 SX 31748 0.000698
31735 RZPI 31735 1.000000
31735 RZ3PI 31734 1.000000
31735 RZPIHalf 31773 1.000000
31735 S 31771 1.000000
31735 X 31736 0.997905
31735 X 31735 0.000698
31735 X 31734 0.000698
31735 X 31733 0.000698
31736 SX 31739 0.997905
31736 SX 31749 0.000698
31736 SX 31748 0.000698
31736 SX 31728 0.000698
31736 RZPI 31736 1.000000
31736 RZ3PI 31733 1.000000
31736 RZPIHalf 31759 1.000000
31736 S 31757 1.000000
31736 X 31735 0.997905
31736 X 31736 0.000698
31736 X 31733 0.000698
31736 X 31734 0.000698
31739 SX 31735 0.997905
31739 SX 31736 0.000698
31739 SX 31733 0.000698
31739 SX 31734 0.000698
31739 RZPI 31739 1.000000
31739 RZ3PI 31728 1.000000
31739 RZPIHalf 31743 1.000000
31739 S 31741 1.000000
31739 X 31749 0.997905
31739 X 31739 0.000698
31739 X 31728 0.000698
31739 X 31748 0.000698
31741 SX 31818 0.997905
31741 SX 31819 0.000698
31741 SX 31820 0.000698
31741 SX 31821 0.000698
31741 RZPI 31741 1.000000
31741 RZ3PI 31743 1.000000
31741 RZPIHalf 31739 1.000000
31741 S 31728 1.000000
31741 X 31830 0.997905
31741 X 31741 0.000698
31741 X 31743 0.000698
31741 X 31831 0.000698
31743 SX 31820 0.997905
31743 SX 31821 0.000698
31743 SX 31818 0.000698
31743 SX 31819 0.000698
31743 RZPI 31743 1.000000
31743 RZ3PI 31741 1.000000
31743 RZPIHalf 31728 1.000000
31743 S 31739 1.000000
31743 X 31831 0.997905
31743 X 31743 0.000698
31743 X 31741 0.000698
31743 X 31830 0.000698
31748 SX 31734 0.997905
31748 SX 31733 0.000698
31748 SX 31736 0.000698
31748 SX 31735 0.000698
31748 RZPI 31748 1.000000
31748 RZ3PI 31749 1.000000
31748 RZPIHalf 31831 1.000000
31748 S 31830 1.000000
31748 X 31728 0.997905
31748 X 31748 0.000698
31748 X 31749 0.000698
31748 X 31739 0.000698
31749 SX 31736 0.997905
31749 SX 31735 0.000698
31749 SX 31734 0.000698
31749 SX 31733 0.000698
31749 RZPI 31749 1.000000
31749 RZ3PI 31748 1.000000
31749 RZPIHalf 31830 1.000000
31749 S 31831 1.000000
31749 X 31739 0.997905
31749 X 31749 0.000698
31749 X 31748 0.000698
31749 X 31728 0.000698
31757 SX 31872 0.997905
31757 SX 31873 0.000698
31757 SX 31874 0.000698
31757 SX 31875 0.000698
31757 RZPI 31757 1.000000
31757 RZ3PI 31759 1.000000
31757 RZPIHalf 31736 1.000000
31757 S 31733 1.000000
31757 X 31773 0.997905
31757 X 31757 0.000698
31757 X 31759 0.000698
31757 X 31771 0.000698
31759 SX 31874 0.997905
31759 SX 31875 0.000698
31759 SX 31872 0.000698
31759 SX 31873 0.000698
31759 RZPI 31759 1.000000
31759 RZ3PI 31757 1.000000
31759 RZPIHalf 31733 1.000000
31759 S 31736 1.000000
31759 X 31771 0.997905
31759 X 31759 0.000698
31759 X 31757 0.000698
31759 X 31773 0.000698
31771 SX 31875 0.997905
31771 SX 31874 0.000698
31771 SX 31873 0.000698
31771 SX 31872 0.000698
31771 RZPI 31771 1.000000
31771 RZ3PI 31773 1.000000
31771 RZPIHalf 31735 1.000000
31771 S 31734 1.000000
31771 X 31759 0.997905
31771 X 31771 0.000698
31771 X 31773 0.000698
31771 X 31757 0.000698
31773 SX 31873 0.997905
31773 SX 31872 0.000698
31773 SX 31875 0.000698
31773 SX 31874 0.000698
31773 RZPI 31773 1.000000
31773 RZ3PI 31771 1.000000
31773 RZPIHalf 31734 1.000000
31773 S 31735 1.000000
31773 X 31757 0.997905
31773 X 31773 0.000698
31773 X 31771 0.000698
31773 X 31759 0.000698
31818 SX 31830 0.997905
31818 SX 31741 0.000698
31818 SX 31743 0.000698
31818 SX 31831 0.000698
31818 RZPI 31818 1.000000
31818 RZ3PI 31821 1.000000
31818 RZPIHalf 31872 1.000000
31818 S 31875 1.000000
31818 X 31819 0.997905
31818 X 31818 0.000698
31818 X 31821 0.000698
31818 X 31820 0.000698
31819 SX 31741 0.997905
31819 SX 31830 0.000698
31819 SX 31831 0.000698
31819 SX 31743 0.000698
31819 RZPI 31819 1.000000
31819 RZ3PI 31820 1.000000
31819 RZPIHalf 31874 1.000000
31819 S 31873 1.000000
31819 X 31818 0.997905
31819 X 31819 0.000698
31819 X 31820 0.000698
31819 X 31821 0.000698
31820 SX 31831 0.997905
31820 SX 31743 0.000698
31820 SX 31741 0.000698
31820 SX 31830 0.000698
31820 RZPI 31820 1.000000
31820 RZ3PI 31819 1.000000
31820 RZPIHalf 31873 1.000000
31820 S 31874 1.000000
31820 X 31821 0.997905
31820 X 31820 0.000698
31820 X 31819 0.000698
31820 X 31818 0.000698
31821 SX 31743 0.997905
31821 SX 31831 0.000698
31821 SX 31830 0.000698
31821 SX 31741 0.000698
31821 RZPI 31821 1.000000
31821 RZ3PI 31818 1.000000
31821 RZPIHalf 31875 1.000000
31821 S 31872 1.000000
31821 X 31820 0.997905
31821 X 31821 0.000698
31821 X 31818 0.000698
31821 X 31819 0.000698
31830 SX 31819 0.997905
31830 SX 31818 0.000698
31830 SX 31821 0.000698
31830 SX 31820 0.000698
31830 RZPI 31830 1.000000
31830 RZ3PI 31831 1.000000
31830 RZPIHalf 31748 1.000000
31830 S 31749 1.000000
31830 X 31741 0.997905
31830 X 31830 0.000698
31830 X 31831 0.000698
31830 X 31743 0.000698
31831 SX 31821 0.997905
31831 SX 31820 0.000698
31831 SX 31819 0.000698
31831 SX 31818 0.000698
31831 RZPI 31831 1.000000
31831 RZ3PI 31830 1.000000
31831 RZPIHalf 31749 1.000000
31831 S 31748 1.000000
31831 X 31743 0.997905
31831 X 31831 0.000698
31831 X 31830 0.000698
31831 X 31741 0.000698
31872 SX 31773 0.997905
31872 SX 31757 0.000698
31872 SX 31759 0.000698
31872 SX 31771 0.000698
31872 RZPI 31872 1.000000
31872 RZ3PI 31875 1.000000
31872 RZPIHalf 31821 1.000000
31872 S 31818 1.000000
31872 X 31873 0.997905
31872 X 31872 0.000698
31872 X 31875 0.000698
31872 X 31874 0.000698
31873 SX 31757 0.997905
31873 SX 31773 0.000698
31873 SX 31771 0.000698
31873 SX 31759 0.000698
31873 RZPI 31873 1.000000
31873 RZ3PI 31874 1.000000
31873 RZPIHalf 31819 1.000000
31873 S 31820 1.000000
31873 X 31872 0.997905
31873 X 31873 0.000698
31873 X 31874 0.000698
31873 X 31875 0.000698
31874 SX 31771 0.997905
31874 SX 31759 0.000698
31874 SX 31757 0.000698
31874 SX 31773 0.000698
31874 RZPI 31874 1.000000
31874 RZ3PI 31873 1.000000
31874 RZPIHalf 31820 1.000000
31874 S 31819 1.000000
31874 X 31875 0.997905
31874 X 31874 0.000698
31874 X 31873 0.000698
31874 X 31872 0.000698
31875 SX 31759 0.997905
31875 SX 31771 0.000698
31875 SX 31773 0.000698
31875 SX 31757 0.000698
31875 RZPI 31875 1.000000
31875 RZ3PI 31872 1.000000
31875 RZPIHalf 31818 1.000000
31875 S 31821 1.000000
31875 X 31874 0.997905
31875 X 31875 0.000698
31875 X 31872 0.000698
31875 X 31873 0.000698
ENDPOMDP
