BEGINPOMDP
INITIALSTATE: 32666
STATES: 32769,32770,32666,32667,32672,32673,32674,32675,32678,32680,32682,32811,32812,32813,32814,32687,32688,32696,32698,32710,32712,32757,32758,32759,32760
REWARDS: 32769:0,32770:0,32666:0,32667:0,32672:0,32673:0,32674:0,32675:0,32678:0,32680:0,32682:0,32811:0,32812:0,32813:0,32814:0,32687:0,32688:1,32696:0,32698:0,32710:0,32712:0,32757:0,32758:0,32759:0,32760:0
GAMMA: 32769:0,32770:0,32666:0,32667:0,32672:0,32673:0,32674:0,32675:0,32678:0,32680:0,32682:0,32811:0,32812:0,32813:0,32814:0,32687:0,32688:0,32696:0,32698:0,32710:0,32712:0,32757:0,32758:0,32759:0,32760:0
BEGINACTIONS
SX
RZPI
RZ3PI
RZPIHalf
S
X
ENDACTIONS
32666 INIT_ 32667 1.000000
32667 SX 32672 0.999647
32667 SX 32673 0.000118
32667 SX 32674 0.000118
32667 SX 32675 0.000118
32667 RZPI 32667 1.000000
32667 RZ3PI 32678 1.000000
32667 RZPIHalf 32680 1.000000
32667 S 32682 1.000000
32667 X 32687 0.999647
32667 X 32667 0.000118
32667 X 32678 0.000118
32667 X 32688 0.000118
32672 SX 32687 0.999647
32672 SX 32667 0.000118
32672 SX 32678 0.000118
32672 SX 32688 0.000118
32672 RZPI 32672 1.000000
32672 RZ3PI 32675 1.000000
32672 RZPIHalf 32696 1.000000
32672 S 32698 1.000000
32672 X 32673 0.999647
32672 X 32672 0.000118
32672 X 32675 0.000118
32672 X 32674 0.000118
32673 SX 32667 0.999647
32673 SX 32687 0.000118
32673 SX 32688 0.000118
32673 SX 32678 0.000118
32673 RZPI 32673 1.000000
32673 RZ3PI 32674 1.000000
32673 RZPIHalf 32710 1.000000
32673 S 32712 1.000000
32673 X 32672 0.999647
32673 X 32673 0.000118
32673 X 32674 0.000118
32673 X 32675 0.000118
32674 SX 32688 0.999647
32674 SX 32678 0.000118
32674 SX 32667 0.000118
32674 SX 32687 0.000118
32674 RZPI 32674 1.000000
32674 RZ3PI 32673 1.000000
32674 RZPIHalf 32712 1.000000
32674 S 32710 1.000000
32674 X 32675 0.999647
32674 X 32674 0.000118
32674 X 32673 0.000118
32674 X 32672 0.000118
32675 SX 32678 0.999647
32675 SX 32688 0.000118
32675 SX 32687 0.000118
32675 SX 32667 0.000118
32675 RZPI 32675 1.000000
32675 RZ3PI 32672 1.000000
32675 RZPIHalf 32698 1.000000
32675 S 32696 1.000000
32675 X 32674 0.999647
32675 X 32675 0.000118
32675 X 32672 0.000118
32675 X 32673 0.000118
32678 SX 32674 0.999647
32678 SX 32675 0.000118
32678 SX 32672 0.000118
32678 SX 32673 0.000118
32678 RZPI 32678 1.000000
32678 RZ3PI 32667 1.000000
32678 RZPIHalf 32682 1.000000
32678 S 32680 1.000000
32678 X 32688 0.999647
32678 X 32678 0.000118
32678 X 32667 0.000118
32678 X 32687 0.000118
32680 SX 32757 0.999647
32680 SX 32758 0.000118
32680 SX 32759 0.000118
32680 SX 32760 0.000118
32680 RZPI 32680 1.000000
32680 RZ3PI 32682 1.000000
32680 RZPIHalf 32678 1.000000
32680 S 32667 1.000000
32680 X 32769 0.999647
32680 X 32680 0.000118
32680 X 32682 0.000118
32680 X 32770 0.000118
32682 SX 32759 0.999647
32682 SX 32760 0.000118
32682 SX 32757 0.000118
32682 SX 32758 0.000118
32682 RZPI 32682 1.000000
32682 RZ3PI 32680 1.000000
32682 RZPIHalf 32667 1.000000
32682 S 32678 1.000000
32682 X 32770 0.999647
32682 X 32682 0.000118
32682 X 32680 0.000118
32682 X 32769 0.000118
32687 SX 32673 0.999647
32687 SX 32672 0.000118
32687 SX 32675 0.000118
32687 SX 32674 0.000118
32687 RZPI 32687 1.000000
32687 RZ3PI 32688 1.000000
32687 RZPIHalf 32770 1.000000
32687 S 32769 1.000000
32687 X 32667 0.999647
32687 X 32687 0.000118
32687 X 32688 0.000118
32687 X 32678 0.000118
32688 SX 32675 0.999647
32688 SX 32674 0.000118
32688 SX 32673 0.000118
32688 SX 32672 0.000118
32688 RZPI 32688 1.000000
32688 RZ3PI 32687 1.000000
32688 RZPIHalf 32769 1.000000
32688 S 32770 1.000000
32688 X 32678 0.999647
32688 X 32688 0.000118
32688 X 32687 0.000118
32688 X 32667 0.000118
32696 SX 32811 0.999647
32696 SX 32812 0.000118
32696 SX 32813 0.000118
32696 SX 32814 0.000118
32696 RZPI 32696 1.000000
32696 RZ3PI 32698 1.000000
32696 RZPIHalf 32675 1.000000
32696 S 32672 1.000000
32696 X 32712 0.999647
32696 X 32696 0.000118
32696 X 32698 0.000118
32696 X 32710 0.000118
32698 SX 32813 0.999647
32698 SX 32814 0.000118
32698 SX 32811 0.000118
32698 SX 32812 0.000118
32698 RZPI 32698 1.000000
32698 RZ3PI 32696 1.000000
32698 RZPIHalf 32672 1.000000
32698 S 32675 1.000000
32698 X 32710 0.999647
32698 X 32698 0.000118
32698 X 32696 0.000118
32698 X 32712 0.000118
32710 SX 32814 0.999647
32710 SX 32813 0.000118
32710 SX 32812 0.000118
32710 SX 32811 0.000118
32710 RZPI 32710 1.000000
32710 RZ3PI 32712 1.000000
32710 RZPIHalf 32674 1.000000
32710 S 32673 1.000000
32710 X 32698 0.999647
32710 X 32710 0.000118
32710 X 32712 0.000118
32710 X 32696 0.000118
32712 SX 32812 0.999647
32712 SX 32811 0.000118
32712 SX 32814 0.000118
32712 SX 32813 0.000118
32712 RZPI 32712 1.000000
32712 RZ3PI 32710 1.000000
32712 RZPIHalf 32673 1.000000
32712 S 32674 1.000000
32712 X 32696 0.999647
32712 X 32712 0.000118
32712 X 32710 0.000118
32712 X 32698 0.000118
32757 SX 32769 0.999647
32757 SX 32680 0.000118
32757 SX 32682 0.000118
32757 SX 32770 0.000118
32757 RZPI 32757 1.000000
32757 RZ3PI 32760 1.000000
32757 RZPIHalf 32811 1.000000
32757 S 32814 1.000000
32757 X 32758 0.999647
32757 X 32757 0.000118
32757 X 32760 0.000118
32757 X 32759 0.000118
32758 SX 32680 0.999647
32758 SX 32769 0.000118
32758 SX 32770 0.000118
32758 SX 32682 0.000118
32758 RZPI 32758 1.000000
32758 RZ3PI 32759 1.000000
32758 RZPIHalf 32813 1.000000
32758 S 32812 1.000000
32758 X 32757 0.999647
32758 X 32758 0.000118
32758 X 32759 0.000118
32758 X 32760 0.000118
32759 SX 32770 0.999647
32759 SX 32682 0.000118
32759 SX 32680 0.000118
32759 SX 32769 0.000118
32759 RZPI 32759 1.000000
32759 RZ3PI 32758 1.000000
32759 RZPIHalf 32812 1.000000
32759 S 32813 1.000000
32759 X 32760 0.999647
32759 X 32759 0.000118
32759 X 32758 0.000118
32759 X 32757 0.000118
32760 SX 32682 0.999647
32760 SX 32770 0.000118
32760 SX 32769 0.000118
32760 SX 32680 0.000118
32760 RZPI 32760 1.000000
32760 RZ3PI 32757 1.000000
32760 RZPIHalf 32814 1.000000
32760 S 32811 1.000000
32760 X 32759 0.999647
32760 X 32760 0.000118
32760 X 32757 0.000118
32760 X 32758 0.000118
32769 SX 32758 0.999647
32769 SX 32757 0.000118
32769 SX 32760 0.000118
32769 SX 32759 0.000118
32769 RZPI 32769 1.000000
32769 RZ3PI 32770 1.000000
32769 RZPIHalf 32687 1.000000
32769 S 32688 1.000000
32769 X 32680 0.999647
32769 X 32769 0.000118
32769 X 32770 0.000118
32769 X 32682 0.000118
32770 SX 32760 0.999647
32770 SX 32759 0.000118
32770 SX 32758 0.000118
32770 SX 32757 0.000118
32770 RZPI 32770 1.000000
32770 RZ3PI 32769 1.000000
32770 RZPIHalf 32688 1.000000
32770 S 32687 1.000000
32770 X 32682 0.999647
32770 X 32770 0.000118
32770 X 32769 0.000118
32770 X 32680 0.000118
32811 SX 32712 0.999647
32811 SX 32696 0.000118
32811 SX 32698 0.000118
32811 SX 32710 0.000118
32811 RZPI 32811 1.000000
32811 RZ3PI 32814 1.000000
32811 RZPIHalf 32760 1.000000
32811 S 32757 1.000000
32811 X 32812 0.999647
32811 X 32811 0.000118
32811 X 32814 0.000118
32811 X 32813 0.000118
32812 SX 32696 0.999647
32812 SX 32712 0.000118
32812 SX 32710 0.000118
32812 SX 32698 0.000118
32812 RZPI 32812 1.000000
32812 RZ3PI 32813 1.000000
32812 RZPIHalf 32758 1.000000
32812 S 32759 1.000000
32812 X 32811 0.999647
32812 X 32812 0.000118
32812 X 32813 0.000118
32812 X 32814 0.000118
32813 SX 32710 0.999647
32813 SX 32698 0.000118
32813 SX 32696 0.000118
32813 SX 32712 0.000118
32813 RZPI 32813 1.000000
32813 RZ3PI 32812 1.000000
32813 RZPIHalf 32759 1.000000
32813 S 32758 1.000000
32813 X 32814 0.999647
32813 X 32813 0.000118
32813 X 32812 0.000118
32813 X 32811 0.000118
32814 SX 32698 0.999647
32814 SX 32710 0.000118
32814 SX 32712 0.000118
32814 SX 32696 0.000118
32814 RZPI 32814 1.000000
32814 RZ3PI 32811 1.000000
32814 RZPIHalf 32757 1.000000
32814 S 32760 1.000000
32814 X 32813 0.999647
32814 X 32814 0.000118
32814 X 32811 0.000118
32814 X 32812 0.000118
ENDPOMDP
