BEGINPOMDP
INITIALSTATE: 32979
STATES: 33025,33070,33071,33072,33073,33082,33083,32979,32980,32985,32986,32987,32988,32991,32993,32995,33124,33125,33126,33127,33000,33001,33009,33011,33023
REWARDS: 33025:0,33070:0,33071:0,33072:0,33073:0,33082:0,33083:0,32979:0,32980:0,32985:0,32986:0,32987:0,32988:0,32991:0,32993:0,32995:0,33124:0,33125:0,33126:0,33127:0,33000:0,33001:1,33009:0,33011:0,33023:0
GAMMA: 33025:0,33070:0,33071:0,33072:0,33073:0,33082:0,33083:0,32979:0,32980:0,32985:0,32986:0,32987:0,32988:0,32991:0,32993:0,32995:0,33124:0,33125:0,33126:0,33127:0,33000:0,33001:0,33009:0,33011:0,33023:0
BEGINACTIONS
SX
RZPI
RZ3PI
RZPIHalf
S
X
ENDACTIONS
32979 INIT_ 32980 1.000000
32980 SX 32985 0.997253
32980 SX 32986 0.000916
32980 SX 32987 0.000916
32980 SX 32988 0.000916
32980 RZPI 32980 1.000000
32980 RZ3PI 32991 1.000000
32980 RZPIHalf 32993 1.000000
32980 S 32995 1.000000
32980 X 33000 0.997253
32980 X 32980 0.000916
32980 X 32991 0.000916
32980 X 33001 0.000916
32985 SX 33000 0.997253
32985 SX 32980 0.000916
32985 SX 32991 0.000916
32985 SX 33001 0.000916
32985 RZPI 32985 1.000000
32985 RZ3PI 32988 1.000000
32985 RZPIHalf 33009 1.000000
32985 S 33011 1.000000
32985 X 32986 0.997253
32985 X 32985 0.000916
32985 X 32988 0.000916
32985 X 32987 0.000916
32986 SX 32980 0.997253
32986 SX 33000 0.000916
32986 SX 33001 0.000916
32986 SX 32991 0.000916
32986 RZPI 32986 1.000000
32986 RZ3PI 32987 1.000000
32986 RZPIHalf 33023 1.000000
32986 S 33025 1.000000
32986 X 32985 0.997253
32986 X 32986 0.000916
32986 X 32987 0.000916
32986 X 32988 0.000916
32987 SX 33001 0.997253
32987 SX 32991 0.000916
32987 SX 32980 0.000916
32987 SX 33000 0.000916
32987 RZPI 32987 1.000000
32987 RZ3PI 32986 1.000000
32987 RZPIHalf 33025 1.000000
32987 S 33023 1.000000
32987 X 32988 0.997253
32987 X 32987 0.000916
32987 X 32986 0.000916
32987 X 32985 0.000916
32988 SX 32991 0.997253
32988 SX 33001 0.000916
32988 SX 33000 0.000916
32988 SX 32980 0.000916
32988 RZPI 32988 1.000000
32988 RZ3PI 32985 1.000000
32988 RZPIHalf 33011 1.000000
32988 S 33009 1.000000
32988 X 32987 0.997253
32988 X 32988 0.000916
32988 X 32985 0.000916
32988 X 32986 0.000916
32991 SX 32987 0.997253
32991 SX 32988 0.000916
32991 SX 32985 0.000916
32991 SX 32986 0.000916
32991 RZPI 32991 1.000000
32991 RZ3PI 32980 1.000000
32991 RZPIHalf 32995 1.000000
32991 S 32993 1.000000
32991 X 33001 0.997253
32991 X 32991 0.000916
32991 X 32980 0.000916
32991 X 33000 0.000916
32993 SX 33070 0.997253
32993 SX 33071 0.000916
32993 SX 33072 0.000916
32993 SX 33073 0.000916
32993 RZPI 32993 1.000000
32993 RZ3PI 32995 1.000000
32993 RZPIHalf 32991 1.000000
32993 S 32980 1.000000
32993 X 33082 0.997253
32993 X 32993 0.000916
32993 X 32995 0.000916
32993 X 33083 0.000916
32995 SX 33072 0.997253
32995 SX 33073 0.000916
32995 SX 33070 0.000916
32995 SX 33071 0.000916
32995 RZPI 32995 1.000000
32995 RZ3PI 32993 1.000000
32995 RZPIHalf 32980 1.000000
32995 S 32991 1.000000
32995 X 33083 0.997253
32995 X 32995 0.000916
32995 X 32993 0.000916
32995 X 33082 0.000916
33000 SX 32986 0.997253
33000 SX 32985 0.000916
33000 SX 32988 0.000916
33000 SX 32987 0.000916
33000 RZPI 33000 1.000000
33000 RZ3PI 33001 1.000000
33000 RZPIHalf 33083 1.000000
33000 S 33082 1.000000
33000 X 32980 0.997253
33000 X 33000 0.000916
33000 X 33001 0.000916
33000 X 32991 0.000916
33001 SX 32988 0.997253
33001 SX 32987 0.000916
33001 SX 32986 0.000916
33001 SX 32985 0.000916
33001 RZPI 33001 1.000000
33001 RZ3PI 33000 1.000000
33001 RZPIHalf 33082 1.000000
33001 S 33083 1.000000
33001 X 32991 0.997253
33001 X 33001 0.000916
33001 X 33000 0.000916
33001 X 32980 0.000916
33009 SX 33124 0.997253
33009 SX 33125 0.000916
33009 SX 33126 0.000916
33009 SX 33127 0.000916
33009 RZPI 33009 1.000000
33009 RZ3PI 33011 1.000000
33009 RZPIHalf 32988 1.000000
33009 S 32985 1.000000
33009 X 33025 0.997253
33009 X 33009 0.000916
33009 X 33011 0.000916
33009 X 33023 0.000916
33011 SX 33126 0.997253
33011 SX 33127 0.000916
33011 SX 33124 0.000916
33011 SX 33125 0.000916
33011 RZPI 33011 1.000000
33011 RZ3PI 33009 1.000000
33011 RZPIHalf 32985 1.000000
33011 S 32988 1.000000
33011 X 33023 0.997253
33011 X 33011 0.000916
33011 X 33009 0.000916
33011 X 33025 0.000916
33023 SX 33127 0.997253
33023 SX 33126 0.000916
33023 SX 33125 0.000916
33023 SX 33124 0.000916
33023 RZPI 33023 1.000000
33023 RZ3PI 33025 1.000000
33023 RZPIHalf 32987 1.000000
33023 S 32986 1.000000
33023 X 33011 0.997253
33023 X 33023 0.000916
33023 X 33025 0.000916
33023 X 33009 0.000916
33025 SX 33125 0.997253
33025 SX 33124 0.000916
33025 SX 33127 0.000916
33025 SX 33126 0.000916
33025 RZPI 33025 1.000000
33025 RZ3PI 33023 1.000000
33025 RZPIHalf 32986 1.000000
33025 S 32987 1.000000
33025 X 33009 0.997253
33025 X 33025 0.000916
33025 X 33023 0.000916
33025 X 33011 0.000916
33070 SX 33082 0.997253
33070 SX 32993 0.000916
33070 SX 32995 0.000916
33070 SX 33083 0.000916
33070 RZPI 33070 1.000000
33070 RZ3PI 33073 1.000000
33070 RZPIHalf 33124 1.000000
33070 S 33127 1.000000
33070 X 33071 0.997253
33070 X 33070 0.000916
33070 X 33073 0.000916
33070 X 33072 0.000916
33071 SX 32993 0.997253
33071 SX 33082 0.000916
33071 SX 33083 0.000916
33071 SX 32995 0.000916
33071 RZPI 33071 1.000000
33071 RZ3PI 33072 1.000000
33071 RZPIHalf 33126 1.000000
33071 S 33125 1.000000
33071 X 33070 0.997253
33071 X 33071 0.000916
33071 X 33072 0.000916
33071 X 33073 0.000916
33072 SX 33083 0.997253
33072 SX 32995 0.000916
33072 SX 32993 0.000916
33072 SX 33082 0.000916
33072 RZPI 33072 1.000000
33072 RZ3PI 33071 1.000000
33072 RZPIHalf 33125 1.000000
33072 S 33126 1.000000
33072 X 33073 0.997253
33072 X 33072 0.000916
33072 X 33071 0.000916
33072 X 33070 0.000916
33073 SX 32995 0.997253
33073 SX 33083 0.000916
33073 SX 33082 0.000916
33073 SX 32993 0.000916
33073 RZPI 33073 1.000000
33073 RZ3PI 33070 1.000000
33073 RZPIHalf 33127 1.000000
33073 S 33124 1.000000
33073 X 33072 0.997253
33073 X 33073 0.000916
33073 X 33070 0.000916
33073 X 33071 0.000916
33082 SX 33071 0.997253
33082 SX 33070 0.000916
33082 SX 33073 0.000916
33082 SX 33072 0.000916
33082 RZPI 33082 1.000000
33082 RZ3PI 33083 1.000000
33082 RZPIHalf 33000 1.000000
33082 S 33001 1.000000
33082 X 32993 0.997253
33082 X 33082 0.000916
33082 X 33083 0.000916
33082 X 32995 0.000916
33083 SX 33073 0.997253
33083 SX 33072 0.000916
33083 SX 33071 0.000916
33083 SX 33070 0.000916
33083 RZPI 33083 1.000000
33083 RZ3PI 33082 1.000000
33083 RZPIHalf 33001 1.000000
33083 S 33000 1.000000
33083 X 32995 0.997253
33083 X 33083 0.000916
33083 X 33082 0.000916
33083 X 32993 0.000916
33124 SX 33025 0.997253
33124 SX 33009 0.000916
33124 SX 33011 0.000916
33124 SX 33023 0.000916
33124 RZPI 33124 1.000000
33124 RZ3PI 33127 1.000000
33124 RZPIHalf 33073 1.000000
33124 S 33070 1.000000
33124 X 33125 0.997253
33124 X 33124 0.000916
33124 X 33127 0.000916
33124 X 33126 0.000916
33125 SX 33009 0.997253
33125 SX 33025 0.000916
33125 SX 33023 0.000916
33125 SX 33011 0.000916
33125 RZPI 33125 1.000000
33125 RZ3PI 33126 1.000000
33125 RZPIHalf 33071 1.000000
33125 S 33072 1.000000
33125 X 33124 0.997253
33125 X 33125 0.000916
33125 X 33126 0.000916
33125 X 33127 0.000916
33126 SX 33023 0.997253
33126 SX 33011 0.000916
33126 SX 33009 0.000916
33126 SX 33025 0.000916
33126 RZPI 33126 1.000000
33126 RZ3PI 33125 1.000000
33126 RZPIHalf 33072 1.000000
33126 S 33071 1.000000
33126 X 33127 0.997253
33126 X 33126 0.000916
33126 X 33125 0.000916
33126 X 33124 0.000916
33127 SX 33011 0.997253
33127 SX 33023 0.000916
33127 SX 33025 0.000916
33127 SX 33009 0.000916
33127 RZPI 33127 1.000000
33127 RZ3PI 33124 1.000000
33127 RZPIHalf 33070 1.000000
33127 S 33073 1.000000
33127 X 33126 0.997253
33127 X 33127 0.000916
33127 X 33124 0.000916
33127 X 33125 0.000916
ENDPOMDP
