BEGINPOMDP
INITIALSTATE: 1
STATES: 1,2,140,15,16,17,399,657,658,660,661,915,1167,1168,1169,1170,31,32,34,35,38,554,178,191,192,89,348,864,244,503
REWARDS: 1:0,2:0,140:0,15:1,16:0,17:0,399:0,657:0,658:0,660:0,661:0,915:0,1167:0,1168:0,1169:0,1170:0,31:0,32:0,34:0,35:0,38:0,554:0,178:0,191:0,192:0,89:0,348:0,864:0,244:0,503:0
GAMMA: 1:0,2:0,140:0,15:0,16:0,17:0,399:0,657:0,658:0,660:0,661:0,915:0,1167:0,1168:0,1169:0,1170:0,31:0,32:0,34:0,35:0,38:0,554:0,178:0,191:0,192:0,89:0,348:0,864:0,244:0,503:0
BEGINACTIONS
U3
H
S
Z
X
RY
ENDACTIONS
1 INIT_ 2 1.000000
1 U3 178 0.998821
1 U3 1 0.001179
1 H 191 0.999018
1 H 192 0.000498
1 H 1 0.000484
1 S 1 1.000000
1 Z 1 1.000000
1 X 178 0.998821
1 X 1 0.001179
1 RY 178 0.998821
1 RY 1 0.001179
2 U3 15 0.997932
2 U3 16 0.000890
2 U3 1 0.000968
2 U3 17 0.000105
2 U3 2 0.000105
2 H 31 0.998966
2 H 32 0.000445
2 H 34 0.000052
2 H 35 0.000052
2 S 38 1.000000
2 Z 17 1.000000
2 X 16 0.997932
2 X 15 0.000890
2 X 2 0.000105
2 X 17 0.000105
2 X 1 0.000000
2 RY 15 0.997932
2 RY 16 0.000890
2 RY 1 0.000968
2 RY 17 0.000105
2 RY 2 0.000105
15 U3 2 0.997932
15 U3 17 0.000890
15 U3 1 0.000968
15 U3 16 0.000105
15 U3 15 0.000105
15 H 35 0.998966
15 H 34 0.000445
15 H 32 0.000052
15 H 31 0.000052
15 S 89 1.000000
15 Z 16 1.000000
15 X 17 0.997932
15 X 2 0.000890
15 X 15 0.000105
15 X 16 0.000105
15 X 1 0.000000
15 RY 2 0.997932
15 RY 17 0.000890
15 RY 1 0.000968
15 RY 16 0.000105
15 RY 15 0.000105
16 U3 17 0.997932
16 U3 2 0.000890
16 U3 1 0.000968
16 U3 15 0.000105
16 U3 16 0.000105
16 H 32 0.998966
16 H 31 0.000445
16 H 35 0.000052
16 H 34 0.000052
16 S 140 1.000000
16 Z 15 1.000000
16 X 2 0.997932
16 X 17 0.000890
16 X 1 0.000968
16 X 16 0.000105
16 X 15 0.000105
16 RY 17 0.997932
16 RY 2 0.000890
16 RY 15 0.000105
16 RY 16 0.000105
16 RY 1 0.000000
17 U3 16 0.997932
17 U3 15 0.000890
17 U3 2 0.000105
17 U3 17 0.000105
17 U3 1 0.000000
17 H 34 0.998966
17 H 35 0.000445
17 H 31 0.000052
17 H 32 0.000052
17 S 244 1.000000
17 Z 2 1.000000
17 X 15 0.997932
17 X 16 0.000890
17 X 17 0.000105
17 X 2 0.000105
17 X 1 0.000000
17 RY 16 0.997932
17 RY 15 0.000890
17 RY 2 0.000105
17 RY 17 0.000105
17 RY 1 0.000000
31 U3 35 0.997932
31 U3 34 0.000890
31 U3 32 0.000105
31 U3 31 0.000105
31 H 2 0.998966
31 H 17 0.000445
31 H 1 0.000484
31 H 16 0.000052
31 H 15 0.000052
31 S 348 1.000000
31 Z 32 1.000000
31 X 34 0.997932
31 X 35 0.000890
31 X 31 0.000105
31 X 32 0.000105
31 RY 35 0.997932
31 RY 34 0.000890
31 RY 32 0.000105
31 RY 31 0.000105
32 U3 34 0.997932
32 U3 35 0.000890
32 U3 31 0.000105
32 U3 32 0.000105
32 H 16 0.998966
32 H 15 0.000445
32 H 2 0.000052
32 H 17 0.000052
32 H 1 0.000000
32 S 399 1.000000
32 Z 31 1.000000
32 X 35 0.997932
32 X 34 0.000890
32 X 32 0.000105
32 X 31 0.000105
32 RY 34 0.997932
32 RY 35 0.000890
32 RY 31 0.000105
32 RY 32 0.000105
34 U3 32 0.997932
34 U3 31 0.000890
34 U3 35 0.000105
34 U3 34 0.000105
34 H 17 0.998966
34 H 2 0.000445
34 H 1 0.000484
34 H 15 0.000052
34 H 16 0.000052
34 S 503 1.000000
34 Z 35 1.000000
34 X 31 0.997932
34 X 32 0.000890
34 X 34 0.000105
34 X 35 0.000105
34 RY 32 0.997932
34 RY 31 0.000890
34 RY 35 0.000105
34 RY 34 0.000105
35 U3 31 0.997932
35 U3 32 0.000890
35 U3 34 0.000105
35 U3 35 0.000105
35 H 15 0.998966
35 H 16 0.000445
35 H 17 0.000052
35 H 2 0.000052
35 H 1 0.000000
35 S 554 1.000000
35 Z 34 1.000000
35 X 32 0.997932
35 X 31 0.000890
35 X 35 0.000105
35 X 34 0.000105
35 RY 31 0.997932
35 RY 32 0.000890
35 RY 34 0.000105
35 RY 35 0.000105
38 U3 140 0.997932
38 U3 89 0.000890
38 U3 244 0.000105
38 U3 38 0.000105
38 U3 1 0.000000
38 H 657 0.998966
38 H 658 0.000445
38 H 660 0.000052
38 H 661 0.000052
38 S 17 1.000000
38 Z 244 1.000000
38 X 89 0.997932
38 X 140 0.000890
38 X 38 0.000105
38 X 244 0.000105
38 X 1 0.000000
38 RY 140 0.997932
38 RY 89 0.000890
38 RY 244 0.000105
38 RY 38 0.000105
38 RY 1 0.000000
89 U3 244 0.997932
89 U3 38 0.000890
89 U3 140 0.000105
89 U3 89 0.000105
89 U3 1 0.000000
89 H 658 0.998966
89 H 657 0.000445
89 H 661 0.000052
89 H 660 0.000052
89 S 16 1.000000
89 Z 140 1.000000
89 X 38 0.997932
89 X 244 0.000890
89 X 1 0.000968
89 X 89 0.000105
89 X 140 0.000105
89 RY 244 0.997932
89 RY 38 0.000890
89 RY 1 0.000968
89 RY 140 0.000105
89 RY 89 0.000105
140 U3 38 0.997932
140 U3 244 0.000890
140 U3 1 0.000968
140 U3 89 0.000105
140 U3 140 0.000105
140 H 661 0.998966
140 H 660 0.000445
140 H 658 0.000052
140 H 657 0.000052
140 S 15 1.000000
140 Z 89 1.000000
140 X 244 0.997932
140 X 38 0.000890
140 X 140 0.000105
140 X 89 0.000105
140 X 1 0.000000
140 RY 38 0.997932
140 RY 244 0.000890
140 RY 89 0.000105
140 RY 140 0.000105
140 RY 1 0.000000
178 U3 1 0.999790
178 U3 178 0.000210
178 H 192 0.999018
178 H 191 0.000498
178 H 1 0.000484
178 S 178 1.000000
178 Z 178 1.000000
178 X 1 0.999790
178 X 178 0.000210
178 RY 1 0.999790
178 RY 178 0.000210
191 U3 192 0.998037
191 U3 191 0.000995
191 U3 1 0.000968
191 H 1 0.999895
191 H 178 0.000105
191 S 864 1.000000
191 Z 192 1.000000
191 X 191 0.998037
191 X 192 0.000995
191 X 1 0.000968
191 RY 192 0.998037
191 RY 191 0.000995
191 RY 1 0.000968
192 U3 191 0.998037
192 U3 192 0.000995
192 U3 1 0.000968
192 H 178 0.999411
192 H 1 0.000589
192 S 915 1.000000
192 Z 191 1.000000
192 X 192 0.998037
192 X 191 0.000995
192 X 1 0.000968
192 RY 191 0.998037
192 RY 192 0.000995
192 RY 1 0.000968
244 U3 89 0.997932
244 U3 140 0.000890
244 U3 38 0.000105
244 U3 244 0.000105
244 U3 1 0.000000
244 H 660 0.998966
244 H 661 0.000445
244 H 657 0.000052
244 H 658 0.000052
244 S 2 1.000000
244 Z 38 1.000000
244 X 140 0.997932
244 X 89 0.000890
244 X 244 0.000105
244 X 38 0.000105
244 X 1 0.000000
244 RY 89 0.997932
244 RY 140 0.000890
244 RY 1 0.000968
244 RY 38 0.000105
244 RY 244 0.000105
348 U3 503 0.997932
348 U3 554 0.000890
348 U3 399 0.000105
348 U3 348 0.000105
348 H 1167 0.998966
348 H 1168 0.000445
348 H 1169 0.000052
348 H 1170 0.000052
348 S 32 1.000000
348 Z 399 1.000000
348 X 554 0.997932
348 X 503 0.000890
348 X 348 0.000105
348 X 399 0.000105
348 RY 503 0.997932
348 RY 554 0.000890
348 RY 399 0.000105
348 RY 348 0.000105
399 U3 554 0.997932
399 U3 503 0.000890
399 U3 348 0.000105
399 U3 399 0.000105
399 H 1169 0.998966
399 H 1170 0.000445
399 H 1167 0.000052
399 H 1168 0.000052
399 S 31 1.000000
399 Z 348 1.000000
399 X 503 0.997932
399 X 554 0.000890
399 X 399 0.000105
399 X 348 0.000105
399 RY 554 0.997932
399 RY 503 0.000890
399 RY 348 0.000105
399 RY 399 0.000105
503 U3 348 0.997932
503 U3 399 0.000890
503 U3 554 0.000105
503 U3 503 0.000105
503 H 1170 0.998966
503 H 1169 0.000445
503 H 1168 0.000052
503 H 1167 0.000052
503 S 35 1.000000
503 Z 554 1.000000
503 X 399 0.997932
503 X 348 0.000890
503 X 503 0.000105
503 X 554 0.000105
503 RY 348 0.997932
503 RY 399 0.000890
503 RY 554 0.000105
503 RY 503 0.000105
554 U3 399 0.997932
554 U3 348 0.000890
554 U3 503 0.000105
554 U3 554 0.000105
554 H 1168 0.998966
554 H 1167 0.000445
554 H 1170 0.000052
554 H 1169 0.000052
554 S 34 1.000000
554 Z 503 1.000000
554 X 348 0.997932
554 X 399 0.000890
554 X 554 0.000105
554 X 503 0.000105
554 RY 399 0.997932
554 RY 348 0.000890
554 RY 503 0.000105
554 RY 554 0.000105
657 U3 661 0.997932
657 U3 660 0.000890
657 U3 658 0.000105
657 U3 657 0.000105
657 H 38 0.998966
657 H 244 0.000445
657 H 89 0.000052
657 H 140 0.000052
657 H 1 0.000000
657 S 1169 1.000000
657 Z 658 1.000000
657 X 660 0.997932
657 X 661 0.000890
657 X 657 0.000105
657 X 658 0.000105
657 RY 661 0.997932
657 RY 660 0.000890
657 RY 658 0.000105
657 RY 657 0.000105
658 U3 660 0.997932
658 U3 661 0.000890
658 U3 657 0.000105
658 U3 658 0.000105
658 H 89 0.998966
658 H 140 0.000445
658 H 1 0.000484
658 H 38 0.000052
658 H 244 0.000052
658 S 1170 1.000000
658 Z 657 1.000000
658 X 661 0.997932
658 X 660 0.000890
658 X 658 0.000105
658 X 657 0.000105
658 RY 660 0.997932
658 RY 661 0.000890
658 RY 657 0.000105
658 RY 658 0.000105
660 U3 658 0.997932
660 U3 657 0.000890
660 U3 661 0.000105
660 U3 660 0.000105
660 H 244 0.998966
660 H 38 0.000445
660 H 1 0.000484
660 H 140 0.000052
660 H 89 0.000052
660 S 1168 1.000000
660 Z 661 1.000000
660 X 657 0.997932
660 X 658 0.000890
660 X 660 0.000105
660 X 661 0.000105
660 RY 658 0.997932
660 RY 657 0.000890
660 RY 661 0.000105
660 RY 660 0.000105
661 U3 657 0.997932
661 U3 658 0.000890
661 U3 660 0.000105
661 U3 661 0.000105
661 H 140 0.998966
661 H 89 0.000445
661 H 1 0.000484
661 H 244 0.000052
661 H 38 0.000052
661 S 1167 1.000000
661 Z 660 1.000000
661 X 658 0.997932
661 X 657 0.000890
661 X 661 0.000105
661 X 660 0.000105
661 RY 657 0.997932
661 RY 658 0.000890
661 RY 660 0.000105
661 RY 661 0.000105
864 U3 864 0.998037
864 U3 915 0.000995
864 U3 1 0.000968
864 H 915 0.999018
864 H 864 0.000498
864 H 1 0.000484
864 S 192 1.000000
864 Z 915 1.000000
864 X 915 0.998037
864 X 864 0.000995
864 X 1 0.000968
864 RY 864 0.998037
864 RY 915 0.000995
864 RY 1 0.000968
915 U3 915 0.998037
915 U3 864 0.000995
915 U3 1 0.000968
915 H 864 0.999018
915 H 915 0.000498
915 H 1 0.000484
915 S 191 1.000000
915 Z 864 1.000000
915 X 864 0.998037
915 X 915 0.000995
915 X 1 0.000968
915 RY 915 0.998037
915 RY 864 0.000995
915 RY 1 0.000968
1167 U3 1170 0.997932
1167 U3 1169 0.000890
1167 U3 1168 0.000105
1167 U3 1167 0.000105
1167 H 348 0.998966
1167 H 399 0.000445
1167 H 554 0.000052
1167 H 503 0.000052
1167 S 660 1.000000
1167 Z 1168 1.000000
1167 X 1169 0.997932
1167 X 1170 0.000890
1167 X 1167 0.000105
1167 X 1168 0.000105
1167 RY 1170 0.997932
1167 RY 1169 0.000890
1167 RY 1168 0.000105
1167 RY 1167 0.000105
1168 U3 1169 0.997932
1168 U3 1170 0.000890
1168 U3 1167 0.000105
1168 U3 1168 0.000105
1168 H 554 0.998966
1168 H 503 0.000445
1168 H 348 0.000052
1168 H 399 0.000052
1168 S 661 1.000000
1168 Z 1167 1.000000
1168 X 1170 0.997932
1168 X 1169 0.000890
1168 X 1168 0.000105
1168 X 1167 0.000105
1168 RY 1169 0.997932
1168 RY 1170 0.000890
1168 RY 1167 0.000105
1168 RY 1168 0.000105
1169 U3 1168 0.997932
1169 U3 1167 0.000890
1169 U3 1170 0.000105
1169 U3 1169 0.000105
1169 H 399 0.998966
1169 H 348 0.000445
1169 H 503 0.000052
1169 H 554 0.000052
1169 S 658 1.000000
1169 Z 1170 1.000000
1169 X 1167 0.997932
1169 X 1168 0.000890
1169 X 1169 0.000105
1169 X 1170 0.000105
1169 RY 1168 0.997932
1169 RY 1167 0.000890
1169 RY 1170 0.000105
1169 RY 1169 0.000105
1170 U3 1167 0.997932
1170 U3 1168 0.000890
1170 U3 1169 0.000105
1170 U3 1170 0.000105
1170 H 503 0.998966
1170 H 554 0.000445
1170 H 399 0.000052
1170 H 348 0.000052
1170 S 657 1.000000
1170 Z 1169 1.000000
1170 X 1168 0.997932
1170 X 1167 0.000890
1170 X 1170 0.000105
1170 X 1169 0.000105
1170 RY 1167 0.997932
1170 RY 1168 0.000890
1170 RY 1169 0.000105
1170 RY 1170 0.000105
ENDPOMDP
