BEGINPOMDP
INITIALSTATE: 1
STATES: 128,1,2,129,133,6,7,11,12,270,15,17,285,30,31,33,161,299,300,176,50,315,316,61,65,66,82,97,239,240
REWARDS: 128:0,1:0,2:0,129:0,133:0,6:1,7:0,11:0,12:0,270:0,15:0,17:0,285:0,30:0,31:0,33:0,161:0,299:0,300:0,176:0,50:0,315:0,316:0,61:0,65:0,66:0,82:0,97:0,239:0,240:0
GAMMA: 128:0,1:0,2:0,129:0,133:0,6:0,7:0,11:0,12:0,270:0,15:0,17:0,285:0,30:0,31:0,33:0,161:0,299:0,300:0,176:0,50:0,315:0,316:0,61:0,65:0,66:0,82:0,97:0,239:0,240:0
BEGINACTIONS
U3
H
S
Z
X
RY
ENDACTIONS
1 INIT_ 2 1.000000
1 U3 61 0.996774
1 U3 1 0.003226
1 H 65 0.995949
1 H 66 0.002437
1 H 1 0.001614
1 S 1 1.000000
1 Z 1 1.000000
1 X 61 0.996774
1 X 1 0.003226
1 RY 61 0.996774
1 RY 1 0.003226
2 U3 6 0.991920
2 U3 7 0.004853
2 U3 1 0.003226
2 H 11 0.995949
2 H 12 0.002437
2 S 15 1.000000
2 Z 17 1.000000
2 X 7 0.991920
2 X 6 0.004853
2 X 1 0.003226
2 RY 6 0.991920
2 RY 7 0.004853
2 RY 1 0.003226
6 U3 2 0.991920
6 U3 17 0.004853
6 U3 1 0.003226
6 H 30 0.995949
6 H 31 0.002437
6 S 33 1.000000
6 Z 7 1.000000
6 X 17 0.991920
6 X 2 0.004853
6 X 1 0.003226
6 RY 2 0.991920
6 RY 17 0.004853
7 U3 17 0.991920
7 U3 2 0.004853
7 U3 1 0.003226
7 H 12 0.995949
7 H 11 0.002437
7 S 50 1.000000
7 Z 6 1.000000
7 X 2 0.991920
7 X 17 0.004853
7 X 1 0.003226
7 RY 17 0.991920
7 RY 2 0.004853
7 RY 1 0.003226
11 U3 30 0.991920
11 U3 31 0.004853
11 H 2 0.995949
11 H 17 0.002437
11 S 82 1.000000
11 Z 12 1.000000
11 X 31 0.991920
11 X 30 0.004853
11 RY 30 0.991920
11 RY 31 0.004853
12 U3 31 0.991920
12 U3 30 0.004853
12 H 7 0.995949
12 H 6 0.002437
12 S 97 1.000000
12 Z 11 1.000000
12 X 30 0.991920
12 X 31 0.004853
12 RY 31 0.991920
12 RY 30 0.004853
15 U3 50 0.991920
15 U3 33 0.004853
15 U3 1 0.003226
15 H 128 0.995949
15 H 129 0.002437
15 S 17 1.000000
15 Z 133 1.000000
15 X 33 0.991920
15 X 50 0.004853
15 X 1 0.003226
15 RY 50 0.991920
15 RY 33 0.004853
15 RY 1 0.003226
17 U3 7 0.991920
17 U3 6 0.004853
17 U3 1 0.003226
17 H 31 0.995949
17 H 30 0.002437
17 S 133 1.000000
17 Z 2 1.000000
17 X 6 0.991920
17 X 7 0.004853
17 X 1 0.003226
17 RY 7 0.991920
17 RY 6 0.004853
17 RY 1 0.003226
30 U3 11 0.991920
30 U3 12 0.004853
30 H 6 0.995949
30 H 7 0.002437
30 H 1 0.001614
30 S 161 1.000000
30 Z 31 1.000000
30 X 12 0.991920
30 X 11 0.004853
30 RY 11 0.991920
30 RY 12 0.004853
31 U3 12 0.991920
31 U3 11 0.004853
31 H 17 0.995949
31 H 2 0.002437
31 S 176 1.000000
31 Z 30 1.000000
31 X 11 0.991920
31 X 12 0.004853
31 RY 12 0.991920
31 RY 11 0.004853
33 U3 133 0.991920
33 U3 15 0.004853
33 U3 1 0.003226
33 H 129 0.995949
33 H 128 0.002437
33 S 7 1.000000
33 Z 50 1.000000
33 X 15 0.991920
33 X 133 0.004853
33 RY 133 0.991920
33 RY 15 0.004853
50 U3 15 0.991920
50 U3 133 0.004853
50 H 239 0.995949
50 H 240 0.002437
50 S 6 1.000000
50 Z 33 1.000000
50 X 133 0.991920
50 X 15 0.004853
50 RY 15 0.991920
50 RY 133 0.004853
61 U3 1 1.000000
61 H 66 0.995949
61 H 65 0.002437
61 H 1 0.001614
61 S 61 1.000000
61 Z 61 1.000000
61 X 1 1.000000
61 RY 1 1.000000
65 U3 66 0.991920
65 U3 65 0.004853
65 U3 1 0.003226
65 H 1 1.000000
65 S 270 1.000000
65 Z 66 1.000000
65 X 65 0.991920
65 X 66 0.004853
65 X 1 0.003226
65 RY 66 0.991920
65 RY 65 0.004853
65 RY 1 0.003226
66 U3 65 0.991920
66 U3 66 0.004853
66 U3 1 0.003226
66 H 61 0.998386
66 H 1 0.001614
66 S 285 1.000000
66 Z 65 1.000000
66 X 66 0.991920
66 X 65 0.004853
66 X 1 0.003226
66 RY 65 0.991920
66 RY 66 0.004853
66 RY 1 0.003226
82 U3 176 0.991920
82 U3 161 0.004853
82 H 299 0.995949
82 H 300 0.002437
82 S 12 1.000000
82 Z 97 1.000000
82 X 161 0.991920
82 X 176 0.004853
82 RY 176 0.991920
82 RY 161 0.004853
97 U3 161 0.991920
97 U3 176 0.004853
97 H 315 0.995949
97 H 316 0.002437
97 S 11 1.000000
97 Z 82 1.000000
97 X 176 0.991920
97 X 161 0.004853
97 RY 161 0.991920
97 RY 176 0.004853
128 U3 239 0.991920
128 U3 240 0.004853
128 H 15 0.995949
128 H 133 0.002437
128 S 315 1.000000
128 Z 129 1.000000
128 X 240 0.991920
128 X 239 0.004853
128 RY 239 0.991920
128 RY 240 0.004853
129 U3 240 0.991920
129 U3 239 0.004853
129 H 33 0.995949
129 H 50 0.002437
129 H 1 0.001614
129 S 316 1.000000
129 Z 128 1.000000
129 X 239 0.991920
129 X 240 0.004853
129 RY 240 0.991920
129 RY 239 0.004853
133 U3 33 0.991920
133 U3 50 0.004853
133 H 240 0.995949
133 H 239 0.002437
133 S 2 1.000000
133 Z 15 1.000000
133 X 50 0.991920
133 X 33 0.004853
133 X 1 0.003226
133 RY 33 0.991920
133 RY 50 0.004853
133 RY 1 0.003226
161 U3 97 0.991920
161 U3 82 0.004853
161 H 300 0.995949
161 H 299 0.002437
161 S 31 1.000000
161 Z 176 1.000000
161 X 82 0.991920
161 X 97 0.004853
161 RY 97 0.991920
161 RY 82 0.004853
176 U3 82 0.991920
176 U3 97 0.004853
176 H 316 0.995949
176 H 315 0.002437
176 S 30 1.000000
176 Z 161 1.000000
176 X 97 0.991920
176 X 82 0.004853
176 RY 82 0.991920
176 RY 97 0.004853
239 U3 128 0.991920
239 U3 129 0.004853
239 H 50 0.995949
239 H 33 0.002437
239 H 1 0.001614
239 S 299 1.000000
239 Z 240 1.000000
239 X 129 0.991920
239 X 128 0.004853
239 RY 128 0.991920
239 RY 129 0.004853
240 U3 129 0.991920
240 U3 128 0.004853
240 H 133 0.995949
240 H 15 0.002437
240 H 1 0.001614
240 S 300 1.000000
240 Z 239 1.000000
240 X 128 0.991920
240 X 129 0.004853
240 RY 129 0.991920
240 RY 128 0.004853
270 U3 270 0.991920
270 U3 285 0.004853
270 U3 1 0.003226
270 H 285 0.995949
270 H 270 0.002437
270 H 1 0.001614
270 S 66 1.000000
270 Z 285 1.000000
270 X 285 0.991920
270 X 270 0.004853
270 X 1 0.003226
270 RY 270 0.991920
270 RY 285 0.004853
270 RY 1 0.003226
285 U3 285 0.991920
285 U3 270 0.004853
285 U3 1 0.003226
285 H 270 0.995949
285 H 285 0.002437
285 H 1 0.001614
285 S 65 1.000000
285 Z 270 1.000000
285 X 270 0.991920
285 X 285 0.004853
285 X 1 0.003226
285 RY 285 0.991920
285 RY 270 0.004853
285 RY 1 0.003226
299 U3 316 0.991920
299 U3 315 0.004853
299 H 82 0.995949
299 H 97 0.002437
299 S 240 1.000000
299 Z 300 1.000000
299 X 315 0.991920
299 X 316 0.004853
299 RY 316 0.991920
299 RY 315 0.004853
300 U3 315 0.991920
300 U3 316 0.004853
300 H 161 0.995949
300 H 176 0.002437
300 S 239 1.000000
300 Z 299 1.000000
300 X 316 0.991920
300 X 315 0.004853
300 RY 315 0.991920
300 RY 316 0.004853
315 U3 300 0.991920
315 U3 299 0.004853
315 H 97 0.995949
315 H 82 0.002437
315 S 129 1.000000
315 Z 316 1.000000
315 X 299 0.991920
315 X 300 0.004853
315 RY 300 0.991920
315 RY 299 0.004853
316 U3 299 0.991920
316 U3 300 0.004853
316 H 176 0.995949
316 H 161 0.002437
316 S 128 1.000000
316 Z 315 1.000000
316 X 300 0.991920
316 X 299 0.004853
316 RY 299 0.991920
316 RY 300 0.004853
ENDPOMDP
