BEGINPOMDP
INITIALSTATE: 627
STATES: 641,643,772,773,774,775,648,649,657,659,671,673,718,719,720,721,730,731,627,628,633,634,635,636,639
REWARDS: 641:0,643:0,772:0,773:0,774:0,775:0,648:0,649:1,657:0,659:0,671:0,673:0,718:0,719:0,720:0,721:0,730:0,731:0,627:0,628:0,633:0,634:0,635:0,636:0,639:0
GAMMA: 641:0,643:0,772:0,773:0,774:0,775:0,648:0,649:0,657:0,659:0,671:0,673:0,718:0,719:0,720:0,721:0,730:0,731:0,627:0,628:0,633:0,634:0,635:0,636:0,639:0
BEGINACTIONS
SX
RZPI
RZ3PI
RZPIHalf
S
X
ENDACTIONS
627 INIT_ 628 1.000000
628 SX 633 0.999743
628 SX 634 0.000086
628 SX 635 0.000086
628 SX 636 0.000086
628 RZPI 628 1.000000
628 RZ3PI 639 1.000000
628 RZPIHalf 641 1.000000
628 S 643 1.000000
628 X 648 0.999743
628 X 628 0.000086
628 X 639 0.000086
628 X 649 0.000086
633 SX 648 0.999743
633 SX 628 0.000086
633 SX 639 0.000086
633 SX 649 0.000086
633 RZPI 633 1.000000
633 RZ3PI 636 1.000000
633 RZPIHalf 657 1.000000
633 S 659 1.000000
633 X 634 0.999743
633 X 633 0.000086
633 X 636 0.000086
633 X 635 0.000086
634 SX 628 0.999743
634 SX 648 0.000086
634 SX 649 0.000086
634 SX 639 0.000086
634 RZPI 634 1.000000
634 RZ3PI 635 1.000000
634 RZPIHalf 671 1.000000
634 S 673 1.000000
634 X 633 0.999743
634 X 634 0.000086
634 X 635 0.000086
634 X 636 0.000086
635 SX 649 0.999743
635 SX 639 0.000086
635 SX 628 0.000086
635 SX 648 0.000086
635 RZPI 635 1.000000
635 RZ3PI 634 1.000000
635 RZPIHalf 673 1.000000
635 S 671 1.000000
635 X 636 0.999743
635 X 635 0.000086
635 X 634 0.000086
635 X 633 0.000086
636 SX 639 0.999743
636 SX 649 0.000086
636 SX 648 0.000086
636 SX 628 0.000086
636 RZPI 636 1.000000
636 RZ3PI 633 1.000000
636 RZPIHalf 659 1.000000
636 S 657 1.000000
636 X 635 0.999743
636 X 636 0.000086
636 X 633 0.000086
636 X 634 0.000086
639 SX 635 0.999743
639 SX 636 0.000086
639 SX 633 0.000086
639 SX 634 0.000086
639 RZPI 639 1.000000
639 RZ3PI 628 1.000000
639 RZPIHalf 643 1.000000
639 S 641 1.000000
639 X 649 0.999743
639 X 639 0.000086
639 X 628 0.000086
639 X 648 0.000086
641 SX 718 0.999743
641 SX 719 0.000086
641 SX 720 0.000086
641 SX 721 0.000086
641 RZPI 641 1.000000
641 RZ3PI 643 1.000000
641 RZPIHalf 639 1.000000
641 S 628 1.000000
641 X 730 0.999743
641 X 641 0.000086
641 X 643 0.000086
641 X 731 0.000086
643 SX 720 0.999743
643 SX 721 0.000086
643 SX 718 0.000086
643 SX 719 0.000086
643 RZPI 643 1.000000
643 RZ3PI 641 1.000000
643 RZPIHalf 628 1.000000
643 S 639 1.000000
643 X 731 0.999743
643 X 643 0.000086
643 X 641 0.000086
643 X 730 0.000086
648 SX 634 0.999743
648 SX 633 0.000086
648 SX 636 0.000086
648 SX 635 0.000086
648 RZPI 648 1.000000
648 RZ3PI 649 1.000000
648 RZPIHalf 731 1.000000
648 S 730 1.000000
648 X 628 0.999743
648 X 648 0.000086
648 X 649 0.000086
648 X 639 0.000086
649 SX 636 0.999743
649 SX 635 0.000086
649 SX 634 0.000086
649 SX 633 0.000086
649 RZPI 649 1.000000
649 RZ3PI 648 1.000000
649 RZPIHalf 730 1.000000
649 S 731 1.000000
649 X 639 0.999743
649 X 649 0.000086
649 X 648 0.000086
649 X 628 0.000086
657 SX 772 0.999743
657 SX 773 0.000086
657 SX 774 0.000086
657 SX 775 0.000086
657 RZPI 657 1.000000
657 RZ3PI 659 1.000000
657 RZPIHalf 636 1.000000
657 S 633 1.000000
657 X 673 0.999743
657 X 657 0.000086
657 X 659 0.000086
657 X 671 0.000086
659 SX 774 0.999743
659 SX 775 0.000086
659 SX 772 0.000086
659 SX 773 0.000086
659 RZPI 659 1.000000
659 RZ3PI 657 1.000000
659 RZPIHalf 633 1.000000
659 S 636 1.000000
659 X 671 0.999743
659 X 659 0.000086
659 X 657 0.000086
659 X 673 0.000086
671 SX 775 0.999743
671 SX 774 0.000086
671 SX 773 0.000086
671 SX 772 0.000086
671 RZPI 671 1.000000
671 RZ3PI 673 1.000000
671 RZPIHalf 635 1.000000
671 S 634 1.000000
671 X 659 0.999743
671 X 671 0.000086
671 X 673 0.000086
671 X 657 0.000086
673 SX 773 0.999743
673 SX 772 0.000086
673 SX 775 0.000086
673 SX 774 0.000086
673 RZPI 673 1.000000
673 RZ3PI 671 1.000000
673 RZPIHalf 634 1.000000
673 S 635 1.000000
673 X 657 0.999743
673 X 673 0.000086
673 X 671 0.000086
673 X 659 0.000086
718 SX 730 0.999743
718 SX 641 0.000086
718 SX 643 0.000086
718 SX 731 0.000086
718 RZPI 718 1.000000
718 RZ3PI 721 1.000000
718 RZPIHalf 772 1.000000
718 S 775 1.000000
718 X 719 0.999743
718 X 718 0.000086
718 X 721 0.000086
718 X 720 0.000086
719 SX 641 0.999743
719 SX 730 0.000086
719 SX 731 0.000086
719 SX 643 0.000086
719 RZPI 719 1.000000
719 RZ3PI 720 1.000000
719 RZPIHalf 774 1.000000
719 S 773 1.000000
719 X 718 0.999743
719 X 719 0.000086
719 X 720 0.000086
719 X 721 0.000086
720 SX 731 0.999743
720 SX 643 0.000086
720 SX 641 0.000086
720 SX 730 0.000086
720 RZPI 720 1.000000
720 RZ3PI 719 1.000000
720 RZPIHalf 773 1.000000
720 S 774 1.000000
720 X 721 0.999743
720 X 720 0.000086
720 X 719 0.000086
720 X 718 0.000086
721 SX 643 0.999743
721 SX 731 0.000086
721 SX 730 0.000086
721 SX 641 0.000086
721 RZPI 721 1.000000
721 RZ3PI 718 1.000000
721 RZPIHalf 775 1.000000
721 S 772 1.000000
721 X 720 0.999743
721 X 721 0.000086
721 X 718 0.000086
721 X 719 0.000086
730 SX 719 0.999743
730 SX 718 0.000086
730 SX 721 0.000086
730 SX 720 0.000086
730 RZPI 730 1.000000
730 RZ3PI 731 1.000000
730 RZPIHalf 648 1.000000
730 S 649 1.000000
730 X 641 0.999743
730 X 730 0.000086
730 X 731 0.000086
730 X 643 0.000086
731 SX 721 0.999743
731 SX 720 0.000086
731 SX 719 0.000086
731 SX 718 0.000086
731 RZPI 731 1.000000
731 RZ3PI 730 1.000000
731 RZPIHalf 649 1.000000
731 S 648 1.000000
731 X 643 0.999743
731 X 731 0.000086
731 X 730 0.000086
731 X 641 0.000086
772 SX 673 0.999743
772 SX 657 0.000086
772 SX 659 0.000086
772 SX 671 0.000086
772 RZPI 772 1.000000
772 RZ3PI 775 1.000000
772 RZPIHalf 721 1.000000
772 S 718 1.000000
772 X 773 0.999743
772 X 772 0.000086
772 X 775 0.000086
772 X 774 0.000086
773 SX 657 0.999743
773 SX 673 0.000086
773 SX 671 0.000086
773 SX 659 0.000086
773 RZPI 773 1.000000
773 RZ3PI 774 1.000000
773 RZPIHalf 719 1.000000
773 S 720 1.000000
773 X 772 0.999743
773 X 773 0.000086
773 X 774 0.000086
773 X 775 0.000086
774 SX 671 0.999743
774 SX 659 0.000086
774 SX 657 0.000086
774 SX 673 0.000086
774 RZPI 774 1.000000
774 RZ3PI 773 1.000000
774 RZPIHalf 720 1.000000
774 S 719 1.000000
774 X 775 0.999743
774 X 774 0.000086
774 X 773 0.000086
774 X 772 0.000086
775 SX 659 0.999743
775 SX 671 0.000086
775 SX 673 0.000086
775 SX 657 0.000086
775 RZPI 775 1.000000
775 RZ3PI 772 1.000000
775 RZPIHalf 718 1.000000
775 S 721 1.000000
775 X 774 0.999743
775 X 775 0.000086
775 X 772 0.000086
775 X 773 0.000086
ENDPOMDP
