BEGINPOMDP
INITIALSTATE: 1879
STATES: 1923,1925,1970,1971,1972,1973,1982,1983,1879,1880,1885,1886,1887,1888,1891,1893,1895,2024,2025,2026,2027,1900,1901,1909,1911
REWARDS: 1923:0,1925:0,1970:0,1971:0,1972:0,1973:0,1982:0,1983:0,1879:0,1880:0,1885:0,1886:0,1887:0,1888:0,1891:0,1893:0,1895:0,2024:0,2025:0,2026:0,2027:0,1900:0,1901:1,1909:0,1911:0
GAMMA: 1923:0,1925:0,1970:0,1971:0,1972:0,1973:0,1982:0,1983:0,1879:0,1880:0,1885:0,1886:0,1887:0,1888:0,1891:0,1893:0,1895:0,2024:0,2025:0,2026:0,2027:0,1900:0,1901:0,1909:0,1911:0
BEGINACTIONS
SX
RZPI
RZ3PI
RZPIHalf
S
X
ENDACTIONS
1879 INIT_ 1880 1.000000
1880 SX 1885 0.999699
1880 SX 1886 0.000100
1880 SX 1887 0.000100
1880 SX 1888 0.000100
1880 RZPI 1880 1.000000
1880 RZ3PI 1891 1.000000
1880 RZPIHalf 1893 1.000000
1880 S 1895 1.000000
1880 X 1900 0.999699
1880 X 1880 0.000100
1880 X 1891 0.000100
1880 X 1901 0.000100
1885 SX 1900 0.999699
1885 SX 1880 0.000100
1885 SX 1891 0.000100
1885 SX 1901 0.000100
1885 RZPI 1885 1.000000
1885 RZ3PI 1888 1.000000
1885 RZPIHalf 1909 1.000000
1885 S 1911 1.000000
1885 X 1886 0.999699
1885 X 1885 0.000100
1885 X 1888 0.000100
1885 X 1887 0.000100
1886 SX 1880 0.999699
1886 SX 1900 0.000100
1886 SX 1901 0.000100
1886 SX 1891 0.000100
1886 RZPI 1886 1.000000
1886 RZ3PI 1887 1.000000
1886 RZPIHalf 1923 1.000000
1886 S 1925 1.000000
1886 X 1885 0.999699
1886 X 1886 0.000100
1886 X 1887 0.000100
1886 X 1888 0.000100
1887 SX 1901 0.999699
1887 SX 1891 0.000100
1887 SX 1880 0.000100
1887 SX 1900 0.000100
1887 RZPI 1887 1.000000
1887 RZ3PI 1886 1.000000
1887 RZPIHalf 1925 1.000000
1887 S 1923 1.000000
1887 X 1888 0.999699
1887 X 1887 0.000100
1887 X 1886 0.000100
1887 X 1885 0.000100
1888 SX 1891 0.999699
1888 SX 1901 0.000100
1888 SX 1900 0.000100
1888 SX 1880 0.000100
1888 RZPI 1888 1.000000
1888 RZ3PI 1885 1.000000
1888 RZPIHalf 1911 1.000000
1888 S 1909 1.000000
1888 X 1887 0.999699
1888 X 1888 0.000100
1888 X 1885 0.000100
1888 X 1886 0.000100
1891 SX 1887 0.999699
1891 SX 1888 0.000100
1891 SX 1885 0.000100
1891 SX 1886 0.000100
1891 RZPI 1891 1.000000
1891 RZ3PI 1880 1.000000
1891 RZPIHalf 1895 1.000000
1891 S 1893 1.000000
1891 X 1901 0.999699
1891 X 1891 0.000100
1891 X 1880 0.000100
1891 X 1900 0.000100
1893 SX 1970 0.999699
1893 SX 1971 0.000100
1893 SX 1972 0.000100
1893 SX 1973 0.000100
1893 RZPI 1893 1.000000
1893 RZ3PI 1895 1.000000
1893 RZPIHalf 1891 1.000000
1893 S 1880 1.000000
1893 X 1982 0.999699
1893 X 1893 0.000100
1893 X 1895 0.000100
1893 X 1983 0.000100
1895 SX 1972 0.999699
1895 SX 1973 0.000100
1895 SX 1970 0.000100
1895 SX 1971 0.000100
1895 RZPI 1895 1.000000
1895 RZ3PI 1893 1.000000
1895 RZPIHalf 1880 1.000000
1895 S 1891 1.000000
1895 X 1983 0.999699
1895 X 1895 0.000100
1895 X 1893 0.000100
1895 X 1982 0.000100
1900 SX 1886 0.999699
1900 SX 1885 0.000100
1900 SX 1888 0.000100
1900 SX 1887 0.000100
1900 RZPI 1900 1.000000
1900 RZ3PI 1901 1.000000
1900 RZPIHalf 1983 1.000000
1900 S 1982 1.000000
1900 X 1880 0.999699
1900 X 1900 0.000100
1900 X 1901 0.000100
1900 X 1891 0.000100
1901 SX 1888 0.999699
1901 SX 1887 0.000100
1901 SX 1886 0.000100
1901 SX 1885 0.000100
1901 RZPI 1901 1.000000
1901 RZ3PI 1900 1.000000
1901 RZPIHalf 1982 1.000000
1901 S 1983 1.000000
1901 X 1891 0.999699
1901 X 1901 0.000100
1901 X 1900 0.000100
1901 X 1880 0.000100
1909 SX 2024 0.999699
1909 SX 2025 0.000100
1909 SX 2026 0.000100
1909 SX 2027 0.000100
1909 RZPI 1909 1.000000
1909 RZ3PI 1911 1.000000
1909 RZPIHalf 1888 1.000000
1909 S 1885 1.000000
1909 X 1925 0.999699
1909 X 1909 0.000100
1909 X 1911 0.000100
1909 X 1923 0.000100
1911 SX 2026 0.999699
1911 SX 2027 0.000100
1911 SX 2024 0.000100
1911 SX 2025 0.000100
1911 RZPI 1911 1.000000
1911 RZ3PI 1909 1.000000
1911 RZPIHalf 1885 1.000000
1911 S 1888 1.000000
1911 X 1923 0.999699
1911 X 1911 0.000100
1911 X 1909 0.000100
1911 X 1925 0.000100
1923 SX 2027 0.999699
1923 SX 2026 0.000100
1923 SX 2025 0.000100
1923 SX 2024 0.000100
1923 RZPI 1923 1.000000
1923 RZ3PI 1925 1.000000
1923 RZPIHalf 1887 1.000000
1923 S 1886 1.000000
1923 X 1911 0.999699
1923 X 1923 0.000100
1923 X 1925 0.000100
1923 X 1909 0.000100
1925 SX 2025 0.999699
1925 SX 2024 0.000100
1925 SX 2027 0.000100
1925 SX 2026 0.000100
1925 RZPI 1925 1.000000
1925 RZ3PI 1923 1.000000
1925 RZPIHalf 1886 1.000000
1925 S 1887 1.000000
1925 X 1909 0.999699
1925 X 1925 0.000100
1925 X 1923 0.000100
1925 X 1911 0.000100
1970 SX 1982 0.999699
1970 SX 1893 0.000100
1970 SX 1895 0.000100
1970 SX 1983 0.000100
1970 RZPI 1970 1.000000
1970 RZ3PI 1973 1.000000
1970 RZPIHalf 2024 1.000000
1970 S 2027 1.000000
1970 X 1971 0.999699
1970 X 1970 0.000100
1970 X 1973 0.000100
1970 X 1972 0.000100
1971 SX 1893 0.999699
1971 SX 1982 0.000100
1971 SX 1983 0.000100
1971 SX 1895 0.000100
1971 RZPI 1971 1.000000
1971 RZ3PI 1972 1.000000
1971 RZPIHalf 2026 1.000000
1971 S 2025 1.000000
1971 X 1970 0.999699
1971 X 1971 0.000100
1971 X 1972 0.000100
1971 X 1973 0.000100
1972 SX 1983 0.999699
1972 SX 1895 0.000100
1972 SX 1893 0.000100
1972 SX 1982 0.000100
1972 RZPI 1972 1.000000
1972 RZ3PI 1971 1.000000
1972 RZPIHalf 2025 1.000000
1972 S 2026 1.000000
1972 X 1973 0.999699
1972 X 1972 0.000100
1972 X 1971 0.000100
1972 X 1970 0.000100
1973 SX 1895 0.999699
1973 SX 1983 0.000100
1973 SX 1982 0.000100
1973 SX 1893 0.000100
1973 RZPI 1973 1.000000
1973 RZ3PI 1970 1.000000
1973 RZPIHalf 2027 1.000000
1973 S 2024 1.000000
1973 X 1972 0.999699
1973 X 1973 0.000100
1973 X 1970 0.000100
1973 X 1971 0.000100
1982 SX 1971 0.999699
1982 SX 1970 0.000100
1982 SX 1973 0.000100
1982 SX 1972 0.000100
1982 RZPI 1982 1.000000
1982 RZ3PI 1983 1.000000
1982 RZPIHalf 1900 1.000000
1982 S 1901 1.000000
1982 X 1893 0.999699
1982 X 1982 0.000100
1982 X 1983 0.000100
1982 X 1895 0.000100
1983 SX 1973 0.999699
1983 SX 1972 0.000100
1983 SX 1971 0.000100
1983 SX 1970 0.000100
1983 RZPI 1983 1.000000
1983 RZ3PI 1982 1.000000
1983 RZPIHalf 1901 1.000000
1983 S 1900 1.000000
1983 X 1895 0.999699
1983 X 1983 0.000100
1983 X 1982 0.000100
1983 X 1893 0.000100
2024 SX 1925 0.999699
2024 SX 1909 0.000100
2024 SX 1911 0.000100
2024 SX 1923 0.000100
2024 RZPI 2024 1.000000
2024 RZ3PI 2027 1.000000
2024 RZPIHalf 1973 1.000000
2024 S 1970 1.000000
2024 X 2025 0.999699
2024 X 2024 0.000100
2024 X 2027 0.000100
2024 X 2026 0.000100
2025 SX 1909 0.999699
2025 SX 1925 0.000100
2025 SX 1923 0.000100
2025 SX 1911 0.000100
2025 RZPI 2025 1.000000
2025 RZ3PI 2026 1.000000
2025 RZPIHalf 1971 1.000000
2025 S 1972 1.000000
2025 X 2024 0.999699
2025 X 2025 0.000100
2025 X 2026 0.000100
2025 X 2027 0.000100
2026 SX 1923 0.999699
2026 SX 1911 0.000100
2026 SX 1909 0.000100
2026 SX 1925 0.000100
2026 RZPI 2026 1.000000
2026 RZ3PI 2025 1.000000
2026 RZPIHalf 1972 1.000000
2026 S 1971 1.000000
2026 X 2027 0.999699
2026 X 2026 0.000100
2026 X 2025 0.000100
2026 X 2024 0.000100
2027 SX 1911 0.999699
2027 SX 1923 0.000100
2027 SX 1925 0.000100
2027 SX 1909 0.000100
2027 RZPI 2027 1.000000
2027 RZ3PI 2024 1.000000
2027 RZPIHalf 1970 1.000000
2027 S 1973 1.000000
2027 X 2026 0.999699
2027 X 2027 0.000100
2027 X 2024 0.000100
2027 X 2025 0.000100
ENDPOMDP
