BEGINPOMDP
INITIALSTATE: 5009
STATES: 5009,5010,5015,5016,5017,5018,5021,5023,5025,5154,5155,5156,5157,5030,5031,5039,5041,5053,5055,5100,5101,5102,5103,5112,5113
REWARDS: 5009:0,5010:0,5015:0,5016:0,5017:0,5018:0,5021:0,5023:0,5025:0,5154:0,5155:0,5156:0,5157:0,5030:0,5031:1,5039:0,5041:0,5053:0,5055:0,5100:0,5101:0,5102:0,5103:0,5112:0,5113:0
GAMMA: 5009:0,5010:0,5015:0,5016:0,5017:0,5018:0,5021:0,5023:0,5025:0,5154:0,5155:0,5156:0,5157:0,5030:0,5031:0,5039:0,5041:0,5053:0,5055:0,5100:0,5101:0,5102:0,5103:0,5112:0,5113:0
BEGINACTIONS
SX
RZPI
RZ3PI
RZPIHalf
S
X
ENDACTIONS
5009 INIT_ 5010 1.000000
5010 SX 5015 0.999335
5010 SX 5016 0.000222
5010 SX 5017 0.000222
5010 SX 5018 0.000222
5010 RZPI 5010 1.000000
5010 RZ3PI 5021 1.000000
5010 RZPIHalf 5023 1.000000
5010 S 5025 1.000000
5010 X 5030 0.999335
5010 X 5010 0.000222
5010 X 5021 0.000222
5010 X 5031 0.000222
5015 SX 5030 0.999335
5015 SX 5010 0.000222
5015 SX 5021 0.000222
5015 SX 5031 0.000222
5015 RZPI 5015 1.000000
5015 RZ3PI 5018 1.000000
5015 RZPIHalf 5039 1.000000
5015 S 5041 1.000000
5015 X 5016 0.999335
5015 X 5015 0.000222
5015 X 5018 0.000222
5015 X 5017 0.000222
5016 SX 5010 0.999335
5016 SX 5030 0.000222
5016 SX 5031 0.000222
5016 SX 5021 0.000222
5016 RZPI 5016 1.000000
5016 RZ3PI 5017 1.000000
5016 RZPIHalf 5053 1.000000
5016 S 5055 1.000000
5016 X 5015 0.999335
5016 X 5016 0.000222
5016 X 5017 0.000222
5016 X 5018 0.000222
5017 SX 5031 0.999335
5017 SX 5021 0.000222
5017 SX 5010 0.000222
5017 SX 5030 0.000222
5017 RZPI 5017 1.000000
5017 RZ3PI 5016 1.000000
5017 RZPIHalf 5055 1.000000
5017 S 5053 1.000000
5017 X 5018 0.999335
5017 X 5017 0.000222
5017 X 5016 0.000222
5017 X 5015 0.000222
5018 SX 5021 0.999335
5018 SX 5031 0.000222
5018 SX 5030 0.000222
5018 SX 5010 0.000222
5018 RZPI 5018 1.000000
5018 RZ3PI 5015 1.000000
5018 RZPIHalf 5041 1.000000
5018 S 5039 1.000000
5018 X 5017 0.999335
5018 X 5018 0.000222
5018 X 5015 0.000222
5018 X 5016 0.000222
5021 SX 5017 0.999335
5021 SX 5018 0.000222
5021 SX 5015 0.000222
5021 SX 5016 0.000222
5021 RZPI 5021 1.000000
5021 RZ3PI 5010 1.000000
5021 RZPIHalf 5025 1.000000
5021 S 5023 1.000000
5021 X 5031 0.999335
5021 X 5021 0.000222
5021 X 5010 0.000222
5021 X 5030 0.000222
5023 SX 5100 0.999335
5023 SX 5101 0.000222
5023 SX 5102 0.000222
5023 SX 5103 0.000222
5023 RZPI 5023 1.000000
5023 RZ3PI 5025 1.000000
5023 RZPIHalf 5021 1.000000
5023 S 5010 1.000000
5023 X 5112 0.999335
5023 X 5023 0.000222
5023 X 5025 0.000222
5023 X 5113 0.000222
5025 SX 5102 0.999335
5025 SX 5103 0.000222
5025 SX 5100 0.000222
5025 SX 5101 0.000222
5025 RZPI 5025 1.000000
5025 RZ3PI 5023 1.000000
5025 RZPIHalf 5010 1.000000
5025 S 5021 1.000000
5025 X 5113 0.999335
5025 X 5025 0.000222
5025 X 5023 0.000222
5025 X 5112 0.000222
5030 SX 5016 0.999335
5030 SX 5015 0.000222
5030 SX 5018 0.000222
5030 SX 5017 0.000222
5030 RZPI 5030 1.000000
5030 RZ3PI 5031 1.000000
5030 RZPIHalf 5113 1.000000
5030 S 5112 1.000000
5030 X 5010 0.999335
5030 X 5030 0.000222
5030 X 5031 0.000222
5030 X 5021 0.000222
5031 SX 5018 0.999335
5031 SX 5017 0.000222
5031 SX 5016 0.000222
5031 SX 5015 0.000222
5031 RZPI 5031 1.000000
5031 RZ3PI 5030 1.000000
5031 RZPIHalf 5112 1.000000
5031 S 5113 1.000000
5031 X 5021 0.999335
5031 X 5031 0.000222
5031 X 5030 0.000222
5031 X 5010 0.000222
5039 SX 5154 0.999335
5039 SX 5155 0.000222
5039 SX 5156 0.000222
5039 SX 5157 0.000222
5039 RZPI 5039 1.000000
5039 RZ3PI 5041 1.000000
5039 RZPIHalf 5018 1.000000
5039 S 5015 1.000000
5039 X 5055 0.999335
5039 X 5039 0.000222
5039 X 5041 0.000222
5039 X 5053 0.000222
5041 SX 5156 0.999335
5041 SX 5157 0.000222
5041 SX 5154 0.000222
5041 SX 5155 0.000222
5041 RZPI 5041 1.000000
5041 RZ3PI 5039 1.000000
5041 RZPIHalf 5015 1.000000
5041 S 5018 1.000000
5041 X 5053 0.999335
5041 X 5041 0.000222
5041 X 5039 0.000222
5041 X 5055 0.000222
5053 SX 5157 0.999335
5053 SX 5156 0.000222
5053 SX 5155 0.000222
5053 SX 5154 0.000222
5053 RZPI 5053 1.000000
5053 RZ3PI 5055 1.000000
5053 RZPIHalf 5017 1.000000
5053 S 5016 1.000000
5053 X 5041 0.999335
5053 X 5053 0.000222
5053 X 5055 0.000222
5053 X 5039 0.000222
5055 SX 5155 0.999335
5055 SX 5154 0.000222
5055 SX 5157 0.000222
5055 SX 5156 0.000222
5055 RZPI 5055 1.000000
5055 RZ3PI 5053 1.000000
5055 RZPIHalf 5016 1.000000
5055 S 5017 1.000000
5055 X 5039 0.999335
5055 X 5055 0.000222
5055 X 5053 0.000222
5055 X 5041 0.000222
5100 SX 5112 0.999335
5100 SX 5023 0.000222
5100 SX 5025 0.000222
5100 SX 5113 0.000222
5100 RZPI 5100 1.000000
5100 RZ3PI 5103 1.000000
5100 RZPIHalf 5154 1.000000
5100 S 5157 1.000000
5100 X 5101 0.999335
5100 X 5100 0.000222
5100 X 5103 0.000222
5100 X 5102 0.000222
5101 SX 5023 0.999335
5101 SX 5112 0.000222
5101 SX 5113 0.000222
5101 SX 5025 0.000222
5101 RZPI 5101 1.000000
5101 RZ3PI 5102 1.000000
5101 RZPIHalf 5156 1.000000
5101 S 5155 1.000000
5101 X 5100 0.999335
5101 X 5101 0.000222
5101 X 5102 0.000222
5101 X 5103 0.000222
5102 SX 5113 0.999335
5102 SX 5025 0.000222
5102 SX 5023 0.000222
5102 SX 5112 0.000222
5102 RZPI 5102 1.000000
5102 RZ3PI 5101 1.000000
5102 RZPIHalf 5155 1.000000
5102 S 5156 1.000000
5102 X 5103 0.999335
5102 X 5102 0.000222
5102 X 5101 0.000222
5102 X 5100 0.000222
5103 SX 5025 0.999335
5103 SX 5113 0.000222
5103 SX 5112 0.000222
5103 SX 5023 0.000222
5103 RZPI 5103 1.000000
5103 RZ3PI 5100 1.000000
5103 RZPIHalf 5157 1.000000
5103 S 5154 1.000000
5103 X 5102 0.999335
5103 X 5103 0.000222
5103 X 5100 0.000222
5103 X 5101 0.000222
5112 SX 5101 0.999335
5112 SX 5100 0.000222
5112 SX 5103 0.000222
5112 SX 5102 0.000222
5112 RZPI 5112 1.000000
5112 RZ3PI 5113 1.000000
5112 RZPIHalf 5030 1.000000
5112 S 5031 1.000000
5112 X 5023 0.999335
5112 X 5112 0.000222
5112 X 5113 0.000222
5112 X 5025 0.000222
5113 SX 5103 0.999335
5113 SX 5102 0.000222
5113 SX 5101 0.000222
5113 SX 5100 0.000222
5113 RZPI 5113 1.000000
5113 RZ3PI 5112 1.000000
5113 RZPIHalf 5031 1.000000
5113 S 5030 1.000000
5113 X 5025 0.999335
5113 X 5113 0.000222
5113 X 5112 0.000222
5113 X 5023 0.000222
5154 SX 5055 0.999335
5154 SX 5039 0.000222
5154 SX 5041 0.000222
5154 SX 5053 0.000222
5154 RZPI 5154 1.000000
5154 RZ3PI 5157 1.000000
5154 RZPIHalf 5103 1.000000
5154 S 5100 1.000000
5154 X 5155 0.999335
5154 X 5154 0.000222
5154 X 5157 0.000222
5154 X 5156 0.000222
5155 SX 5039 0.999335
5155 SX 5055 0.000222
5155 SX 5053 0.000222
5155 SX 5041 0.000222
5155 RZPI 5155 1.000000
5155 RZ3PI 5156 1.000000
5155 RZPIHalf 5101 1.000000
5155 S 5102 1.000000
5155 X 5154 0.999335
5155 X 5155 0.000222
5155 X 5156 0.000222
5155 X 5157 0.000222
5156 SX 5053 0.999335
5156 SX 5041 0.000222
5156 SX 5039 0.000222
5156 SX 5055 0.000222
5156 RZPI 5156 1.000000
5156 RZ3PI 5155 1.000000
5156 RZPIHalf 5102 1.000000
5156 S 5101 1.000000
5156 X 5157 0.999335
5156 X 5156 0.000222
5156 X 5155 0.000222
5156 X 5154 0.000222
5157 SX 5041 0.999335
5157 SX 5053 0.000222
5157 SX 5055 0.000222
5157 SX 5039 0.000222
5157 RZPI 5157 1.000000
5157 RZ3PI 5154 1.000000
5157 RZPIHalf 5100 1.000000
5157 S 5103 1.000000
5157 X 5156 0.999335
5157 X 5157 0.000222
5157 X 5154 0.000222
5157 X 5155 0.000222
ENDPOMDP
