BEGINPOMDP
INITIALSTATE: 1566
STATES: 1669,1670,1566,1567,1572,1573,1574,1575,1578,1580,1582,1711,1712,1713,1714,1587,1588,1596,1598,1610,1612,1657,1658,1659,1660
REWARDS: 1669:0,1670:0,1566:0,1567:0,1572:0,1573:0,1574:0,1575:0,1578:0,1580:0,1582:0,1711:0,1712:0,1713:0,1714:0,1587:0,1588:1,1596:0,1598:0,1610:0,1612:0,1657:0,1658:0,1659:0,1660:0
GAMMA: 1669:0,1670:0,1566:0,1567:0,1572:0,1573:0,1574:0,1575:0,1578:0,1580:0,1582:0,1711:0,1712:0,1713:0,1714:0,1587:0,1588:0,1596:0,1598:0,1610:0,1612:0,1657:0,1658:0,1659:0,1660:0
BEGINACTIONS
SX
RZPI
RZ3PI
RZPIHalf
S
X
ENDACTIONS
1566 INIT_ 1567 1.000000
1567 SX 1572 0.989396
1567 SX 1573 0.003535
1567 SX 1574 0.003535
1567 SX 1575 0.003535
1567 RZPI 1567 1.000000
1567 RZ3PI 1578 1.000000
1567 RZPIHalf 1580 1.000000
1567 S 1582 1.000000
1567 X 1587 0.989396
1567 X 1567 0.003535
1567 X 1578 0.003535
1567 X 1588 0.003535
1572 SX 1587 0.989396
1572 SX 1567 0.003535
1572 SX 1578 0.003535
1572 SX 1588 0.003535
1572 RZPI 1572 1.000000
1572 RZ3PI 1575 1.000000
1572 RZPIHalf 1596 1.000000
1572 S 1598 1.000000
1572 X 1573 0.989396
1572 X 1572 0.003535
1572 X 1575 0.003535
1572 X 1574 0.003535
1573 SX 1567 0.989396
1573 SX 1587 0.003535
1573 SX 1588 0.003535
1573 SX 1578 0.003535
1573 RZPI 1573 1.000000
1573 RZ3PI 1574 1.000000
1573 RZPIHalf 1610 1.000000
1573 S 1612 1.000000
1573 X 1572 0.989396
1573 X 1573 0.003535
1573 X 1574 0.003535
1573 X 1575 0.003535
1574 SX 1588 0.989396
1574 SX 1578 0.003535
1574 SX 1567 0.003535
1574 SX 1587 0.003535
1574 RZPI 1574 1.000000
1574 RZ3PI 1573 1.000000
1574 RZPIHalf 1612 1.000000
1574 S 1610 1.000000
1574 X 1575 0.989396
1574 X 1574 0.003535
1574 X 1573 0.003535
1574 X 1572 0.003535
1575 SX 1578 0.989396
1575 SX 1588 0.003535
1575 SX 1587 0.003535
1575 SX 1567 0.003535
1575 RZPI 1575 1.000000
1575 RZ3PI 1572 1.000000
1575 RZPIHalf 1598 1.000000
1575 S 1596 1.000000
1575 X 1574 0.989396
1575 X 1575 0.003535
1575 X 1572 0.003535
1575 X 1573 0.003535
1578 SX 1574 0.989396
1578 SX 1575 0.003535
1578 SX 1572 0.003535
1578 SX 1573 0.003535
1578 RZPI 1578 1.000000
1578 RZ3PI 1567 1.000000
1578 RZPIHalf 1582 1.000000
1578 S 1580 1.000000
1578 X 1588 0.989396
1578 X 1578 0.003535
1578 X 1567 0.003535
1578 X 1587 0.003535
1580 SX 1657 0.989396
1580 SX 1658 0.003535
1580 SX 1659 0.003535
1580 SX 1660 0.003535
1580 RZPI 1580 1.000000
1580 RZ3PI 1582 1.000000
1580 RZPIHalf 1578 1.000000
1580 S 1567 1.000000
1580 X 1669 0.989396
1580 X 1580 0.003535
1580 X 1582 0.003535
1580 X 1670 0.003535
1582 SX 1659 0.989396
1582 SX 1660 0.003535
1582 SX 1657 0.003535
1582 SX 1658 0.003535
1582 RZPI 1582 1.000000
1582 RZ3PI 1580 1.000000
1582 RZPIHalf 1567 1.000000
1582 S 1578 1.000000
1582 X 1670 0.989396
1582 X 1582 0.003535
1582 X 1580 0.003535
1582 X 1669 0.003535
1587 SX 1573 0.989396
1587 SX 1572 0.003535
1587 SX 1575 0.003535
1587 SX 1574 0.003535
1587 RZPI 1587 1.000000
1587 RZ3PI 1588 1.000000
1587 RZPIHalf 1670 1.000000
1587 S 1669 1.000000
1587 X 1567 0.989396
1587 X 1587 0.003535
1587 X 1588 0.003535
1587 X 1578 0.003535
1588 SX 1575 0.989396
1588 SX 1574 0.003535
1588 SX 1573 0.003535
1588 SX 1572 0.003535
1588 RZPI 1588 1.000000
1588 RZ3PI 1587 1.000000
1588 RZPIHalf 1669 1.000000
1588 S 1670 1.000000
1588 X 1578 0.989396
1588 X 1588 0.003535
1588 X 1587 0.003535
1588 X 1567 0.003535
1596 SX 1711 0.989396
1596 SX 1712 0.003535
1596 SX 1713 0.003535
1596 SX 1714 0.003535
1596 RZPI 1596 1.000000
1596 RZ3PI 1598 1.000000
1596 RZPIHalf 1575 1.000000
1596 S 1572 1.000000
1596 X 1612 0.989396
1596 X 1596 0.003535
1596 X 1598 0.003535
1596 X 1610 0.003535
1598 SX 1713 0.989396
1598 SX 1714 0.003535
1598 SX 1711 0.003535
1598 SX 1712 0.003535
1598 RZPI 1598 1.000000
1598 RZ3PI 1596 1.000000
1598 RZPIHalf 1572 1.000000
1598 S 1575 1.000000
1598 X 1610 0.989396
1598 X 1598 0.003535
1598 X 1596 0.003535
1598 X 1612 0.003535
1610 SX 1714 0.989396
1610 SX 1713 0.003535
1610 SX 1712 0.003535
1610 SX 1711 0.003535
1610 RZPI 1610 1.000000
1610 RZ3PI 1612 1.000000
1610 RZPIHalf 1574 1.000000
1610 S 1573 1.000000
1610 X 1598 0.989396
1610 X 1610 0.003535
1610 X 1612 0.003535
1610 X 1596 0.003535
1612 SX 1712 0.989396
1612 SX 1711 0.003535
1612 SX 1714 0.003535
1612 SX 1713 0.003535
1612 RZPI 1612 1.000000
1612 RZ3PI 1610 1.000000
1612 RZPIHalf 1573 1.000000
1612 S 1574 1.000000
1612 X 1596 0.989396
1612 X 1612 0.003535
1612 X 1610 0.003535
1612 X 1598 0.003535
1657 SX 1669 0.989396
1657 SX 1580 0.003535
1657 SX 1582 0.003535
1657 SX 1670 0.003535
1657 RZPI 1657 1.000000
1657 RZ3PI 1660 1.000000
1657 RZPIHalf 1711 1.000000
1657 S 1714 1.000000
1657 X 1658 0.989396
1657 X 1657 0.003535
1657 X 1660 0.003535
1657 X 1659 0.003535
1658 SX 1580 0.989396
1658 SX 1669 0.003535
1658 SX 1670 0.003535
1658 SX 1582 0.003535
1658 RZPI 1658 1.000000
1658 RZ3PI 1659 1.000000
1658 RZPIHalf 1713 1.000000
1658 S 1712 1.000000
1658 X 1657 0.989396
1658 X 1658 0.003535
1658 X 1659 0.003535
1658 X 1660 0.003535
1659 SX 1670 0.989396
1659 SX 1582 0.003535
1659 SX 1580 0.003535
1659 SX 1669 0.003535
1659 RZPI 1659 1.000000
1659 RZ3PI 1658 1.000000
1659 RZPIHalf 1712 1.000000
1659 S 1713 1.000000
1659 X 1660 0.989396
1659 X 1659 0.003535
1659 X 1658 0.003535
1659 X 1657 0.003535
1660 SX 1582 0.989396
1660 SX 1670 0.003535
1660 SX 1669 0.003535
1660 SX 1580 0.003535
1660 RZPI 1660 1.000000
1660 RZ3PI 1657 1.000000
1660 RZPIHalf 1714 1.000000
1660 S 1711 1.000000
1660 X 1659 0.989396
1660 X 1660 0.003535
1660 X 1657 0.003535
1660 X 1658 0.003535
1669 SX 1658 0.989396
1669 SX 1657 0.003535
1669 SX 1660 0.003535
1669 SX 1659 0.003535
1669 RZPI 1669 1.000000
1669 RZ3PI 1670 1.000000
1669 RZPIHalf 1587 1.000000
1669 S 1588 1.000000
1669 X 1580 0.989396
1669 X 1669 0.003535
1669 X 1670 0.003535
1669 X 1582 0.003535
1670 SX 1660 0.989396
1670 SX 1659 0.003535
1670 SX 1658 0.003535
1670 SX 1657 0.003535
1670 RZPI 1670 1.000000
1670 RZ3PI 1669 1.000000
1670 RZPIHalf 1588 1.000000
1670 S 1587 1.000000
1670 X 1582 0.989396
1670 X 1670 0.003535
1670 X 1669 0.003535
1670 X 1580 0.003535
1711 SX 1612 0.989396
1711 SX 1596 0.003535
1711 SX 1598 0.003535
1711 SX 1610 0.003535
1711 RZPI 1711 1.000000
1711 RZ3PI 1714 1.000000
1711 RZPIHalf 1660 1.000000
1711 S 1657 1.000000
1711 X 1712 0.989396
1711 X 1711 0.003535
1711 X 1714 0.003535
1711 X 1713 0.003535
1712 SX 1596 0.989396
1712 SX 1612 0.003535
1712 SX 1610 0.003535
1712 SX 1598 0.003535
1712 RZPI 1712 1.000000
1712 RZ3PI 1713 1.000000
1712 RZPIHalf 1658 1.000000
1712 S 1659 1.000000
1712 X 1711 0.989396
1712 X 1712 0.003535
1712 X 1713 0.003535
1712 X 1714 0.003535
1713 SX 1610 0.989396
1713 SX 1598 0.003535
1713 SX 1596 0.003535
1713 SX 1612 0.003535
1713 RZPI 1713 1.000000
1713 RZ3PI 1712 1.000000
1713 RZPIHalf 1659 1.000000
1713 S 1658 1.000000
1713 X 1714 0.989396
1713 X 1713 0.003535
1713 X 1712 0.003535
1713 X 1711 0.003535
1714 SX 1598 0.989396
1714 SX 1610 0.003535
1714 SX 1612 0.003535
1714 SX 1596 0.003535
1714 RZPI 1714 1.000000
1714 RZ3PI 1711 1.000000
1714 RZPIHalf 1657 1.000000
1714 S 1660 1.000000
1714 X 1713 0.989396
1714 X 1714 0.003535
1714 X 1711 0.003535
1714 X 1712 0.003535
ENDPOMDP
