BEGINPOMDP
INITIALSTATE: 3444
STATES: 3456,3458,3460,3589,3590,3591,3592,3465,3466,3474,3476,3488,3490,3535,3536,3537,3538,3547,3548,3444,3445,3450,3451,3452,3453
REWARDS: 3456:0,3458:0,3460:0,3589:0,3590:0,3591:0,3592:0,3465:0,3466:1,3474:0,3476:0,3488:0,3490:0,3535:0,3536:0,3537:0,3538:0,3547:0,3548:0,3444:0,3445:0,3450:0,3451:0,3452:0,3453:0
GAMMA: 3456:0,3458:0,3460:0,3589:0,3590:0,3591:0,3592:0,3465:0,3466:0,3474:0,3476:0,3488:0,3490:0,3535:0,3536:0,3537:0,3538:0,3547:0,3548:0,3444:0,3445:0,3450:0,3451:0,3452:0,3453:0
BEGINACTIONS
SX
RZPI
RZ3PI
RZPIHalf
S
X
ENDACTIONS
3444 INIT_ 3445 1.000000
3445 SX 3450 0.999160
3445 SX 3451 0.000280
3445 SX 3452 0.000280
3445 SX 3453 0.000280
3445 RZPI 3445 1.000000
3445 RZ3PI 3456 1.000000
3445 RZPIHalf 3458 1.000000
3445 S 3460 1.000000
3445 X 3465 0.999160
3445 X 3445 0.000280
3445 X 3456 0.000280
3445 X 3466 0.000280
3450 SX 3465 0.999160
3450 SX 3445 0.000280
3450 SX 3456 0.000280
3450 SX 3466 0.000280
3450 RZPI 3450 1.000000
3450 RZ3PI 3453 1.000000
3450 RZPIHalf 3474 1.000000
3450 S 3476 1.000000
3450 X 3451 0.999160
3450 X 3450 0.000280
3450 X 3453 0.000280
3450 X 3452 0.000280
3451 SX 3445 0.999160
3451 SX 3465 0.000280
3451 SX 3466 0.000280
3451 SX 3456 0.000280
3451 RZPI 3451 1.000000
3451 RZ3PI 3452 1.000000
3451 RZPIHalf 3488 1.000000
3451 S 3490 1.000000
3451 X 3450 0.999160
3451 X 3451 0.000280
3451 X 3452 0.000280
3451 X 3453 0.000280
3452 SX 3466 0.999160
3452 SX 3456 0.000280
3452 SX 3445 0.000280
3452 SX 3465 0.000280
3452 RZPI 3452 1.000000
3452 RZ3PI 3451 1.000000
3452 RZPIHalf 3490 1.000000
3452 S 3488 1.000000
3452 X 3453 0.999160
3452 X 3452 0.000280
3452 X 3451 0.000280
3452 X 3450 0.000280
3453 SX 3456 0.999160
3453 SX 3466 0.000280
3453 SX 3465 0.000280
3453 SX 3445 0.000280
3453 RZPI 3453 1.000000
3453 RZ3PI 3450 1.000000
3453 RZPIHalf 3476 1.000000
3453 S 3474 1.000000
3453 X 3452 0.999160
3453 X 3453 0.000280
3453 X 3450 0.000280
3453 X 3451 0.000280
3456 SX 3452 0.999160
3456 SX 3453 0.000280
3456 SX 3450 0.000280
3456 SX 3451 0.000280
3456 RZPI 3456 1.000000
3456 RZ3PI 3445 1.000000
3456 RZPIHalf 3460 1.000000
3456 S 3458 1.000000
3456 X 3466 0.999160
3456 X 3456 0.000280
3456 X 3445 0.000280
3456 X 3465 0.000280
3458 SX 3535 0.999160
3458 SX 3536 0.000280
3458 SX 3537 0.000280
3458 SX 3538 0.000280
3458 RZPI 3458 1.000000
3458 RZ3PI 3460 1.000000
3458 RZPIHalf 3456 1.000000
3458 S 3445 1.000000
3458 X 3547 0.999160
3458 X 3458 0.000280
3458 X 3460 0.000280
3458 X 3548 0.000280
3460 SX 3537 0.999160
3460 SX 3538 0.000280
3460 SX 3535 0.000280
3460 SX 3536 0.000280
3460 RZPI 3460 1.000000
3460 RZ3PI 3458 1.000000
3460 RZPIHalf 3445 1.000000
3460 S 3456 1.000000
3460 X 3548 0.999160
3460 X 3460 0.000280
3460 X 3458 0.000280
3460 X 3547 0.000280
3465 SX 3451 0.999160
3465 SX 3450 0.000280
3465 SX 3453 0.000280
3465 SX 3452 0.000280
3465 RZPI 3465 1.000000
3465 RZ3PI 3466 1.000000
3465 RZPIHalf 3548 1.000000
3465 S 3547 1.000000
3465 X 3445 0.999160
3465 X 3465 0.000280
3465 X 3466 0.000280
3465 X 3456 0.000280
3466 SX 3453 0.999160
3466 SX 3452 0.000280
3466 SX 3451 0.000280
3466 SX 3450 0.000280
3466 RZPI 3466 1.000000
3466 RZ3PI 3465 1.000000
3466 RZPIHalf 3547 1.000000
3466 S 3548 1.000000
3466 X 3456 0.999160
3466 X 3466 0.000280
3466 X 3465 0.000280
3466 X 3445 0.000280
3474 SX 3589 0.999160
3474 SX 3590 0.000280
3474 SX 3591 0.000280
3474 SX 3592 0.000280
3474 RZPI 3474 1.000000
3474 RZ3PI 3476 1.000000
3474 RZPIHalf 3453 1.000000
3474 S 3450 1.000000
3474 X 3490 0.999160
3474 X 3474 0.000280
3474 X 3476 0.000280
3474 X 3488 0.000280
3476 SX 3591 0.999160
3476 SX 3592 0.000280
3476 SX 3589 0.000280
3476 SX 3590 0.000280
3476 RZPI 3476 1.000000
3476 RZ3PI 3474 1.000000
3476 RZPIHalf 3450 1.000000
3476 S 3453 1.000000
3476 X 3488 0.999160
3476 X 3476 0.000280
3476 X 3474 0.000280
3476 X 3490 0.000280
3488 SX 3592 0.999160
3488 SX 3591 0.000280
3488 SX 3590 0.000280
3488 SX 3589 0.000280
3488 RZPI 3488 1.000000
3488 RZ3PI 3490 1.000000
3488 RZPIHalf 3452 1.000000
3488 S 3451 1.000000
3488 X 3476 0.999160
3488 X 3488 0.000280
3488 X 3490 0.000280
3488 X 3474 0.000280
3490 SX 3590 0.999160
3490 SX 3589 0.000280
3490 SX 3592 0.000280
3490 SX 3591 0.000280
3490 RZPI 3490 1.000000
3490 RZ3PI 3488 1.000000
3490 RZPIHalf 3451 1.000000
3490 S 3452 1.000000
3490 X 3474 0.999160
3490 X 3490 0.000280
3490 X 3488 0.000280
3490 X 3476 0.000280
3535 SX 3547 0.999160
3535 SX 3458 0.000280
3535 SX 3460 0.000280
3535 SX 3548 0.000280
3535 RZPI 3535 1.000000
3535 RZ3PI 3538 1.000000
3535 RZPIHalf 3589 1.000000
3535 S 3592 1.000000
3535 X 3536 0.999160
3535 X 3535 0.000280
3535 X 3538 0.000280
3535 X 3537 0.000280
3536 SX 3458 0.999160
3536 SX 3547 0.000280
3536 SX 3548 0.000280
3536 SX 3460 0.000280
3536 RZPI 3536 1.000000
3536 RZ3PI 3537 1.000000
3536 RZPIHalf 3591 1.000000
3536 S 3590 1.000000
3536 X 3535 0.999160
3536 X 3536 0.000280
3536 X 3537 0.000280
3536 X 3538 0.000280
3537 SX 3548 0.999160
3537 SX 3460 0.000280
3537 SX 3458 0.000280
3537 SX 3547 0.000280
3537 RZPI 3537 1.000000
3537 RZ3PI 3536 1.000000
3537 RZPIHalf 3590 1.000000
3537 S 3591 1.000000
3537 X 3538 0.999160
3537 X 3537 0.000280
3537 X 3536 0.000280
3537 X 3535 0.000280
3538 SX 3460 0.999160
3538 SX 3548 0.000280
3538 SX 3547 0.000280
3538 SX 3458 0.000280
3538 RZPI 3538 1.000000
3538 RZ3PI 3535 1.000000
3538 RZPIHalf 3592 1.000000
3538 S 3589 1.000000
3538 X 3537 0.999160
3538 X 3538 0.000280
3538 X 3535 0.000280
3538 X 3536 0.000280
3547 SX 3536 0.999160
3547 SX 3535 0.000280
3547 SX 3538 0.000280
3547 SX 3537 0.000280
3547 RZPI 3547 1.000000
3547 RZ3PI 3548 1.000000
3547 RZPIHalf 3465 1.000000
3547 S 3466 1.000000
3547 X 3458 0.999160
3547 X 3547 0.000280
3547 X 3548 0.000280
3547 X 3460 0.000280
3548 SX 3538 0.999160
3548 SX 3537 0.000280
3548 SX 3536 0.000280
3548 SX 3535 0.000280
3548 RZPI 3548 1.000000
3548 RZ3PI 3547 1.000000
3548 RZPIHalf 3466 1.000000
3548 S 3465 1.000000
3548 X 3460 0.999160
3548 X 3548 0.000280
3548 X 3547 0.000280
3548 X 3458 0.000280
3589 SX 3490 0.999160
3589 SX 3474 0.000280
3589 SX 3476 0.000280
3589 SX 3488 0.000280
3589 RZPI 3589 1.000000
3589 RZ3PI 3592 1.000000
3589 RZPIHalf 3538 1.000000
3589 S 3535 1.000000
3589 X 3590 0.999160
3589 X 3589 0.000280
3589 X 3592 0.000280
3589 X 3591 0.000280
3590 SX 3474 0.999160
3590 SX 3490 0.000280
3590 SX 3488 0.000280
3590 SX 3476 0.000280
3590 RZPI 3590 1.000000
3590 RZ3PI 3591 1.000000
3590 RZPIHalf 3536 1.000000
3590 S 3537 1.000000
3590 X 3589 0.999160
3590 X 3590 0.000280
3590 X 3591 0.000280
3590 X 3592 0.000280
3591 SX 3488 0.999160
3591 SX 3476 0.000280
3591 SX 3474 0.000280
3591 SX 3490 0.000280
3591 RZPI 3591 1.000000
3591 RZ3PI 3590 1.000000
3591 RZPIHalf 3537 1.000000
3591 S 3536 1.000000
3591 X 3592 0.999160
3591 X 3591 0.000280
3591 X 3590 0.000280
3591 X 3589 0.000280
3592 SX 3476 0.999160
3592 SX 3488 0.000280
3592 SX 3490 0.000280
3592 SX 3474 0.000280
3592 RZPI 3592 1.000000
3592 RZ3PI 3589 1.000000
3592 RZPIHalf 3535 1.000000
3592 S 3538 1.000000
3592 X 3591 0.999160
3592 X 3592 0.000280
3592 X 3589 0.000280
3592 X 3590 0.000280
ENDPOMDP
