BEGINPOMDP
INITIALSTATE: 3757
STATES: 3848,3849,3850,3851,3860,3861,3757,3758,3763,3764,3765,3766,3769,3771,3773,3902,3903,3904,3905,3778,3779,3787,3789,3801,3803
REWARDS: 3848:0,3849:0,3850:0,3851:0,3860:0,3861:0,3757:0,3758:0,3763:0,3764:0,3765:0,3766:0,3769:0,3771:0,3773:0,3902:0,3903:0,3904:0,3905:0,3778:0,3779:1,3787:0,3789:0,3801:0,3803:0
GAMMA: 3848:0,3849:0,3850:0,3851:0,3860:0,3861:0,3757:0,3758:0,3763:0,3764:0,3765:0,3766:0,3769:0,3771:0,3773:0,3902:0,3903:0,3904:0,3905:0,3778:0,3779:0,3787:0,3789:0,3801:0,3803:0
BEGINACTIONS
SX
RZPI
RZ3PI
RZPIHalf
S
X
ENDACTIONS
3757 INIT_ 3758 1.000000
3758 SX 3763 0.999804
3758 SX 3764 0.000065
3758 SX 3765 0.000065
3758 SX 3766 0.000065
3758 RZPI 3758 1.000000
3758 RZ3PI 3769 1.000000
3758 RZPIHalf 3771 1.000000
3758 S 3773 1.000000
3758 X 3778 0.999804
3758 X 3758 0.000065
3758 X 3769 0.000065
3758 X 3779 0.000065
3763 SX 3778 0.999804
3763 SX 3758 0.000065
3763 SX 3769 0.000065
3763 SX 3779 0.000065
3763 RZPI 3763 1.000000
3763 RZ3PI 3766 1.000000
3763 RZPIHalf 3787 1.000000
3763 S 3789 1.000000
3763 X 3764 0.999804
3763 X 3763 0.000065
3763 X 3766 0.000065
3763 X 3765 0.000065
3764 SX 3758 0.999804
3764 SX 3778 0.000065
3764 SX 3779 0.000065
3764 SX 3769 0.000065
3764 RZPI 3764 1.000000
3764 RZ3PI 3765 1.000000
3764 RZPIHalf 3801 1.000000
3764 S 3803 1.000000
3764 X 3763 0.999804
3764 X 3764 0.000065
3764 X 3765 0.000065
3764 X 3766 0.000065
3765 SX 3779 0.999804
3765 SX 3769 0.000065
3765 SX 3758 0.000065
3765 SX 3778 0.000065
3765 RZPI 3765 1.000000
3765 RZ3PI 3764 1.000000
3765 RZPIHalf 3803 1.000000
3765 S 3801 1.000000
3765 X 3766 0.999804
3765 X 3765 0.000065
3765 X 3764 0.000065
3765 X 3763 0.000065
3766 SX 3769 0.999804
3766 SX 3779 0.000065
3766 SX 3778 0.000065
3766 SX 3758 0.000065
3766 RZPI 3766 1.000000
3766 RZ3PI 3763 1.000000
3766 RZPIHalf 3789 1.000000
3766 S 3787 1.000000
3766 X 3765 0.999804
3766 X 3766 0.000065
3766 X 3763 0.000065
3766 X 3764 0.000065
3769 SX 3765 0.999804
3769 SX 3766 0.000065
3769 SX 3763 0.000065
3769 SX 3764 0.000065
3769 RZPI 3769 1.000000
3769 RZ3PI 3758 1.000000
3769 RZPIHalf 3773 1.000000
3769 S 3771 1.000000
3769 X 3779 0.999804
3769 X 3769 0.000065
3769 X 3758 0.000065
3769 X 3778 0.000065
3771 SX 3848 0.999804
3771 SX 3849 0.000065
3771 SX 3850 0.000065
3771 SX 3851 0.000065
3771 RZPI 3771 1.000000
3771 RZ3PI 3773 1.000000
3771 RZPIHalf 3769 1.000000
3771 S 3758 1.000000
3771 X 3860 0.999804
3771 X 3771 0.000065
3771 X 3773 0.000065
3771 X 3861 0.000065
3773 SX 3850 0.999804
3773 SX 3851 0.000065
3773 SX 3848 0.000065
3773 SX 3849 0.000065
3773 RZPI 3773 1.000000
3773 RZ3PI 3771 1.000000
3773 RZPIHalf 3758 1.000000
3773 S 3769 1.000000
3773 X 3861 0.999804
3773 X 3773 0.000065
3773 X 3771 0.000065
3773 X 3860 0.000065
3778 SX 3764 0.999804
3778 SX 3763 0.000065
3778 SX 3766 0.000065
3778 SX 3765 0.000065
3778 RZPI 3778 1.000000
3778 RZ3PI 3779 1.000000
3778 RZPIHalf 3861 1.000000
3778 S 3860 1.000000
3778 X 3758 0.999804
3778 X 3778 0.000065
3778 X 3779 0.000065
3778 X 3769 0.000065
3779 SX 3766 0.999804
3779 SX 3765 0.000065
3779 SX 3764 0.000065
3779 SX 3763 0.000065
3779 RZPI 3779 1.000000
3779 RZ3PI 3778 1.000000
3779 RZPIHalf 3860 1.000000
3779 S 3861 1.000000
3779 X 3769 0.999804
3779 X 3779 0.000065
3779 X 3778 0.000065
3779 X 3758 0.000065
3787 SX 3902 0.999804
3787 SX 3903 0.000065
3787 SX 3904 0.000065
3787 SX 3905 0.000065
3787 RZPI 3787 1.000000
3787 RZ3PI 3789 1.000000
3787 RZPIHalf 3766 1.000000
3787 S 3763 1.000000
3787 X 3803 0.999804
3787 X 3787 0.000065
3787 X 3789 0.000065
3787 X 3801 0.000065
3789 SX 3904 0.999804
3789 SX 3905 0.000065
3789 SX 3902 0.000065
3789 SX 3903 0.000065
3789 RZPI 3789 1.000000
3789 RZ3PI 3787 1.000000
3789 RZPIHalf 3763 1.000000
3789 S 3766 1.000000
3789 X 3801 0.999804
3789 X 3789 0.000065
3789 X 3787 0.000065
3789 X 3803 0.000065
3801 SX 3905 0.999804
3801 SX 3904 0.000065
3801 SX 3903 0.000065
3801 SX 3902 0.000065
3801 RZPI 3801 1.000000
3801 RZ3PI 3803 1.000000
3801 RZPIHalf 3765 1.000000
3801 S 3764 1.000000
3801 X 3789 0.999804
3801 X 3801 0.000065
3801 X 3803 0.000065
3801 X 3787 0.000065
3803 SX 3903 0.999804
3803 SX 3902 0.000065
3803 SX 3905 0.000065
3803 SX 3904 0.000065
3803 RZPI 3803 1.000000
3803 RZ3PI 3801 1.000000
3803 RZPIHalf 3764 1.000000
3803 S 3765 1.000000
3803 X 3787 0.999804
3803 X 3803 0.000065
3803 X 3801 0.000065
3803 X 3789 0.000065
3848 SX 3860 0.999804
3848 SX 3771 0.000065
3848 SX 3773 0.000065
3848 SX 3861 0.000065
3848 RZPI 3848 1.000000
3848 RZ3PI 3851 1.000000
3848 RZPIHalf 3902 1.000000
3848 S 3905 1.000000
3848 X 3849 0.999804
3848 X 3848 0.000065
3848 X 3851 0.000065
3848 X 3850 0.000065
3849 SX 3771 0.999804
3849 SX 3860 0.000065
3849 SX 3861 0.000065
3849 SX 3773 0.000065
3849 RZPI 3849 1.000000
3849 RZ3PI 3850 1.000000
3849 RZPIHalf 3904 1.000000
3849 S 3903 1.000000
3849 X 3848 0.999804
3849 X 3849 0.000065
3849 X 3850 0.000065
3849 X 3851 0.000065
3850 SX 3861 0.999804
3850 SX 3773 0.000065
3850 SX 3771 0.000065
3850 SX 3860 0.000065
3850 RZPI 3850 1.000000
3850 RZ3PI 3849 1.000000
3850 RZPIHalf 3903 1.000000
3850 S 3904 1.000000
3850 X 3851 0.999804
3850 X 3850 0.000065
3850 X 3849 0.000065
3850 X 3848 0.000065
3851 SX 3773 0.999804
3851 SX 3861 0.000065
3851 SX 3860 0.000065
3851 SX 3771 0.000065
3851 RZPI 3851 1.000000
3851 RZ3PI 3848 1.000000
3851 RZPIHalf 3905 1.000000
3851 S 3902 1.000000
3851 X 3850 0.999804
3851 X 3851 0.000065
3851 X 3848 0.000065
3851 X 3849 0.000065
3860 SX 3849 0.999804
3860 SX 3848 0.000065
3860 SX 3851 0.000065
3860 SX 3850 0.000065
3860 RZPI 3860 1.000000
3860 RZ3PI 3861 1.000000
3860 RZPIHalf 3778 1.000000
3860 S 3779 1.000000
3860 X 3771 0.999804
3860 X 3860 0.000065
3860 X 3861 0.000065
3860 X 3773 0.000065
3861 SX 3851 0.999804
3861 SX 3850 0.000065
3861 SX 3849 0.000065
3861 SX 3848 0.000065
3861 RZPI 3861 1.000000
3861 RZ3PI 3860 1.000000
3861 RZPIHalf 3779 1.000000
3861 S 3778 1.000000
3861 X 3773 0.999804
3861 X 3861 0.000065
3861 X 3860 0.000065
3861 X 3771 0.000065
3902 SX 3803 0.999804
3902 SX 3787 0.000065
3902 SX 3789 0.000065
3902 SX 3801 0.000065
3902 RZPI 3902 1.000000
3902 RZ3PI 3905 1.000000
3902 RZPIHalf 3851 1.000000
3902 S 3848 1.000000
3902 X 3903 0.999804
3902 X 3902 0.000065
3902 X 3905 0.000065
3902 X 3904 0.000065
3903 SX 3787 0.999804
3903 SX 3803 0.000065
3903 SX 3801 0.000065
3903 SX 3789 0.000065
3903 RZPI 3903 1.000000
3903 RZ3PI 3904 1.000000
3903 RZPIHalf 3849 1.000000
3903 S 3850 1.000000
3903 X 3902 0.999804
3903 X 3903 0.000065
3903 X 3904 0.000065
3903 X 3905 0.000065
3904 SX 3801 0.999804
3904 SX 3789 0.000065
3904 SX 3787 0.000065
3904 SX 3803 0.000065
3904 RZPI 3904 1.000000
3904 RZ3PI 3903 1.000000
3904 RZPIHalf 3850 1.000000
3904 S 3849 1.000000
3904 X 3905 0.999804
3904 X 3904 0.000065
3904 X 3903 0.000065
3904 X 3902 0.000065
3905 SX 3789 0.999804
3905 SX 3801 0.000065
3905 SX 3803 0.000065
3905 SX 3787 0.000065
3905 RZPI 3905 1.000000
3905 RZ3PI 3902 1.000000
3905 RZPIHalf 3848 1.000000
3905 S 3851 1.000000
3905 X 3904 0.999804
3905 X 3905 0.000065
3905 X 3902 0.000065
3905 X 3903 0.000065
ENDPOMDP
