BEGINPOMDP
INITIALSTATE: 4070
STATES: 4100,4102,4114,4116,4161,4162,4163,4164,4173,4174,4070,4071,4076,4077,4078,4079,4082,4084,4086,4215,4216,4217,4218,4091,4092
REWARDS: 4100:0,4102:0,4114:0,4116:0,4161:0,4162:0,4163:0,4164:0,4173:0,4174:0,4070:0,4071:0,4076:0,4077:0,4078:0,4079:0,4082:0,4084:0,4086:0,4215:0,4216:0,4217:0,4218:0,4091:0,4092:1
GAMMA: 4100:0,4102:0,4114:0,4116:0,4161:0,4162:0,4163:0,4164:0,4173:0,4174:0,4070:0,4071:0,4076:0,4077:0,4078:0,4079:0,4082:0,4084:0,4086:0,4215:0,4216:0,4217:0,4218:0,4091:0,4092:0
BEGINACTIONS
SX
RZPI
RZ3PI
RZPIHalf
S
X
ENDACTIONS
4070 INIT_ 4071 1.000000
4071 SX 4076 0.996905
4071 SX 4077 0.001032
4071 SX 4078 0.001032
4071 SX 4079 0.001032
4071 RZPI 4071 1.000000
4071 RZ3PI 4082 1.000000
4071 RZPIHalf 4084 1.000000
4071 S 4086 1.000000
4071 X 4091 0.996905
4071 X 4071 0.001032
4071 X 4082 0.001032
4071 X 4092 0.001032
4076 SX 4091 0.996905
4076 SX 4071 0.001032
4076 SX 4082 0.001032
4076 SX 4092 0.001032
4076 RZPI 4076 1.000000
4076 RZ3PI 4079 1.000000
4076 RZPIHalf 4100 1.000000
4076 S 4102 1.000000
4076 X 4077 0.996905
4076 X 4076 0.001032
4076 X 4079 0.001032
4076 X 4078 0.001032
4077 SX 4071 0.996905
4077 SX 4091 0.001032
4077 SX 4092 0.001032
4077 SX 4082 0.001032
4077 RZPI 4077 1.000000
4077 RZ3PI 4078 1.000000
4077 RZPIHalf 4114 1.000000
4077 S 4116 1.000000
4077 X 4076 0.996905
4077 X 4077 0.001032
4077 X 4078 0.001032
4077 X 4079 0.001032
4078 SX 4092 0.996905
4078 SX 4082 0.001032
4078 SX 4071 0.001032
4078 SX 4091 0.001032
4078 RZPI 4078 1.000000
4078 RZ3PI 4077 1.000000
4078 RZPIHalf 4116 1.000000
4078 S 4114 1.000000
4078 X 4079 0.996905
4078 X 4078 0.001032
4078 X 4077 0.001032
4078 X 4076 0.001032
4079 SX 4082 0.996905
4079 SX 4092 0.001032
4079 SX 4091 0.001032
4079 SX 4071 0.001032
4079 RZPI 4079 1.000000
4079 RZ3PI 4076 1.000000
4079 RZPIHalf 4102 1.000000
4079 S 4100 1.000000
4079 X 4078 0.996905
4079 X 4079 0.001032
4079 X 4076 0.001032
4079 X 4077 0.001032
4082 SX 4078 0.996905
4082 SX 4079 0.001032
4082 SX 4076 0.001032
4082 SX 4077 0.001032
4082 RZPI 4082 1.000000
4082 RZ3PI 4071 1.000000
4082 RZPIHalf 4086 1.000000
4082 S 4084 1.000000
4082 X 4092 0.996905
4082 X 4082 0.001032
4082 X 4071 0.001032
4082 X 4091 0.001032
4084 SX 4161 0.996905
4084 SX 4162 0.001032
4084 SX 4163 0.001032
4084 SX 4164 0.001032
4084 RZPI 4084 1.000000
4084 RZ3PI 4086 1.000000
4084 RZPIHalf 4082 1.000000
4084 S 4071 1.000000
4084 X 4173 0.996905
4084 X 4084 0.001032
4084 X 4086 0.001032
4084 X 4174 0.001032
4086 SX 4163 0.996905
4086 SX 4164 0.001032
4086 SX 4161 0.001032
4086 SX 4162 0.001032
4086 RZPI 4086 1.000000
4086 RZ3PI 4084 1.000000
4086 RZPIHalf 4071 1.000000
4086 S 4082 1.000000
4086 X 4174 0.996905
4086 X 4086 0.001032
4086 X 4084 0.001032
4086 X 4173 0.001032
4091 SX 4077 0.996905
4091 SX 4076 0.001032
4091 SX 4079 0.001032
4091 SX 4078 0.001032
4091 RZPI 4091 1.000000
4091 RZ3PI 4092 1.000000
4091 RZPIHalf 4174 1.000000
4091 S 4173 1.000000
4091 X 4071 0.996905
4091 X 4091 0.001032
4091 X 4092 0.001032
4091 X 4082 0.001032
4092 SX 4079 0.996905
4092 SX 4078 0.001032
4092 SX 4077 0.001032
4092 SX 4076 0.001032
4092 RZPI 4092 1.000000
4092 RZ3PI 4091 1.000000
4092 RZPIHalf 4173 1.000000
4092 S 4174 1.000000
4092 X 4082 0.996905
4092 X 4092 0.001032
4092 X 4091 0.001032
4092 X 4071 0.001032
4100 SX 4215 0.996905
4100 SX 4216 0.001032
4100 SX 4217 0.001032
4100 SX 4218 0.001032
4100 RZPI 4100 1.000000
4100 RZ3PI 4102 1.000000
4100 RZPIHalf 4079 1.000000
4100 S 4076 1.000000
4100 X 4116 0.996905
4100 X 4100 0.001032
4100 X 4102 0.001032
4100 X 4114 0.001032
4102 SX 4217 0.996905
4102 SX 4218 0.001032
4102 SX 4215 0.001032
4102 SX 4216 0.001032
4102 RZPI 4102 1.000000
4102 RZ3PI 4100 1.000000
4102 RZPIHalf 4076 1.000000
4102 S 4079 1.000000
4102 X 4114 0.996905
4102 X 4102 0.001032
4102 X 4100 0.001032
4102 X 4116 0.001032
4114 SX 4218 0.996905
4114 SX 4217 0.001032
4114 SX 4216 0.001032
4114 SX 4215 0.001032
4114 RZPI 4114 1.000000
4114 RZ3PI 4116 1.000000
4114 RZPIHalf 4078 1.000000
4114 S 4077 1.000000
4114 X 4102 0.996905
4114 X 4114 0.001032
4114 X 4116 0.001032
4114 X 4100 0.001032
4116 SX 4216 0.996905
4116 SX 4215 0.001032
4116 SX 4218 0.001032
4116 SX 4217 0.001032
4116 RZPI 4116 1.000000
4116 RZ3PI 4114 1.000000
4116 RZPIHalf 4077 1.000000
4116 S 4078 1.000000
4116 X 4100 0.996905
4116 X 4116 0.001032
4116 X 4114 0.001032
4116 X 4102 0.001032
4161 SX 4173 0.996905
4161 SX 4084 0.001032
4161 SX 4086 0.001032
4161 SX 4174 0.001032
4161 RZPI 4161 1.000000
4161 RZ3PI 4164 1.000000
4161 RZPIHalf 4215 1.000000
4161 S 4218 1.000000
4161 X 4162 0.996905
4161 X 4161 0.001032
4161 X 4164 0.001032
4161 X 4163 0.001032
4162 SX 4084 0.996905
4162 SX 4173 0.001032
4162 SX 4174 0.001032
4162 SX 4086 0.001032
4162 RZPI 4162 1.000000
4162 RZ3PI 4163 1.000000
4162 RZPIHalf 4217 1.000000
4162 S 4216 1.000000
4162 X 4161 0.996905
4162 X 4162 0.001032
4162 X 4163 0.001032
4162 X 4164 0.001032
4163 SX 4174 0.996905
4163 SX 4086 0.001032
4163 SX 4084 0.001032
4163 SX 4173 0.001032
4163 RZPI 4163 1.000000
4163 RZ3PI 4162 1.000000
4163 RZPIHalf 4216 1.000000
4163 S 4217 1.000000
4163 X 4164 0.996905
4163 X 4163 0.001032
4163 X 4162 0.001032
4163 X 4161 0.001032
4164 SX 4086 0.996905
4164 SX 4174 0.001032
4164 SX 4173 0.001032
4164 SX 4084 0.001032
4164 RZPI 4164 1.000000
4164 RZ3PI 4161 1.000000
4164 RZPIHalf 4218 1.000000
4164 S 4215 1.000000
4164 X 4163 0.996905
4164 X 4164 0.001032
4164 X 4161 0.001032
4164 X 4162 0.001032
4173 SX 4162 0.996905
4173 SX 4161 0.001032
4173 SX 4164 0.001032
4173 SX 4163 0.001032
4173 RZPI 4173 1.000000
4173 RZ3PI 4174 1.000000
4173 RZPIHalf 4091 1.000000
4173 S 4092 1.000000
4173 X 4084 0.996905
4173 X 4173 0.001032
4173 X 4174 0.001032
4173 X 4086 0.001032
4174 SX 4164 0.996905
4174 SX 4163 0.001032
4174 SX 4162 0.001032
4174 SX 4161 0.001032
4174 RZPI 4174 1.000000
4174 RZ3PI 4173 1.000000
4174 RZPIHalf 4092 1.000000
4174 S 4091 1.000000
4174 X 4086 0.996905
4174 X 4174 0.001032
4174 X 4173 0.001032
4174 X 4084 0.001032
4215 SX 4116 0.996905
4215 SX 4100 0.001032
4215 SX 4102 0.001032
4215 SX 4114 0.001032
4215 RZPI 4215 1.000000
4215 RZ3PI 4218 1.000000
4215 RZPIHalf 4164 1.000000
4215 S 4161 1.000000
4215 X 4216 0.996905
4215 X 4215 0.001032
4215 X 4218 0.001032
4215 X 4217 0.001032
4216 SX 4100 0.996905
4216 SX 4116 0.001032
4216 SX 4114 0.001032
4216 SX 4102 0.001032
4216 RZPI 4216 1.000000
4216 RZ3PI 4217 1.000000
4216 RZPIHalf 4162 1.000000
4216 S 4163 1.000000
4216 X 4215 0.996905
4216 X 4216 0.001032
4216 X 4217 0.001032
4216 X 4218 0.001032
4217 SX 4114 0.996905
4217 SX 4102 0.001032
4217 SX 4100 0.001032
4217 SX 4116 0.001032
4217 RZPI 4217 1.000000
4217 RZ3PI 4216 1.000000
4217 RZPIHalf 4163 1.000000
4217 S 4162 1.000000
4217 X 4218 0.996905
4217 X 4217 0.001032
4217 X 4216 0.001032
4217 X 4215 0.001032
4218 SX 4102 0.996905
4218 SX 4114 0.001032
4218 SX 4116 0.001032
4218 SX 4100 0.001032
4218 RZPI 4218 1.000000
4218 RZ3PI 4215 1.000000
4218 RZPIHalf 4161 1.000000
4218 S 4164 1.000000
4218 X 4217 0.996905
4218 X 4218 0.001032
4218 X 4215 0.001032
4218 X 4216 0.001032
ENDPOMDP
