BEGINPOMDP
INITIALSTATE: 6574
STATES: 6665,6666,6667,6668,6677,6678,6574,6575,6580,6581,6582,6583,6586,6588,6590,6719,6720,6721,6722,6595,6596,6604,6606,6618,6620
REWARDS: 6665:0,6666:0,6667:0,6668:0,6677:0,6678:0,6574:0,6575:0,6580:0,6581:0,6582:0,6583:0,6586:0,6588:0,6590:0,6719:0,6720:0,6721:0,6722:0,6595:0,6596:1,6604:0,6606:0,6618:0,6620:0
GAMMA: 6665:0,6666:0,6667:0,6668:0,6677:0,6678:0,6574:0,6575:0,6580:0,6581:0,6582:0,6583:0,6586:0,6588:0,6590:0,6719:0,6720:0,6721:0,6722:0,6595:0,6596:0,6604:0,6606:0,6618:0,6620:0
BEGINACTIONS
SX
RZPI
RZ3PI
RZPIHalf
S
X
ENDACTIONS
6574 INIT_ 6575 1.000000
6575 SX 6580 0.999637
6575 SX 6581 0.000121
6575 SX 6582 0.000121
6575 SX 6583 0.000121
6575 RZPI 6575 1.000000
6575 RZ3PI 6586 1.000000
6575 RZPIHalf 6588 1.000000
6575 S 6590 1.000000
6575 X 6595 0.999637
6575 X 6575 0.000121
6575 X 6586 0.000121
6575 X 6596 0.000121
6580 SX 6595 0.999637
6580 SX 6575 0.000121
6580 SX 6586 0.000121
6580 SX 6596 0.000121
6580 RZPI 6580 1.000000
6580 RZ3PI 6583 1.000000
6580 RZPIHalf 6604 1.000000
6580 S 6606 1.000000
6580 X 6581 0.999637
6580 X 6580 0.000121
6580 X 6583 0.000121
6580 X 6582 0.000121
6581 SX 6575 0.999637
6581 SX 6595 0.000121
6581 SX 6596 0.000121
6581 SX 6586 0.000121
6581 RZPI 6581 1.000000
6581 RZ3PI 6582 1.000000
6581 RZPIHalf 6618 1.000000
6581 S 6620 1.000000
6581 X 6580 0.999637
6581 X 6581 0.000121
6581 X 6582 0.000121
6581 X 6583 0.000121
6582 SX 6596 0.999637
6582 SX 6586 0.000121
6582 SX 6575 0.000121
6582 SX 6595 0.000121
6582 RZPI 6582 1.000000
6582 RZ3PI 6581 1.000000
6582 RZPIHalf 6620 1.000000
6582 S 6618 1.000000
6582 X 6583 0.999637
6582 X 6582 0.000121
6582 X 6581 0.000121
6582 X 6580 0.000121
6583 SX 6586 0.999637
6583 SX 6596 0.000121
6583 SX 6595 0.000121
6583 SX 6575 0.000121
6583 RZPI 6583 1.000000
6583 RZ3PI 6580 1.000000
6583 RZPIHalf 6606 1.000000
6583 S 6604 1.000000
6583 X 6582 0.999637
6583 X 6583 0.000121
6583 X 6580 0.000121
6583 X 6581 0.000121
6586 SX 6582 0.999637
6586 SX 6583 0.000121
6586 SX 6580 0.000121
6586 SX 6581 0.000121
6586 RZPI 6586 1.000000
6586 RZ3PI 6575 1.000000
6586 RZPIHalf 6590 1.000000
6586 S 6588 1.000000
6586 X 6596 0.999637
6586 X 6586 0.000121
6586 X 6575 0.000121
6586 X 6595 0.000121
6588 SX 6665 0.999637
6588 SX 6666 0.000121
6588 SX 6667 0.000121
6588 SX 6668 0.000121
6588 RZPI 6588 1.000000
6588 RZ3PI 6590 1.000000
6588 RZPIHalf 6586 1.000000
6588 S 6575 1.000000
6588 X 6677 0.999637
6588 X 6588 0.000121
6588 X 6590 0.000121
6588 X 6678 0.000121
6590 SX 6667 0.999637
6590 SX 6668 0.000121
6590 SX 6665 0.000121
6590 SX 6666 0.000121
6590 RZPI 6590 1.000000
6590 RZ3PI 6588 1.000000
6590 RZPIHalf 6575 1.000000
6590 S 6586 1.000000
6590 X 6678 0.999637
6590 X 6590 0.000121
6590 X 6588 0.000121
6590 X 6677 0.000121
6595 SX 6581 0.999637
6595 SX 6580 0.000121
6595 SX 6583 0.000121
6595 SX 6582 0.000121
6595 RZPI 6595 1.000000
6595 RZ3PI 6596 1.000000
6595 RZPIHalf 6678 1.000000
6595 S 6677 1.000000
6595 X 6575 0.999637
6595 X 6595 0.000121
6595 X 6596 0.000121
6595 X 6586 0.000121
6596 SX 6583 0.999637
6596 SX 6582 0.000121
6596 SX 6581 0.000121
6596 SX 6580 0.000121
6596 RZPI 6596 1.000000
6596 RZ3PI 6595 1.000000
6596 RZPIHalf 6677 1.000000
6596 S 6678 1.000000
6596 X 6586 0.999637
6596 X 6596 0.000121
6596 X 6595 0.000121
6596 X 6575 0.000121
6604 SX 6719 0.999637
6604 SX 6720 0.000121
6604 SX 6721 0.000121
6604 SX 6722 0.000121
6604 RZPI 6604 1.000000
6604 RZ3PI 6606 1.000000
6604 RZPIHalf 6583 1.000000
6604 S 6580 1.000000
6604 X 6620 0.999637
6604 X 6604 0.000121
6604 X 6606 0.000121
6604 X 6618 0.000121
6606 SX 6721 0.999637
6606 SX 6722 0.000121
6606 SX 6719 0.000121
6606 SX 6720 0.000121
6606 RZPI 6606 1.000000
6606 RZ3PI 6604 1.000000
6606 RZPIHalf 6580 1.000000
6606 S 6583 1.000000
6606 X 6618 0.999637
6606 X 6606 0.000121
6606 X 6604 0.000121
6606 X 6620 0.000121
6618 SX 6722 0.999637
6618 SX 6721 0.000121
6618 SX 6720 0.000121
6618 SX 6719 0.000121
6618 RZPI 6618 1.000000
6618 RZ3PI 6620 1.000000
6618 RZPIHalf 6582 1.000000
6618 S 6581 1.000000
6618 X 6606 0.999637
6618 X 6618 0.000121
6618 X 6620 0.000121
6618 X 6604 0.000121
6620 SX 6720 0.999637
6620 SX 6719 0.000121
6620 SX 6722 0.000121
6620 SX 6721 0.000121
6620 RZPI 6620 1.000000
6620 RZ3PI 6618 1.000000
6620 RZPIHalf 6581 1.000000
6620 S 6582 1.000000
6620 X 6604 0.999637
6620 X 6620 0.000121
6620 X 6618 0.000121
6620 X 6606 0.000121
6665 SX 6677 0.999637
6665 SX 6588 0.000121
6665 SX 6590 0.000121
6665 SX 6678 0.000121
6665 RZPI 6665 1.000000
6665 RZ3PI 6668 1.000000
6665 RZPIHalf 6719 1.000000
6665 S 6722 1.000000
6665 X 6666 0.999637
6665 X 6665 0.000121
6665 X 6668 0.000121
6665 X 6667 0.000121
6666 SX 6588 0.999637
6666 SX 6677 0.000121
6666 SX 6678 0.000121
6666 SX 6590 0.000121
6666 RZPI 6666 1.000000
6666 RZ3PI 6667 1.000000
6666 RZPIHalf 6721 1.000000
6666 S 6720 1.000000
6666 X 6665 0.999637
6666 X 6666 0.000121
6666 X 6667 0.000121
6666 X 6668 0.000121
6667 SX 6678 0.999637
6667 SX 6590 0.000121
6667 SX 6588 0.000121
6667 SX 6677 0.000121
6667 RZPI 6667 1.000000
6667 RZ3PI 6666 1.000000
6667 RZPIHalf 6720 1.000000
6667 S 6721 1.000000
6667 X 6668 0.999637
6667 X 6667 0.000121
6667 X 6666 0.000121
6667 X 6665 0.000121
6668 SX 6590 0.999637
6668 SX 6678 0.000121
6668 SX 6677 0.000121
6668 SX 6588 0.000121
6668 RZPI 6668 1.000000
6668 RZ3PI 6665 1.000000
6668 RZPIHalf 6722 1.000000
6668 S 6719 1.000000
6668 X 6667 0.999637
6668 X 6668 0.000121
6668 X 6665 0.000121
6668 X 6666 0.000121
6677 SX 6666 0.999637
6677 SX 6665 0.000121
6677 SX 6668 0.000121
6677 SX 6667 0.000121
6677 RZPI 6677 1.000000
6677 RZ3PI 6678 1.000000
6677 RZPIHalf 6595 1.000000
6677 S 6596 1.000000
6677 X 6588 0.999637
6677 X 6677 0.000121
6677 X 6678 0.000121
6677 X 6590 0.000121
6678 SX 6668 0.999637
6678 SX 6667 0.000121
6678 SX 6666 0.000121
6678 SX 6665 0.000121
6678 RZPI 6678 1.000000
6678 RZ3PI 6677 1.000000
6678 RZPIHalf 6596 1.000000
6678 S 6595 1.000000
6678 X 6590 0.999637
6678 X 6678 0.000121
6678 X 6677 0.000121
6678 X 6588 0.000121
6719 SX 6620 0.999637
6719 SX 6604 0.000121
6719 SX 6606 0.000121
6719 SX 6618 0.000121
6719 RZPI 6719 1.000000
6719 RZ3PI 6722 1.000000
6719 RZPIHalf 6668 1.000000
6719 S 6665 1.000000
6719 X 6720 0.999637
6719 X 6719 0.000121
6719 X 6722 0.000121
6719 X 6721 0.000121
6720 SX 6604 0.999637
6720 SX 6620 0.000121
6720 SX 6618 0.000121
6720 SX 6606 0.000121
6720 RZPI 6720 1.000000
6720 RZ3PI 6721 1.000000
6720 RZPIHalf 6666 1.000000
6720 S 6667 1.000000
6720 X 6719 0.999637
6720 X 6720 0.000121
6720 X 6721 0.000121
6720 X 6722 0.000121
6721 SX 6618 0.999637
6721 SX 6606 0.000121
6721 SX 6604 0.000121
6721 SX 6620 0.000121
6721 RZPI 6721 1.000000
6721 RZ3PI 6720 1.000000
6721 RZPIHalf 6667 1.000000
6721 S 6666 1.000000
6721 X 6722 0.999637
6721 X 6721 0.000121
6721 X 6720 0.000121
6721 X 6719 0.000121
6722 SX 6606 0.999637
6722 SX 6618 0.000121
6722 SX 6620 0.000121
6722 SX 6604 0.000121
6722 RZPI 6722 1.000000
6722 RZ3PI 6719 1.000000
6722 RZPIHalf 6665 1.000000
6722 S 6668 1.000000
6722 X 6721 0.999637
6722 X 6722 0.000121
6722 X 6719 0.000121
6722 X 6720 0.000121
ENDPOMDP
